
 The 6X6 Mass Matrix
 ========================================================

     4.3036380000E+02    0.0000000000E+00    0.0000000000E+00    0.0000000000E+00   -4.2188474936E-15    1.6401324743E-12
     0.0000000000E+00    4.3036380000E+02    0.0000000000E+00    4.2188474936E-15    0.0000000000E+00    0.0000000000E+00
     0.0000000000E+00    0.0000000000E+00    4.3036380000E+02   -1.6401324743E-12    0.0000000000E+00    0.0000000000E+00
     0.0000000000E+00    4.2188474936E-15   -1.6401324743E-12    3.5397270905E+02    0.0000000000E+00    0.0000000000E+00
    -4.2188474936E-15    0.0000000000E+00    0.0000000000E+00    0.0000000000E+00    2.3450951168E+02    8.3266726847E-16
     1.6401324743E-12    0.0000000000E+00    0.0000000000E+00    0.0000000000E+00    8.3266726847E-16    1.1946319737E+02

 The Mass Center of the Cross Section
 ========================================================

  Xm2 =   -3.8110372533E-15
  Xm3 =   -9.8029794643E-18

 The 6X6 Mass Matrix at the Mass Center
 ========================================================

   4.303638000000E+02  0.000000000000E+00  0.000000000000E+00  0.000000000000E+00  0.000000000000E+00  0.000000000000E+00
   0.000000000000E+00  4.303638000000E+02  0.000000000000E+00  0.000000000000E+00  0.000000000000E+00  0.000000000000E+00
   0.000000000000E+00  0.000000000000E+00  4.303638000000E+02  0.000000000000E+00  0.000000000000E+00  0.000000000000E+00
   0.000000000000E+00  0.000000000000E+00  0.000000000000E+00  3.539727090514E+02  0.000000000000E+00  0.000000000000E+00
   0.000000000000E+00  0.000000000000E+00  0.000000000000E+00  0.000000000000E+00  2.345095116778E+02  8.326672684689E-16
   0.000000000000E+00  0.000000000000E+00  0.000000000000E+00  0.000000000000E+00  8.326672684689E-16  1.194631973736E+02

 The Mass Properties with respect to Principal Inertial Axes
 ========================================================

 Mass Per Unit Span                     =    4.3036380000E+02
 Mass Moments of Intertia about x1 axis =    3.5397270905E+02
 Mass Moments of Intertia about x2 axis =    2.3450951168E+02
 Mass Moments of Intertia about x3 axis =    1.1946319737E+02
 The user coordinate axes are the principal inertial axes.
 The mass-weighted radius of gyration   =    9.0691591471E-01

 The Geometric Center of the Cross Section
 ========================================================

  Xg2 =    8.5671279884E-15
  Xg3 =   -3.2160831020E-17

 Classical Stiffness Matrix (1-extension; 2-twist; 3,4-bending)
 ========================================================

     8.0297159862E+09    7.6400057482E+03   -4.2167030363E+00    6.5531272734E-01
     7.6400057482E+03    2.1966363197E+08    5.8632504643E-02   -1.6093155388E-04
    -4.2167030363E+00    5.8632504643E-02    4.8043530102E+09   -4.2989391902E-01
     6.5531272734E-01   -1.6093155388E-04   -4.2989391902E-01    1.7573157044E+09

 Classical Flexibility Matrix (1-extension; 2-twist; 3,4-bending)
 ========================================================

     1.2453740602E-10   -4.3314703001E-15    1.0930452257E-19   -4.6440686579E-20
    -4.3314703001E-15    4.5524149404E-09   -5.5561644634E-20    4.1851652049E-22
     1.0930452257E-19   -5.5561644634E-20    2.0814457178E-10    5.0918617179E-20
    -4.6440686579E-20    4.1851652049E-22    5.0918617179E-20    5.6904971457E-10

 The Neutral Axes (or Tension Center) of the Cross Section
 ========================================================

  Xt2 =   -8.1610947895E-11
  Xt3 =   -5.2513751208E-10

 Timoshenko Stiffness Matrix (1-extension; 2,3-shear, 4-twist; 5,6-bending)
 ========================================================

     8.0297159862E+09    4.2458821171E-02   -2.3917511243E-04    7.6400057482E+03   -4.2167031244E+00    6.5531273747E-01
     4.2458821171E-02    4.0243973675E+08    5.9768848144E-02    2.9151584695E-01   -8.3533960166E+02    7.7100912190E-04
    -2.3917511243E-04    5.9768848144E-02    9.9296924627E+07    1.5083849639E-01    6.5458768742E-04   -4.2052590222E+03
     7.6400057482E+03    2.9151584695E-01    1.5083849639E-01    2.1966363197E+08    5.8631899547E-02   -1.6731961569E-04
    -4.2167031244E+00   -8.3533960166E+02    6.5458768742E-04    5.8631899547E-02    4.8043530102E+09   -4.2989394835E-01
     6.5531273747E-01    7.7100912190E-04   -4.2052590222E+03   -1.6731961569E-04   -4.2989394835E-01    1.7573157046E+09

 Timoshenko Flexibility Matrix (1-extension; 2,3-shear, 4-twist; 5,6-bending)
 ========================================================

     1.2453740602E-10   -1.3135774055E-20    3.0458452028E-22   -4.3314703001E-15    1.0930452257E-19   -4.6440686579E-20
    -1.3135774055E-20    2.4848440864E-09   -1.4956784795E-18   -3.2976389703E-18    4.3204332923E-16   -1.0936802230E-21
     3.0458452028E-22   -1.4956784795E-18    1.0070805353E-08   -6.9154148147E-18   -1.3702394385E-21    2.4099451773E-14
    -4.3314703001E-15   -3.2976389703E-18   -6.9154148147E-18    4.5524149404E-09   -5.5561644634E-20    4.1851652049E-22
     1.0930452257E-19    4.3204332923E-16   -1.3702394385E-21   -5.5561644634E-20    2.0814457178E-10    5.0918617179E-20
    -4.6440686579E-20   -1.0936802230E-21    2.4099451773E-14    4.1851652049E-22    5.0918617179E-20    5.6904971457E-10

 The Generalized Shear Center of the Cross Section in the User Coordinate System
 ========================================================

  Xs2 =    1.5190651347E-09
  Xs3 =   -7.2437135311E-10
