
 The 6X6 Mass Matrix
 ========================================================

     6.7822760000E+01    0.0000000000E+00    0.0000000000E+00    0.0000000000E+00    8.6736173799E-17    1.0505485371E-14
     0.0000000000E+00    6.7822760000E+01    0.0000000000E+00   -8.6736173799E-17    0.0000000000E+00    0.0000000000E+00
     0.0000000000E+00    0.0000000000E+00    6.7822760000E+01   -1.0505485371E-14    0.0000000000E+00    0.0000000000E+00
     0.0000000000E+00   -8.6736173799E-17   -1.0505485371E-14    2.2714459314E+01    0.0000000000E+00    0.0000000000E+00
     8.6736173799E-17    0.0000000000E+00    0.0000000000E+00    0.0000000000E+00    1.6535885242E+00   -1.0408340856E-17
     1.0505485371E-14    0.0000000000E+00    0.0000000000E+00    0.0000000000E+00   -1.0408340856E-17    2.1060870789E+01

 The Mass Center of the Cross Section
 ========================================================

  Xm2 =   -1.5489616422E-16
  Xm3 =    1.2788652924E-18

 The Mass Properties with respect to Principal Inertial Axes
 ========================================================

 Mass Per Unit Span                     =    6.7822760000E+01
 Mass Moments of Intertia about x1 axis =    2.2714459314E+01
 Mass Moments of Intertia about x2 axis =    1.6535885242E+00
 Mass Moments of Intertia about x3 axis =    2.1060870789E+01
 The user coordinate axes are the principal inertial axes.
 The mass-weighted radius of gyration   =    5.7871331166E-01

 The Geometric Center of the Cross Section
 ========================================================

  Xg2 =    2.6506511321E-15
  Xg3 =    2.2210789549E-17

 Classical Stiffness Matrix (1-extension; 2-twist; 3,4-bending)
 ========================================================

     1.1880468631E+09    3.1219349689E+02    3.8984483354E-02    3.5235835182E+01
     3.1219349689E+02    7.0771419371E+06    5.0884999534E-04   -1.7866251262E-01
     3.8984483354E-02    5.0884999534E-04    3.2993651469E+07   -3.1501238983E-03
     3.5235835182E+01   -1.7866251262E-01   -3.1501238983E-03    2.7685994185E+08

 Classical Flexibility Matrix (1-extension; 2-twist; 3,4-bending)
 ========================================================

     8.4171763850E-10   -3.7130634840E-14   -9.9455220169E-19   -1.0712503375E-16
    -3.7130634840E-14    1.4129997800E-07   -2.1791781795E-18    9.1188047148E-17
    -9.9455220169E-19   -2.1791781795E-18    3.0308861114E-08    3.4485560367E-19
    -1.0712503375E-16    9.1188047148E-17    3.4485560367E-19    3.6119345880E-09

 The Neutral Axes (or Tension Center) of the Cross Section
 ========================================================

  Xt2 =   -2.9658630614E-08
  Xt3 =    3.2813908373E-11

 Timoshenko Stiffness Matrix (1-extension; 2,3-shear, 4-twist; 5,6-bending)
 ========================================================

     1.1880468631E+09   -2.0091645396E-03    3.7471313509E-01    3.1219349693E+02    3.8984483630E-02    3.5235826454E+01
    -2.0091645396E-03    6.2000242241E+07    1.1673845279E-03    1.0939635435E-03   -8.2992764768E+00    1.0744493364E-04
     3.7471313509E-01    1.1673845279E-03    6.7750812331E+06    6.8954443407E-01    1.2726824925E-04   -1.5781409214E+02
     3.1219349693E+02    1.0939635435E-03    6.8954443407E-01    7.0771419371E+06    5.0884986186E-04   -1.7867857439E-01
     3.8984483630E-02   -8.2992764768E+00    1.2726824925E-04    5.0884986186E-04    3.2993651469E+07   -3.1501268772E-03
     3.5235826454E+01    1.0744493364E-04   -1.5781409214E+02   -1.7867857439E-01   -3.1501268772E-03    2.7685994186E+08

 Timoshenko Flexibility Matrix (1-extension; 2,3-shear, 4-twist; 5,6-bending)
 ========================================================

     8.4171763850E-10    2.7277017022E-20   -4.6552055532E-17   -3.7130634840E-14   -9.9455220169E-19   -1.0712503375E-16
     2.7277017022E-20    1.6128969240E-08   -2.7791119088E-18   -2.4931692998E-18    4.0571070207E-15   -6.2609391134E-21
    -4.6552055532E-17   -2.7791119088E-18    1.4759970628E-07   -1.4381020937E-14   -5.6933695640E-19    8.4133925225E-14
    -3.7130634840E-14   -2.4931692998E-18   -1.4381020937E-14    1.4129997800E-07   -2.1791781795E-18    9.1188047148E-17
    -9.9455220169E-19    4.0571070207E-15   -5.6933695640E-19   -2.1791781795E-18    3.0308861114E-08    3.4485560367E-19
    -1.0712503375E-16   -6.2609391134E-21    8.4133925225E-14    9.1188047148E-17    3.4485560367E-19    3.6119345880E-09

 The Generalized Shear Center of the Cross Section in the User Coordinate System
 ========================================================

  Xs2 =    1.0177652637E-07
  Xs3 =   -1.7644513008E-11
