
 The 6X6 Mass Matrix
 ========================================================

     3.2012857600E+02    0.0000000000E+00    0.0000000000E+00    0.0000000000E+00    2.6988394158E-14    1.0404061239E-12
     0.0000000000E+00    3.2012857600E+02    0.0000000000E+00   -2.6988394158E-14    0.0000000000E+00    0.0000000000E+00
     0.0000000000E+00    0.0000000000E+00    3.2012857600E+02   -1.0404061239E-12    0.0000000000E+00    0.0000000000E+00
     0.0000000000E+00   -2.6988394158E-14   -1.0404061239E-12    3.6103381670E+02    0.0000000000E+00    0.0000000000E+00
     2.6988394158E-14    0.0000000000E+00    0.0000000000E+00    0.0000000000E+00    2.5204980944E+02    3.6538968465E-15
     1.0404061239E-12    0.0000000000E+00    0.0000000000E+00    0.0000000000E+00    3.6538968465E-15    1.0898400726E+02

 The Mass Center of the Cross Section
 ========================================================

  Xm2 =   -3.2499633019E-15
  Xm3 =    8.4304858053E-17

 The 6X6 Mass Matrix at the Mass Center
 ========================================================

   3.201285760000E+02  0.000000000000E+00  0.000000000000E+00  0.000000000000E+00  0.000000000000E+00  0.000000000000E+00
   0.000000000000E+00  3.201285760000E+02  0.000000000000E+00  0.000000000000E+00  0.000000000000E+00  0.000000000000E+00
   0.000000000000E+00  0.000000000000E+00  3.201285760000E+02  0.000000000000E+00  0.000000000000E+00  0.000000000000E+00
   0.000000000000E+00  0.000000000000E+00  0.000000000000E+00  3.610338167005E+02  0.000000000000E+00  0.000000000000E+00
   0.000000000000E+00  0.000000000000E+00  0.000000000000E+00  0.000000000000E+00  2.520498094377E+02  3.653896846548E-15
   0.000000000000E+00  0.000000000000E+00  0.000000000000E+00  0.000000000000E+00  3.653896846548E-15  1.089840072628E+02

 The Mass Properties with respect to Principal Inertial Axes
 ========================================================

 Mass Per Unit Span                     =    3.2012857600E+02
 Mass Moments of Intertia about x1 axis =    3.6103381670E+02
 Mass Moments of Intertia about x2 axis =    2.5204980944E+02
 Mass Moments of Intertia about x3 axis =    1.0898400726E+02
 The user coordinate axes are the principal inertial axes.
 The mass-weighted radius of gyration   =    1.0619687077E+00

 The Geometric Center of the Cross Section
 ========================================================

  Xg2 =    1.5484286938E-14
  Xg3 =    1.1900546361E-17

 Classical Stiffness Matrix (1-extension; 2-twist; 3,4-bending)
 ========================================================

     5.1541949603E+09    1.2979422706E+04   -1.4089680954E+00    2.9458839859E-01
     1.2979422706E+04    2.8132922601E+08    1.5742511256E+00    1.0120174711E-02
    -1.4089680954E+00    1.5742511256E+00    4.7517622547E+09   -8.7828741783E-02
     2.9458839859E-01    1.0120174711E-02   -8.7828741783E-02    1.2879068409E+09

 Classical Flexibility Matrix (1-extension; 2-twist; 3,4-bending)
 ========================================================

     1.9401671994E-10   -8.9511674835E-15    5.7531805063E-20   -4.4378197565E-20
    -8.9511674835E-15    3.5545542647E-09   -1.1776207150E-18   -2.7929095669E-20
     5.7531805063E-20   -1.1776207150E-18    2.1044823928E-10    1.4351507015E-20
    -4.4378197565E-20   -2.7929095669E-20    1.4351507015E-20    7.7645367523E-10

 The Neutral Axes (or Tension Center) of the Cross Section
 ========================================================

  Xt2 =   -5.7154984238E-11
  Xt3 =   -2.7337745975E-10

 Timoshenko Stiffness Matrix (1-extension; 2,3-shear, 4-twist; 5,6-bending)
 ========================================================

     5.1541949603E+09   -1.1050635544E-02   -1.2557373580E-01    1.2979422706E+04   -1.4089680355E+00    2.9459254581E-01
    -1.1050635544E-02    2.7210204971E+08    8.5330895509E-02    8.9590363910E-01   -1.4763171822E+03    5.8615596201E-03
    -1.2557373580E-01    8.5330895509E-02    1.2848244050E+08   -2.8486065401E-02    6.3410332839E-02   -4.2432827913E+03
     1.2979422706E+04    8.9590363910E-01   -2.8486065401E-02    2.8132922601E+08    1.5742462647E+00    1.0121115516E-02
    -1.4089680355E+00   -1.4763171822E+03    6.3410332839E-02    1.5742462647E+00    4.7517622547E+09   -8.7830867801E-02
     2.9459254581E-01    5.8615596201E-03   -4.2432827913E+03    1.0121115516E-02   -8.7830867801E-02    1.2879068411E+09

 Timoshenko Flexibility Matrix (1-extension; 2,3-shear, 4-twist; 5,6-bending)
 ========================================================

     1.9401671994E-10    7.9092104101E-21    1.8962093916E-19   -8.9511674835E-15    5.7531805063E-20   -4.4378197565E-20
     7.9092104101E-21    3.6750917572E-09   -2.4407927904E-18   -1.1703476479E-17    1.1418082001E-15   -1.6734149807E-20
     1.8962093916E-19   -2.4407927904E-18    7.7831647361E-09    7.8807674724E-19   -1.0386344941E-19    2.5643290285E-14
    -8.9511674835E-15   -1.1703476479E-17    7.8807674724E-19    3.5545542647E-09   -1.1776207150E-18   -2.7929095669E-20
     5.7531805063E-20    1.1418082001E-15   -1.0386344941E-19   -1.1776207150E-18    2.1044823928E-10    1.4351507015E-20
    -4.4378197565E-20   -1.6734149807E-20    2.5643290285E-14   -2.7929095669E-20    1.4351507015E-20    7.7645367523E-10

 The Generalized Shear Center of the Cross Section in the User Coordinate System
 ========================================================

  Xs2 =   -2.2170902131E-10
  Xs3 =   -3.2925299792E-09
