
 The 6X6 Mass Matrix
 ========================================================

     2.7516184000E+02    0.0000000000E+00    0.0000000000E+00    0.0000000000E+00   -1.4183099140E-14   -1.3630763185E-13
     0.0000000000E+00    2.7516184000E+02    0.0000000000E+00    1.4183099140E-14    0.0000000000E+00    0.0000000000E+00
     0.0000000000E+00    0.0000000000E+00    2.7516184000E+02    1.3630763185E-13    0.0000000000E+00    0.0000000000E+00
     0.0000000000E+00    1.4183099140E-14    1.3630763185E-13    8.2844454895E+01    0.0000000000E+00    0.0000000000E+00
    -1.4183099140E-14    0.0000000000E+00    0.0000000000E+00    0.0000000000E+00    1.7820790173E+01   -3.0531133177E-16
    -1.3630763185E-13    0.0000000000E+00    0.0000000000E+00    0.0000000000E+00   -3.0531133177E-16    6.5023664722E+01

 The Mass Center of the Cross Section
 ========================================================

  Xm2 =    4.9537258454E-16
  Xm3 =   -5.1544571513E-17

 The Mass Properties with respect to Principal Inertial Axes
 ========================================================

 Mass Per Unit Span                     =    2.7516184000E+02
 Mass Moments of Intertia about x1 axis =    8.2844454895E+01
 Mass Moments of Intertia about x2 axis =    1.7820790173E+01
 Mass Moments of Intertia about x3 axis =    6.5023664722E+01
 The user coordinate axes are the principal inertial axes.
 The mass-weighted radius of gyration   =    5.4870336035E-01

 The Geometric Center of the Cross Section
 ========================================================

  Xg2 =    2.7245409635E-15
  Xg3 =   -4.6183756593E-17

 Classical Stiffness Matrix (1-extension; 2-twist; 3,4-bending)
 ========================================================

     5.5263898708E+09    1.4081896752E+03   -1.9001667420E-01    1.4293298075E-01
     1.4081896752E+03    4.3614373833E+07    3.3594872299E-04   -2.6520170827E-04
    -1.9001667420E-01    3.3594872299E-04    3.7545275581E+08   -2.3615247238E-01
     1.4293298075E-01   -2.6520170827E-04   -2.3615247238E-01    1.1233922267E+09

 Classical Flexibility Matrix (1-extension; 2-twist; 3,4-bending)
 ========================================================

     1.8094995528E-10   -5.8423825991E-15    9.1578794205E-20   -2.3022874279E-20
    -5.8423825991E-15    2.2928220954E-08   -2.0518737923E-20    5.4134595951E-21
     9.1578794205E-20   -2.0518737923E-20    2.6634509523E-09    5.5989396443E-19
    -2.3022874279E-20    5.4134595951E-21    5.5989396443E-19    8.9016104633E-10

 The Neutral Axes (or Tension Center) of the Cross Section
 ========================================================

  Xt2 =   -2.5863718024E-11
  Xt3 =   -3.4383510663E-11

 Timoshenko Stiffness Matrix (1-extension; 2,3-shear, 4-twist; 5,6-bending)
 ========================================================

     5.5263898708E+09    1.4536788786E-03    5.5961641273E-04    1.4081896752E+03   -1.9001667450E-01    1.4293296137E-01
     1.4536788786E-03    2.9113045760E+08    1.2817845529E-02   -1.1082882314E-02   -6.0375320944E+01    2.6075581622E-05
     5.5961641273E-04    1.2817845529E-02    2.5021276571E+07    1.6145509460E-02   -2.5625283558E-04   -8.6640235046E+02
     1.4081896752E+03   -1.1082882314E-02    1.6145509460E-02    4.3614373833E+07    3.3595102122E-04   -2.6576077277E-04
    -1.9001667450E-01   -6.0375320944E+01   -2.5625283558E-04    3.3595102122E-04    3.7545275581E+08   -2.3615246352E-01
     1.4293296137E-01    2.6075581622E-05   -8.6640235046E+02   -2.6576077277E-04   -2.3615246352E-01    1.1233922268E+09

 Timoshenko Flexibility Matrix (1-extension; 2,3-shear, 4-twist; 5,6-bending)
 ========================================================

     1.8094995528E-10   -9.0372663697E-22   -4.0440855752E-21   -5.8423825991E-15    9.1578794205E-20   -2.3022874279E-20
    -9.0372663697E-22    3.4348862302E-09   -1.7596160982E-18    8.7284162586E-19    5.5235274038E-16   -8.0969718137E-23
    -4.0440855752E-21   -1.7596160982E-18    3.9965986436E-08   -1.4794920607E-17    2.7296563818E-20    3.0823272372E-14
    -5.8423825991E-15    8.7284162586E-19   -1.4794920607E-17    2.2928220954E-08   -2.0518737923E-20    5.4134595951E-21
     9.1578794205E-20    5.5235274038E-16    2.7296563818E-20   -2.0518737923E-20    2.6634509523E-09    5.5989396443E-19
    -2.3022874279E-20   -8.0969718137E-23    3.0823272372E-14    5.4134595951E-21    5.5989396443E-19    8.9016104633E-10

 The Generalized Shear Center of the Cross Section in the User Coordinate System
 ========================================================

  Xs2 =    6.4527119820E-10
  Xs3 =    3.8068440967E-11
