
 The 6X6 Mass Matrix
 ========================================================

     2.2129272000E+02    0.0000000000E+00    0.0000000000E+00    0.0000000000E+00    1.0338951917E-14    3.2029934260E-14
     0.0000000000E+00    2.2129272000E+02    0.0000000000E+00   -1.0338951917E-14    0.0000000000E+00    0.0000000000E+00
     0.0000000000E+00    0.0000000000E+00    2.2129272000E+02   -3.2029934260E-14    0.0000000000E+00    0.0000000000E+00
     0.0000000000E+00   -1.0338951917E-14   -3.2029934260E-14    6.2861433105E+01    0.0000000000E+00    0.0000000000E+00
     1.0338951917E-14    0.0000000000E+00    0.0000000000E+00    0.0000000000E+00    1.0109819621E+01   -2.2204460493E-16
     3.2029934260E-14    0.0000000000E+00    0.0000000000E+00    0.0000000000E+00   -2.2204460493E-16    5.2751613484E+01

 The Mass Center of the Cross Section
 ========================================================

  Xm2 =   -1.4474011735E-16
  Xm3 =    4.6720705122E-17

 The Mass Properties with respect to Principal Inertial Axes
 ========================================================

 Mass Per Unit Span                     =    2.2129272000E+02
 Mass Moments of Intertia about x1 axis =    6.2861433105E+01
 Mass Moments of Intertia about x2 axis =    1.0109819621E+01
 Mass Moments of Intertia about x3 axis =    5.2751613484E+01
 The user coordinate axes are the principal inertial axes.
 The mass-weighted radius of gyration   =    5.3297713189E-01

 The Geometric Center of the Cross Section
 ========================================================

  Xg2 =   -1.0357840896E-15
  Xg3 =    1.0677427341E-18

 Classical Stiffness Matrix (1-extension; 2-twist; 3,4-bending)
 ========================================================

     4.4286089294E+09    9.0781078773E+02    4.8336629402E-02    2.9182572439E-03
     9.0781078773E+02    2.9395896789E+07   -8.5071614228E-05    3.4085514535E-06
     4.8336629402E-02   -8.5071614228E-05    2.1272058026E+08   -3.9072192139E-03
     2.9182572439E-03    3.4085514535E-06   -3.9072192139E-03    9.0344101944E+08

 Classical Flexibility Matrix (1-extension; 2-twist; 3,4-bending)
 ========================================================

     2.2580453952E-10   -6.9733472793E-15   -5.1309708370E-20   -7.2938431554E-22
    -6.9733472793E-15    3.4018353214E-08    1.3606268307E-20   -1.2832376959E-22
    -5.1309708370E-20    1.3606268307E-20    4.7010025959E-09    2.0330987051E-20
    -7.2938431554E-22   -1.2832376959E-22    2.0330987051E-20    1.1068791194E-09

 The Neutral Axes (or Tension Center) of the Cross Section
 ========================================================

  Xt2 =   -6.5895570939E-13
  Xt3 =    1.0914630937E-11

 Timoshenko Stiffness Matrix (1-extension; 2,3-shear, 4-twist; 5,6-bending)
 ========================================================

     4.4286089294E+09    1.2413087394E-03   -1.5393863827E-04    9.0781078773E+02    4.8336629228E-02    2.9182619559E-03
     1.2413087394E-03    2.3353251503E+08   -3.6799926484E-03   -9.9708364539E-04   -3.2658137761E+01   -6.7346627133E-05
    -1.5393863827E-04   -3.6799926484E-03    1.8448176737E+07   -7.3028194917E-04    2.6482479356E-05   -5.6468504636E+02
     9.0781078773E+02   -9.9708364539E-04   -7.3028194917E-04    2.9395896789E+07   -8.5071474792E-05    3.4309048442E-06
     4.8336629228E-02   -3.2658137761E+01    2.6482479356E-05   -8.5071474792E-05    2.1272058026E+08   -3.9072200151E-03
     2.9182619559E-03   -6.7346627133E-05   -5.6468504636E+02    3.4309048442E-06   -3.9072200151E-03    9.0344101946E+08

 Timoshenko Flexibility Matrix (1-extension; 2,3-shear, 4-twist; 5,6-bending)
 ========================================================

     2.2580453952E-10   -1.2002687375E-21    1.8839010185E-21   -6.9733472793E-15   -5.1309708370E-20   -7.2938431554E-22
    -1.2002687375E-21    4.2820589666E-09    8.5417360778E-19    1.4524381212E-19    6.5740734376E-16    3.1974100142E-22
     1.8839010185E-21    8.5417360778E-19    5.4205898733E-08    1.3466364997E-18   -6.7475667710E-21    3.3880751239E-14
    -6.9733472793E-15    1.4524381212E-19    1.3466364997E-18    3.4018353214E-08    1.3606268307E-20   -1.2832376959E-22
    -5.1309708370E-20    6.5740734376E-16   -6.7475667710E-21    1.3606268307E-20    4.7010025959E-09    2.0330987051E-20
    -7.2938431554E-22    3.1974100142E-22    3.3880751239E-14   -1.2832376959E-22    2.0330987051E-20    1.1068791194E-09

 The Generalized Shear Center of the Cross Section in the User Coordinate System
 ========================================================

  Xs2 =   -3.9585587557E-11
  Xs3 =    4.2695721104E-12
