
 The 6X6 Mass Matrix
 ========================================================

     2.7953440000E+01    0.0000000000E+00    0.0000000000E+00    0.0000000000E+00   -2.1445518972E-15    1.0014558627E-14
     0.0000000000E+00    2.7953440000E+01    0.0000000000E+00    2.1445518972E-15    0.0000000000E+00    0.0000000000E+00
     0.0000000000E+00    0.0000000000E+00    2.7953440000E+01   -1.0014558627E-14    0.0000000000E+00    0.0000000000E+00
     0.0000000000E+00    2.1445518972E-15   -1.0014558627E-14    1.1537333568E+01    0.0000000000E+00    0.0000000000E+00
    -2.1445518972E-15    0.0000000000E+00    0.0000000000E+00    0.0000000000E+00    3.0058341125E-01    1.4690939437E-17
     1.0014558627E-14    0.0000000000E+00    0.0000000000E+00    0.0000000000E+00    1.4690939437E-17    1.1236750157E+01

 The Mass Center of the Cross Section
 ========================================================

  Xm2 =   -3.5825854087E-16
  Xm3 =   -7.6718711442E-17

 The Mass Properties with respect to Principal Inertial Axes
 ========================================================

 Mass Per Unit Span                     =    2.7953440000E+01
 Mass Moments of Intertia about x1 axis =    1.1537333568E+01
 Mass Moments of Intertia about x2 axis =    3.0058341125E-01
 Mass Moments of Intertia about x3 axis =    1.1236750157E+01
 The user coordinate axes are the principal inertial axes.
 The mass-weighted radius of gyration   =    6.4244372907E-01

 The Geometric Center of the Cross Section
 ========================================================

  Xg2 =   -1.2961194307E-15
  Xg3 =   -1.6650912385E-18

 Classical Stiffness Matrix (1-extension; 2-twist; 3,4-bending)
 ========================================================

     4.0120771028E+08    1.4572395119E+02   -7.8680499898E-03   -8.8758925418E-01
     1.4572395119E+02    1.2914495141E+06    5.8898463014E-06   -4.5971454783E-04
    -7.8680499898E-03    5.8898463014E-06    5.4282057055E+06    6.0668725604E-04
    -8.8758925418E-01   -4.5971454783E-04    6.0668725604E-04    1.1407447521E+08

 Classical Flexibility Matrix (1-extension; 2-twist; 3,4-bending)
 ========================================================

     2.4924745323E-09   -2.8124462716E-13    3.6127805259E-18    1.9393413627E-17
    -2.8124462716E-13    7.7432372627E-07   -8.4058357981E-19    3.1182983866E-18
     3.6127805259E-18   -8.4058357981E-19    1.8422293742E-07   -9.7976085357E-19
     1.9393413627E-17    3.1182983866E-18   -9.7976085357E-19    8.7662029406E-09

 The Neutral Axes (or Tension Center) of the Cross Section
 ========================================================

  Xt2 =    2.2122934819E-09
  Xt3 =   -1.9610915875E-11

 Timoshenko Stiffness Matrix (1-extension; 2,3-shear, 4-twist; 5,6-bending)
 ========================================================

     4.0120771028E+08   -5.2488423919E-05    1.1568082905E-03    1.4572395119E+02   -7.8680499838E-03   -8.8758926632E-01
    -5.2488423919E-05    1.9591078198E+07    1.2294616859E-02    9.9802706609E-03   -2.2341873889E+00    4.1811354520E-05
     1.1568082905E-03    1.2294616859E-02    1.6874026148E+06    1.8717673814E-02    7.1768245447E-06   -1.7715326430E+01
     1.4572395119E+02    9.9802706609E-03    1.8717673814E-02    1.2914495141E+06    5.8887082204E-06   -4.5991105675E-04
    -7.8680499838E-03   -2.2341873889E+00    7.1768245447E-06    5.8887082204E-06    5.4282057055E+06    6.0668717592E-04
    -8.8758926632E-01    4.1811354520E-05   -1.7715326430E+01   -4.5991105675E-04    6.0668717592E-04    1.1407447521E+08

 Timoshenko Flexibility Matrix (1-extension; 2,3-shear, 4-twist; 5,6-bending)
 ========================================================

     2.4924745323E-09    6.8215259925E-21   -1.7054065057E-18   -2.8124462716E-13    3.6127805259E-18    1.9393413627E-17
     6.8215259925E-21    5.1043642923E-08   -3.7191007078E-16   -3.9446324498E-16    2.1008979669E-14   -1.8766733539E-20
    -1.7054065057E-18   -3.7191007078E-16    5.9262679293E-07   -8.5892592687E-15   -7.8369639229E-19    9.2032657340E-14
    -2.8124462716E-13   -3.9446324498E-16   -8.5892592687E-15    7.7432372627E-07   -8.4058357981E-19    3.1182983866E-18
     3.6127805259E-18    2.1008979669E-14   -7.8369639229E-19   -8.4058357981E-19    1.8422293742E-07   -9.7976085357E-19
     1.9393413627E-17   -1.8766733539E-20    9.2032657340E-14    3.1182983866E-18   -9.7976085357E-19    8.7662029406E-09

 The Generalized Shear Center of the Cross Section in the User Coordinate System
 ========================================================

  Xs2 =    1.1092594709E-08
  Xs3 =   -5.0942936603E-10
