
 The 6X6 Mass Matrix
 ========================================================

     1.5755776000E+02    0.0000000000E+00    0.0000000000E+00    0.0000000000E+00   -2.7755575616E-17   -2.6895152772E-14
     0.0000000000E+00    1.5755776000E+02    0.0000000000E+00    2.7755575616E-17    0.0000000000E+00    0.0000000000E+00
     0.0000000000E+00    0.0000000000E+00    1.5755776000E+02    2.6895152772E-14    0.0000000000E+00    0.0000000000E+00
     0.0000000000E+00    2.7755575616E-17    2.6895152772E-14    4.4901063252E+01    0.0000000000E+00    0.0000000000E+00
    -2.7755575616E-17    0.0000000000E+00    0.0000000000E+00    0.0000000000E+00    5.5396141762E+00    1.0408340856E-16
    -2.6895152772E-14    0.0000000000E+00    0.0000000000E+00    0.0000000000E+00    1.0408340856E-16    3.9361449076E+01

 The Mass Center of the Cross Section
 ========================================================

  Xm2 =    1.7070027380E-16
  Xm3 =   -1.7616127327E-19

 The Mass Properties with respect to Principal Inertial Axes
 ========================================================

 Mass Per Unit Span                     =    1.5755776000E+02
 Mass Moments of Intertia about x1 axis =    4.4901063252E+01
 Mass Moments of Intertia about x2 axis =    5.5396141762E+00
 Mass Moments of Intertia about x3 axis =    3.9361449076E+01
 The user coordinate axes are the principal inertial axes.
 The mass-weighted radius of gyration   =    5.3383668340E-01

 The Geometric Center of the Cross Section
 ========================================================

  Xg2 =   -1.9586727573E-15
  Xg3 =    6.9645938276E-18

 Classical Stiffness Matrix (1-extension; 2-twist; 3,4-bending)
 ========================================================

     3.0907404091E+09    6.0264742687E+02    9.5056806447E+00    2.0616454092E-02
     6.0264742687E+02    1.9077064181E+07   -4.3124289596E-02    4.3720259494E-05
     9.5056806447E+00   -4.3124289596E-02    1.1570629611E+08   -2.7192554398E-02
     2.0616454092E-02    4.3720259494E-05   -2.7192554398E-02    6.4321904987E+08

 Classical Flexibility Matrix (1-extension; 2-twist; 3,4-bending)
 ========================================================

     3.2354706887E-10   -1.0220902266E-14   -2.6580537570E-17   -1.0370329624E-20
    -1.0220902266E-14    5.2418967118E-08    1.9537639272E-17   -3.5626426102E-21
    -2.6580537570E-17    1.9537639272E-17    8.6425720430E-09    3.6537103653E-19
    -1.0370329624E-20   -3.5626426102E-21    3.6537103653E-19    1.5546803227E-09

 The Neutral Axes (or Tension Center) of the Cross Section
 ========================================================

  Xt2 =   -6.6703928451E-12
  Xt3 =    3.0755355509E-09

 Timoshenko Stiffness Matrix (1-extension; 2,3-shear, 4-twist; 5,6-bending)
 ========================================================

     3.0907404091E+09   -5.8783002458E-02   -1.3980000362E-04    6.0264742687E+02    9.5056806516E+00    2.0616457960E-02
    -5.8783002458E-02    1.6304319773E+08    1.4750280364E-03    8.3679852032E-01   -1.9215277496E+01   -4.2489754453E-05
    -1.3980000362E-04    1.4750280364E-03    1.3512036579E+07   -2.5896124313E-02   -1.3054266870E-04   -3.7381598931E+02
     6.0264742687E+02    8.3679852032E-01   -2.5896124313E-02    1.9077064181E+07   -4.3124388216E-02    4.4436686091E-05
     9.5056806516E+00   -1.9215277496E+01   -1.3054266870E-04   -4.3124388216E-02    1.1570629611E+08   -2.7192550782E-02
     2.0616457960E-02   -4.2489754453E-05   -3.7381598931E+02    4.4436686091E-05   -2.7192550782E-02    6.4321904988E+08

 Timoshenko Flexibility Matrix (1-extension; 2,3-shear, 4-twist; 5,6-bending)
 ========================================================

     3.2354706887E-10    1.1669981019E-19    3.3276493254E-21   -1.0220902266E-14   -2.6580537570E-17   -1.0370329624E-20
     1.1669981019E-19    6.1333438862E-09   -6.6954088077E-19   -2.6903369755E-16    1.0185608623E-15    4.0481030138E-22
     3.3276493254E-21   -6.6954088077E-19    7.4008088581E-08    1.0046213823E-16    8.3507766852E-20    4.3010863648E-14
    -1.0220902266E-14   -2.6903369755E-16    1.0046213823E-16    5.2418967118E-08    1.9537639272E-17   -3.5626426102E-21
    -2.6580537570E-17    1.0185608623E-15    8.3507766852E-20    1.9537639272E-17    8.6425720430E-09    3.6537103653E-19
    -1.0370329624E-20    4.0481030138E-22    4.3010863648E-14   -3.5626426102E-21    3.6537103653E-19    1.5546803227E-09

 The Generalized Shear Center of the Cross Section in the User Coordinate System
 ========================================================

  Xs2 =   -1.9165226587E-09
  Xs3 =   -5.1323731150E-09
