
 The 6X6 Mass Matrix
 ========================================================

     3.1497345600E+02    0.0000000000E+00    0.0000000000E+00    0.0000000000E+00   -2.4221076533E-15    2.4483034957E-12
     0.0000000000E+00    3.1497345600E+02    0.0000000000E+00    2.4221076533E-15    0.0000000000E+00    0.0000000000E+00
     0.0000000000E+00    0.0000000000E+00    3.1497345600E+02   -2.4483034957E-12    0.0000000000E+00    0.0000000000E+00
     0.0000000000E+00    2.4221076533E-15   -2.4483034957E-12    4.8043004556E+02    0.0000000000E+00    0.0000000000E+00
    -2.4221076533E-15    0.0000000000E+00    0.0000000000E+00    0.0000000000E+00    3.5662797677E+02   -1.0200174039E-15
     2.4483034957E-12    0.0000000000E+00    0.0000000000E+00    0.0000000000E+00   -1.0200174039E-15    1.2380206879E+02

 The Mass Center of the Cross Section
 ========================================================

  Xm2 =   -7.7730470586E-15
  Xm3 =   -7.6898786459E-18

 The 6X6 Mass Matrix at the Mass Center
 ========================================================

   3.149734560000E+02  0.000000000000E+00  0.000000000000E+00  0.000000000000E+00  0.000000000000E+00  0.000000000000E+00
   0.000000000000E+00  3.149734560000E+02  0.000000000000E+00  0.000000000000E+00  0.000000000000E+00  0.000000000000E+00
   0.000000000000E+00  0.000000000000E+00  3.149734560000E+02  0.000000000000E+00  0.000000000000E+00  0.000000000000E+00
   0.000000000000E+00  0.000000000000E+00  0.000000000000E+00  4.804300455565E+02  0.000000000000E+00  0.000000000000E+00
   0.000000000000E+00  0.000000000000E+00  0.000000000000E+00  0.000000000000E+00  3.566279767653E+02 -1.020017403874E-15
   0.000000000000E+00  0.000000000000E+00  0.000000000000E+00  0.000000000000E+00 -1.020017403874E-15  1.238020687912E+02

 The Mass Properties with respect to Principal Inertial Axes
 ========================================================

 Mass Per Unit Span                     =    3.1497345600E+02
 Mass Moments of Intertia about x1 axis =    4.8043004556E+02
 Mass Moments of Intertia about x2 axis =    3.5662797677E+02
 Mass Moments of Intertia about x3 axis =    1.2380206879E+02
 The user coordinate axes are the principal inertial axes.
 The mass-weighted radius of gyration   =    1.2350316919E+00

 The Geometric Center of the Cross Section
 ========================================================

  Xg2 =    6.0157630515E-16
  Xg3 =    5.4790468140E-18

 Classical Stiffness Matrix (1-extension; 2-twist; 3,4-bending)
 ========================================================

     3.5900122990E+09    6.1231768514E+04    2.1721608273E+01    9.7462528451E+01
     6.1231768514E+04    3.9808788887E+08    1.6543519254E+00   -3.5998138547E+00
     2.1721608273E+01    1.6543519254E+00    4.7489356060E+09    1.9342499923E-01
     9.7462528451E+01   -3.5998138547E+00    1.9342499923E-01    1.1236139671E+09

 Classical Flexibility Matrix (1-extension; 2-twist; 3,4-bending)
 ========================================================

     2.7855057848E-10   -4.2845173183E-14   -1.2740740591E-18   -2.4161677151E-17
    -4.2845173183E-14    2.5120081032E-09   -8.7489389670E-19    8.0516419670E-18
    -1.2740740591E-18   -8.7489389670E-19    2.1057350172E-10   -3.6249156362E-20
    -2.4161677151E-17    8.0516419670E-18   -3.6249156362E-20    8.8998537693E-10

 The Neutral Axes (or Tension Center) of the Cross Section
 ========================================================

  Xt2 =   -2.7148397915E-08
  Xt3 =    6.0504956688E-09

 Timoshenko Stiffness Matrix (1-extension; 2,3-shear, 4-twist; 5,6-bending)
 ========================================================

     3.5900122990E+09   -1.6095848810E+00    1.7075960991E+00    6.1231768514E+04    2.1718744032E+01    9.7463239923E+01
    -1.6095848810E+00    3.4585477843E+08    2.0991253620E-01   -3.7354334381E+00    6.1544512133E+05    3.7943606524E-02
     1.7075960991E+00    2.0991253620E-01    1.6958708097E+08    1.0111093109E+01   -3.2666537578E-02    7.0658688905E+04
     6.1231768514E+04   -3.7354334381E+00    1.0111093109E+01    3.9808788887E+08    1.6477047569E+00   -3.5956010543E+00
     2.1718744032E+01    6.1544512133E+05   -3.2666537578E-02    1.6477047569E+00    4.7489367012E+09    1.9347875330E-01
     9.7463239923E+01    3.7943606524E-02    7.0658688905E+04   -3.5956010543E+00    1.9347875330E-01    1.1236139965E+09

 Timoshenko Flexibility Matrix (1-extension; 2,3-shear, 4-twist; 5,6-bending)
 ========================================================

     2.7855057848E-10    1.2981601140E-18   -2.7921433335E-18   -4.2845173183E-14   -1.2740740591E-18   -2.4161677151E-17
     1.2981601140E-18    2.8913876372E-09   -3.5789527545E-18    2.7132511008E-17   -3.7471344159E-13   -9.7350443233E-20
    -2.7921433335E-18   -3.5789527545E-18    5.8966757403E-09   -1.4977345821E-16    4.1040488201E-20   -3.7081362283E-13
    -4.2845173183E-14    2.7132511008E-17   -1.4977345821E-16    2.5120081032E-09   -8.7489389670E-19    8.0516419670E-18
    -1.2740740591E-18   -3.7471344159E-13    4.1040488201E-20   -8.7489389670E-19    2.1057350172E-10   -3.6249156362E-20
    -2.4161677151E-17   -9.7350443233E-20   -3.7081362283E-13    8.0516419670E-18   -3.6249156362E-20    8.8998537693E-10

 The Generalized Shear Center of the Cross Section in the User Coordinate System
 ========================================================

  Xs2 =    5.9622999633E-08
  Xs3 =    1.0801123999E-08
