
 The 6X6 Mass Matrix
 ========================================================

     3.1195030400E+02    0.0000000000E+00    0.0000000000E+00    0.0000000000E+00   -5.4107976780E-14   -2.5798832471E-12
     0.0000000000E+00    3.1195030400E+02    0.0000000000E+00    5.4107976780E-14    0.0000000000E+00    0.0000000000E+00
     0.0000000000E+00    0.0000000000E+00    3.1195030400E+02    2.5798832471E-12    0.0000000000E+00    0.0000000000E+00
     0.0000000000E+00    5.4107976780E-14    2.5798832471E-12    3.9455554700E+02    0.0000000000E+00    0.0000000000E+00
    -5.4107976780E-14    0.0000000000E+00    0.0000000000E+00    0.0000000000E+00    2.8170518936E+02    4.3048247259E-15
    -2.5798832471E-12    0.0000000000E+00    0.0000000000E+00    0.0000000000E+00    4.3048247259E-15    1.1285035763E+02

 The Mass Center of the Cross Section
 ========================================================

  Xm2 =    8.2701738516E-15
  Xm3 =   -1.7345063007E-16

 The 6X6 Mass Matrix at the Mass Center
 ========================================================

   3.119503040000E+02  0.000000000000E+00  0.000000000000E+00  0.000000000000E+00  0.000000000000E+00  0.000000000000E+00
   0.000000000000E+00  3.119503040000E+02  0.000000000000E+00  0.000000000000E+00  0.000000000000E+00  0.000000000000E+00
   0.000000000000E+00  0.000000000000E+00  3.119503040000E+02  0.000000000000E+00  0.000000000000E+00  0.000000000000E+00
   0.000000000000E+00  0.000000000000E+00  0.000000000000E+00  3.945555469958E+02  0.000000000000E+00  0.000000000000E+00
   0.000000000000E+00  0.000000000000E+00  0.000000000000E+00  0.000000000000E+00  2.817051893632E+02  4.304824725853E-15
   0.000000000000E+00  0.000000000000E+00  0.000000000000E+00  0.000000000000E+00  4.304824725853E-15  1.128503576326E+02

 The Mass Properties with respect to Principal Inertial Axes
 ========================================================

 Mass Per Unit Span                     =    3.1195030400E+02
 Mass Moments of Intertia about x1 axis =    3.9455554700E+02
 Mass Moments of Intertia about x2 axis =    2.8170518936E+02
 Mass Moments of Intertia about x3 axis =    1.1285035763E+02
 The user coordinate axes are the principal inertial axes.
 The mass-weighted radius of gyration   =    1.1246344173E+00

 The Geometric Center of the Cross Section
 ========================================================

  Xg2 =    7.3905945333E-15
  Xg3 =    2.3031502890E-16

 Classical Stiffness Matrix (1-extension; 2-twist; 3,4-bending)
 ========================================================

     4.5207998053E+09   -2.7435381367E+05   -7.7788549997E+00    1.5993868923E+00
    -2.7435381367E+05    3.2425389015E+08    8.1172488118E-01    1.6820197598E-01
    -7.7788549997E+00    8.1172488118E-01    4.8232433980E+09   -1.3813167062E+00
     1.5993868923E+00    1.6820197598E-01   -1.3813167062E+00    1.2119711742E+09

 Classical Flexibility Matrix (1-extension; 2-twist; 3,4-bending)
 ========================================================

     2.2119980853E-10    1.8715892977E-13    3.5671625348E-19   -2.9193396830E-19
     1.8715892977E-13    3.0840032510E-09   -5.1871864727E-19   -4.2825670448E-19
     3.5671625348E-19   -5.1871864727E-19    2.0732936688E-10    2.3629895145E-19
    -2.9193396830E-19   -4.2825670448E-19    2.3629895145E-19    8.2510213218E-10

 The Neutral Axes (or Tension Center) of the Cross Section
 ========================================================

  Xt2 =   -3.5381555485E-10
  Xt3 =   -1.7205293150E-09

 Timoshenko Stiffness Matrix (1-extension; 2,3-shear, 4-twist; 5,6-bending)
 ========================================================

     4.5207998053E+09   -9.6760611630E-01   -1.2603351203E-01   -2.7435381367E+05   -7.7811048504E+00    1.5993329023E+00
    -9.6760611630E-01    3.0035271478E+08   -3.3313581437E-02    4.9528480117E+00    6.9837170586E+05    1.2649541361E-01
    -1.2603351203E-01   -3.3313581437E-02    1.4356554303E+08    3.9686907461E-02    9.9829446181E-02    6.1499936206E+04
    -2.7435381367E+05    4.9528480117E+00    3.9686907461E-02    3.2425389015E+08    8.2324110445E-01    1.6821897896E-01
    -7.7811048504E+00    6.9837170586E+05    9.9829446181E-02    8.2324110445E-01    4.8232450218E+09   -1.3809797849E+00
     1.5993329023E+00    1.2649541361E-01    6.1499936206E+04    1.6821897896E-01   -1.3809797849E+00    1.2119712006E+09

 Timoshenko Flexibility Matrix (1-extension; 2,3-shear, 4-twist; 5,6-bending)
 ========================================================

     2.2119980853E-10    7.0869410183E-19    1.9426050493E-19    1.8715892977E-13    3.5671625348E-19   -2.9193396830E-19
     7.0869410183E-19    3.3294200034E-09    7.7305763519E-19   -5.0853730509E-17   -4.8207642713E-13   -3.4808552678E-19
     1.9426050493E-19    7.7305763519E-19    6.9654598216E-09   -8.5218656672E-19   -1.4438121733E-19   -3.5345339433E-13
     1.8715892977E-13   -5.0853730509E-17   -8.5218656672E-19    3.0840032510E-09   -5.1871864727E-19   -4.2825670448E-19
     3.5671625348E-19   -4.8207642713E-13   -1.4438121733E-19   -5.1871864727E-19    2.0732936688E-10    2.3629895145E-19
    -2.9193396830E-19   -3.4808552678E-19   -3.5345339433E-13   -4.2825670448E-19    2.3629895145E-19    8.2510213218E-10

 The Generalized Shear Center of the Cross Section in the User Coordinate System
 ========================================================

  Xs2 =    2.7632479520E-10
  Xs3 =   -1.6489519099E-08
