
 The 6X6 Mass Matrix
 ========================================================

     4.7409452000E+02    0.0000000000E+00    0.0000000000E+00    0.0000000000E+00   -4.5297099405E-14    7.4196204736E-13
     0.0000000000E+00    4.7409452000E+02    0.0000000000E+00    4.5297099405E-14    0.0000000000E+00    0.0000000000E+00
     0.0000000000E+00    0.0000000000E+00    4.7409452000E+02   -7.4196204736E-13    0.0000000000E+00    0.0000000000E+00
     0.0000000000E+00    4.5297099405E-14   -7.4196204736E-13    3.5535431845E+02    0.0000000000E+00    0.0000000000E+00
    -4.5297099405E-14    0.0000000000E+00    0.0000000000E+00    0.0000000000E+00    2.3000482783E+02    4.9960036108E-16
     7.4196204736E-13    0.0000000000E+00    0.0000000000E+00    0.0000000000E+00    4.9960036108E-16    1.2534949062E+02

 The Mass Center of the Cross Section
 ========================================================

  Xm2 =   -1.5650086978E-15
  Xm3 =   -9.5544448404E-17

 The 6X6 Mass Matrix at the Mass Center
 ========================================================

   4.740945200000E+02  0.000000000000E+00  0.000000000000E+00  0.000000000000E+00  0.000000000000E+00  0.000000000000E+00
   0.000000000000E+00  4.740945200000E+02  0.000000000000E+00  0.000000000000E+00  0.000000000000E+00  0.000000000000E+00
   0.000000000000E+00  0.000000000000E+00  4.740945200000E+02  0.000000000000E+00  0.000000000000E+00  0.000000000000E+00
   0.000000000000E+00  0.000000000000E+00  0.000000000000E+00  3.553543184479E+02  0.000000000000E+00  0.000000000000E+00
   0.000000000000E+00  0.000000000000E+00  0.000000000000E+00  0.000000000000E+00  2.300048278278E+02  4.996003610814E-16
   0.000000000000E+00  0.000000000000E+00  0.000000000000E+00  0.000000000000E+00  4.996003610814E-16  1.253494906201E+02

 The Mass Properties with respect to Principal Inertial Axes
 ========================================================

 Mass Per Unit Span                     =    4.7409452000E+02
 Mass Moments of Intertia about x1 axis =    3.5535431845E+02
 Mass Moments of Intertia about x2 axis =    2.3000482783E+02
 Mass Moments of Intertia about x3 axis =    1.2534949062E+02
 The user coordinate axes are the principal inertial axes.
 The mass-weighted radius of gyration   =    8.6576162371E-01

 The Geometric Center of the Cross Section
 ========================================================

  Xg2 =    7.6342511389E-16
  Xg3 =    5.6616271298E-17

 Classical Stiffness Matrix (1-extension; 2-twist; 3,4-bending)
 ========================================================

     9.0617788667E+09    7.2273191213E+03   -1.8743130051E+00   -3.4097138433E-01
     7.2273191213E+03    2.0813121231E+08    7.5020922511E-02    2.0112262195E-03
    -1.8743130051E+00    7.5020922511E-02    4.7570643640E+09    1.1025460407E+00
    -3.4097138433E-01    2.0112262195E-03    1.1025460407E+00    1.9358357145E+09

 Classical Flexibility Matrix (1-extension; 2-twist; 3,4-bending)
 ========================================================

     1.1035360879E-10   -3.8320093276E-15    4.3480070008E-20    1.9437305622E-20
    -3.8320093276E-15    4.8046613909E-09   -7.5773057646E-20   -4.9924523113E-21
     4.3480070008E-20   -7.5773057646E-20    2.1021367875E-10   -1.1972620272E-19
     1.9437305622E-20   -4.9924523113E-21   -1.1972620272E-19    5.1657276107E-10

 The Neutral Axes (or Tension Center) of the Cross Section
 ========================================================

  Xt2 =    3.7627430463E-11
  Xt3 =   -2.0683749160E-10

 Timoshenko Stiffness Matrix (1-extension; 2,3-shear, 4-twist; 5,6-bending)
 ========================================================

     9.0617788667E+09   -3.8706950775E-01   -7.8982440013E-05    7.2273191213E+03   -1.8743123769E+00   -3.4097138099E-01
    -3.8706950775E-01    4.6083671891E+08   -7.2279203902E-02    3.4521084153E-02   -7.4792216122E+02    1.0433637132E-03
    -7.8982440013E-05   -7.2279203902E-02    9.3408148420E+07    2.4225887797E-04    8.7096066568E-04   -3.9521426408E+03
     7.2273191213E+03    3.4521084153E-02    2.4225887797E-04    2.0813121231E+08    7.5020866485E-02    2.0112159695E-03
    -1.8743123769E+00   -7.4792216122E+02    8.7096066568E-04    7.5020866485E-02    4.7570643640E+09    1.1025460021E+00
    -3.4097138099E-01    1.0433637132E-03   -3.9521426408E+03    2.0112159695E-03    1.1025460021E+00    1.9358357146E+09

 Timoshenko Flexibility Matrix (1-extension; 2,3-shear, 4-twist; 5,6-bending)
 ========================================================

     1.1035360879E-10    9.2689406217E-20    9.4143299486E-23   -3.8320093276E-15    4.3480070008E-20    1.9437305622E-20
     9.2689406217E-20    2.1699659748E-09    1.6791191229E-18   -3.5991849894E-19    3.4116957802E-16   -1.1663199230E-21
     9.4143299486E-23    1.6791191229E-18    1.0705704128E-08   -1.2461353284E-20   -1.9648859786E-21    2.1856436196E-14
    -3.8320093276E-15   -3.5991849894E-19   -1.2461353284E-20    4.8046613909E-09   -7.5773057646E-20   -4.9924523113E-21
     4.3480070008E-20    3.4116957802E-16   -1.9648859786E-21   -7.5773057646E-20    2.1021367875E-10   -1.1972620272E-19
     1.9437305622E-20   -1.1663199230E-21    2.1856436196E-14   -4.9924523113E-21   -1.1972620272E-19    5.1657276107E-10

 The Generalized Shear Center of the Cross Section in the User Coordinate System
 ========================================================

  Xs2 =    2.5935965659E-12
  Xs3 =   -7.4910273516E-11
