
 The 6X6 Mass Matrix
 ========================================================

     4.3288680000E+01    0.0000000000E+00    0.0000000000E+00    0.0000000000E+00   -8.6475965277E-16   -1.0465586731E-14
     0.0000000000E+00    4.3288680000E+01    0.0000000000E+00    8.6475965277E-16    0.0000000000E+00    0.0000000000E+00
     0.0000000000E+00    0.0000000000E+00    4.3288680000E+01    1.0465586731E-14    0.0000000000E+00    0.0000000000E+00
     0.0000000000E+00    8.6475965277E-16    1.0465586731E-14    1.6620912469E+01    0.0000000000E+00    0.0000000000E+00
    -8.6475965277E-16    0.0000000000E+00    0.0000000000E+00    0.0000000000E+00    8.2110075235E-01    2.0599841277E-17
    -1.0465586731E-14    0.0000000000E+00    0.0000000000E+00    0.0000000000E+00    2.0599841277E-17    1.5799811717E+01

 The Mass Center of the Cross Section
 ========================================================

  Xm2 =    2.4176266707E-16
  Xm3 =   -1.9976577081E-17

 The Mass Properties with respect to Principal Inertial Axes
 ========================================================

 Mass Per Unit Span                     =    4.3288680000E+01
 Mass Moments of Intertia about x1 axis =    1.6620912469E+01
 Mass Moments of Intertia about x2 axis =    8.2110075235E-01
 Mass Moments of Intertia about x3 axis =    1.5799811717E+01
 The user coordinate axes are the principal inertial axes.
 The mass-weighted radius of gyration   =    6.1964116193E-01

 The Geometric Center of the Cross Section
 ========================================================

  Xg2 =   -2.8455557812E-15
  Xg3 =   -5.4184460906E-18

 Classical Stiffness Matrix (1-extension; 2-twist; 3,4-bending)
 ========================================================

     6.7674877234E+08    2.2891915570E+02    1.1910434311E-01   -2.5183370378E+00
     2.2891915570E+02    3.5712876904E+06    7.4070531922E-05    8.6616198099E-04
     1.1910434311E-01    7.4070531922E-05    1.5528576317E+07   -5.5445173269E-03
    -2.5183370378E+00    8.6616198099E-04   -5.5445173269E-03    1.7669658870E+08

 Classical Flexibility Matrix (1-extension; 2-twist; 3,4-bending)
 ========================================================

     1.4776532162E-09   -9.4717411756E-14   -1.1333615197E-17    2.1059992911E-17
    -9.4717411756E-14    2.8001104551E-07   -1.3349121912E-18   -1.3739566454E-18
    -1.1333615197E-17   -1.3349121912E-18    6.4397403830E-08    2.0207095985E-18
     2.1059992911E-17   -1.3739566454E-18    2.0207095985E-18    5.6594188228E-09

 The Neutral Axes (or Tension Center) of the Cross Section
 ========================================================

  Xt2 =    3.7212289054E-09
  Xt3 =    1.7599490865E-10

 Timoshenko Stiffness Matrix (1-extension; 2,3-shear, 4-twist; 5,6-bending)
 ========================================================

     6.7674877234E+08    1.7449245111E-03   -6.2466620765E-04    2.2891915570E+02    1.1910434289E-01   -2.5183370257E+00
     1.7449245111E-03    3.4249566638E+07    6.9438349472E-04   -1.8928094210E-03   -4.4260272323E+00   -1.6671583309E-04
    -6.2466620765E-04    6.9438349472E-04    4.0555500702E+06    2.6490840113E-01    1.1426494019E-04   -7.7983407647E+01
     2.2891915570E+02   -1.8928094210E-03    2.6490840113E-01    3.5712876904E+06    7.4070783991E-05    8.6106810730E-04
     1.1910434289E-01   -4.4260272323E+00    1.1426494019E-04    7.4070783991E-05    1.5528576317E+07   -5.5445195025E-03
    -2.5183370257E+00   -1.6671583309E-04   -7.7983407647E+01    8.6106810730E-04   -5.5445195025E-03    1.7669658870E+08

 Timoshenko Flexibility Matrix (1-extension; 2,3-shear, 4-twist; 5,6-bending)
 ========================================================

     1.4776532162E-09   -7.5289208317E-20    2.3419111682E-19   -9.4717411756E-14   -1.1333615197E-17    2.1059992911E-17
    -7.5289208317E-20    2.9197449725E-08   -4.9991319865E-18    1.5474873671E-17    8.3219932694E-15    2.7546277378E-20
     2.3419111682E-19   -4.9991319865E-18    2.4657567597E-07   -1.8290312595E-14   -1.8143564300E-18    1.0882389749E-13
    -9.4717411756E-14    1.5474873671E-17   -1.8290312595E-14    2.8001104551E-07   -1.3349121912E-18   -1.3739566454E-18
    -1.1333615197E-17    8.3219932694E-15   -1.8143564300E-18   -1.3349121912E-18    6.4397403830E-08    2.0207095985E-18
     2.1059992911E-17    2.7546277378E-20    1.0882389749E-13   -1.3739566454E-18    2.0207095985E-18    5.6594188228E-09

 The Generalized Shear Center of the Cross Section in the User Coordinate System
 ========================================================

  Xs2 =    6.5319968225E-08
  Xs3 =    5.5265225849E-11
