
 The 6X6 Mass Matrix
 ========================================================

     3.4864950400E+02    0.0000000000E+00    0.0000000000E+00    0.0000000000E+00    6.0168883764E-15   -1.2520201889E-12
     0.0000000000E+00    3.4864950400E+02    0.0000000000E+00   -6.0168883764E-15    0.0000000000E+00    0.0000000000E+00
     0.0000000000E+00    0.0000000000E+00    3.4864950400E+02    1.2520201889E-12    0.0000000000E+00    0.0000000000E+00
     0.0000000000E+00   -6.0168883764E-15    1.2520201889E-12    5.8296518106E+02    0.0000000000E+00    0.0000000000E+00
     6.0168883764E-15    0.0000000000E+00    0.0000000000E+00    0.0000000000E+00    4.4769460258E+02   -3.3653635434E-16
    -1.2520201889E-12    0.0000000000E+00    0.0000000000E+00    0.0000000000E+00   -3.3653635434E-16    1.3527057848E+02

 The Mass Center of the Cross Section
 ========================================================

  Xm2 =    3.5910568481E-15
  Xm3 =    1.7257699516E-17

 The 6X6 Mass Matrix at the Mass Center
 ========================================================

   3.486495040000E+02  0.000000000000E+00  0.000000000000E+00  0.000000000000E+00  0.000000000000E+00  0.000000000000E+00
   0.000000000000E+00  3.486495040000E+02  0.000000000000E+00  0.000000000000E+00  0.000000000000E+00  0.000000000000E+00
   0.000000000000E+00  0.000000000000E+00  3.486495040000E+02  0.000000000000E+00  0.000000000000E+00  0.000000000000E+00
   0.000000000000E+00  0.000000000000E+00  0.000000000000E+00  5.829651810592E+02  0.000000000000E+00  0.000000000000E+00
   0.000000000000E+00  0.000000000000E+00  0.000000000000E+00  0.000000000000E+00  4.476946025776E+02 -3.365363543395E-16
   0.000000000000E+00  0.000000000000E+00  0.000000000000E+00  0.000000000000E+00 -3.365363543395E-16  1.352705784816E+02

 The Mass Properties with respect to Principal Inertial Axes
 ========================================================

 Mass Per Unit Span                     =    3.4864950400E+02
 Mass Moments of Intertia about x1 axis =    5.8296518106E+02
 Mass Moments of Intertia about x2 axis =    4.4769460258E+02
 Mass Moments of Intertia about x3 axis =    1.3527057848E+02
 The user coordinate axes are the principal inertial axes.
 The mass-weighted radius of gyration   =    1.2930841319E+00

 The Geometric Center of the Cross Section
 ========================================================

  Xg2 =   -1.3072026403E-14
  Xg3 =   -3.0756613949E-18

 Classical Stiffness Matrix (1-extension; 2-twist; 3,4-bending)
 ========================================================

     3.7515426433E+09    5.5134855126E+05   -2.1769013799E+02    6.9925624835E+02
     5.5134855126E+05    4.3209563124E+08   -1.7629879118E+01   -3.5084062098E+01
    -2.1769013799E+02   -1.7629879118E+01    5.5214872510E+09    1.7352435998E+02
     6.9925624835E+02   -3.5084062098E+01    1.7352435998E+02    1.1987039483E+09

 Classical Flexibility Matrix (1-extension; 2-twist; 3,4-bending)
 ========================================================

     2.6655706268E-10   -3.4012343499E-13    1.0508196754E-17   -1.5550430665E-16
    -3.4012343499E-13    2.3143029349E-09    7.3760611637E-18    6.7934188547E-17
     1.0508196754E-17    7.3760611637E-18    1.8111062374E-10   -2.6217576245E-17
    -1.5550430665E-16    6.7934188547E-17   -2.6217576245E-17    8.3423434235E-10

 The Neutral Axes (or Tension Center) of the Cross Section
 ========================================================

  Xt2 =   -1.8640362453E-07
  Xt3 =   -5.8020847423E-08

 Timoshenko Stiffness Matrix (1-extension; 2,3-shear, 4-twist; 5,6-bending)
 ========================================================

     3.7515426433E+09    1.4060875383E+01    2.2323843904E+01    5.5134855127E+05   -2.1768898605E+02    6.9926347351E+02
     1.4060875383E+01    3.9548623311E+08   -3.7633590744E+00    3.6439462642E+01    3.2437350278E+04   -1.1235216896E+01
     2.2323843904E+01   -3.7633590744E+00    1.8101656063E+08    2.6738900708E+01   -1.0657602674E+01    5.8589611878E+04
     5.5134855127E+05    3.6439462642E+01    2.6738900708E+01    4.3209563124E+08   -1.7626891967E+01   -3.5075408555E+01
    -2.1768898605E+02    3.2437350278E+04   -1.0657602674E+01   -1.7626891967E+01    5.5214872537E+09    1.7351998904E+02
     6.9926347351E+02   -1.1235216896E+01    5.8589611878E+04   -3.5075408555E+01    1.7351998904E+02    1.1987039673E+09

 Timoshenko Flexibility Matrix (1-extension; 2,3-shear, 4-twist; 5,6-bending)
 ========================================================

     2.6655706268E-10   -9.4465347752E-18   -3.2772541352E-17   -3.4012343499E-13    1.0508196754E-17   -1.5550430665E-16
    -9.4465347752E-18    2.5285330228E-09    5.2560035092E-17   -2.1322464760E-16   -1.4854496187E-14    2.3699024049E-17
    -3.2772541352E-17    5.2560035092E-17    5.5243565139E-09   -3.4183780903E-16    1.0671315399E-17   -2.7001654524E-13
    -3.4012343499E-13   -2.1322464760E-16   -3.4183780903E-16    2.3143029349E-09    7.3760611637E-18    6.7934188547E-17
     1.0508196754E-17   -1.4854496187E-14    1.0671315399E-17    7.3760611637E-18    1.8111062374E-10   -2.6217576245E-17
    -1.5550430665E-16    2.3699024049E-17   -2.7001654524E-13    6.7934188547E-17   -2.6217576245E-17    8.3423434235E-10

 The Generalized Shear Center of the Cross Section in the User Coordinate System
 ========================================================

  Xs2 =    1.4770659618E-07
  Xs3 =   -9.2133421425E-08
