
 The 6X6 Mass Matrix
 ========================================================

     1.1915728000E+02    0.0000000000E+00    0.0000000000E+00    0.0000000000E+00   -6.3143934526E-16    1.7014167852E-14
     0.0000000000E+00    1.1915728000E+02    0.0000000000E+00    6.3143934526E-16    0.0000000000E+00    0.0000000000E+00
     0.0000000000E+00    0.0000000000E+00    1.1915728000E+02   -1.7014167852E-14    0.0000000000E+00    0.0000000000E+00
     0.0000000000E+00    6.3143934526E-16   -1.7014167852E-14    3.5572721225E+01    0.0000000000E+00    0.0000000000E+00
    -6.3143934526E-16    0.0000000000E+00    0.0000000000E+00    0.0000000000E+00    3.8362386951E+00    7.6327832943E-17
     1.7014167852E-14    0.0000000000E+00    0.0000000000E+00    0.0000000000E+00    7.6327832943E-17    3.1736482529E+01

 The Mass Center of the Cross Section
 ========================================================

  Xm2 =   -1.4278748099E-16
  Xm3 =   -5.2992091231E-18

 The Mass Properties with respect to Principal Inertial Axes
 ========================================================

 Mass Per Unit Span                     =    1.1915728000E+02
 Mass Moments of Intertia about x1 axis =    3.5572721225E+01
 Mass Moments of Intertia about x2 axis =    3.8362386951E+00
 Mass Moments of Intertia about x3 axis =    3.1736482529E+01
 The user coordinate axes are the principal inertial axes.
 The mass-weighted radius of gyration   =    5.4638435316E-01

 The Geometric Center of the Cross Section
 ========================================================

  Xg2 =   -1.5220725985E-15
  Xg3 =   -5.5307870585E-18

 Classical Stiffness Matrix (1-extension; 2-twist; 3,4-bending)
 ========================================================

     2.2693753115E+09    5.7893655370E+02    2.6884146175E-02   -8.7831630098E-02
     5.7893655370E+02    1.4501736004E+07    1.9768607550E-04    1.9498168001E-03
     2.6884146175E-02    1.9768607550E-04    7.9229082853E+07    1.3120758462E-02
    -8.7831630098E-02    1.9498168001E-03    1.3120758462E-02    4.8644077826E+08

 Classical Flexibility Matrix (1-extension; 2-twist; 3,4-bending)
 ========================================================

     4.4064989820E-10   -1.7591572029E-14   -1.4952202363E-19    7.9563710310E-20
    -1.7591572029E-14    6.8957261375E-08   -1.7205067823E-19   -2.7640686764E-19
    -1.4952202363E-19   -1.7205067823E-19    1.2621627867E-08   -3.4044294405E-19
     7.9563710310E-20   -2.7640686764E-19   -3.4044294405E-19    2.0557487051E-09

 The Neutral Axes (or Tension Center) of the Cross Section
 ========================================================

  Xt2 =    3.8703033162E-11
  Xt3 =    1.1846492798E-11

 Timoshenko Stiffness Matrix (1-extension; 2,3-shear, 4-twist; 5,6-bending)
 ========================================================

     2.2693753115E+09    1.3627172113E-03   -3.0839933796E-03    5.7893655370E+02    2.6884146021E-02   -8.7831526473E-02
     1.3627172113E-03    1.1957639870E+08   -1.2293515533E-03   -2.6256783199E-04   -1.3513527531E+01   -9.7885424861E-05
    -3.0839933796E-03   -1.2293515533E-03    1.1280729213E+07    8.1333211393E-03    3.2382279307E-04   -3.7904521165E+02
     5.7893655370E+02   -2.6256783199E-04    8.1333211393E-03    1.4501736004E+07    1.9768610541E-04    1.9495435113E-03
     2.6884146021E-02   -1.3513527531E+01    3.2382279307E-04    1.9768610541E-04    7.9229082853E+07    1.3120747593E-02
    -8.7831526473E-02   -9.7885424861E-05   -3.7904521165E+02    1.9495435113E-03    1.3120747593E-02    4.8644077827E+08

 Timoshenko Flexibility Matrix (1-extension; 2,3-shear, 4-twist; 5,6-bending)
 ========================================================

     4.4064989820E-10   -5.0217923136E-21    1.2048286767E-19   -1.7591572029E-14   -1.4952202363E-19    7.9563710310E-20
    -5.0217923136E-21    8.3628543000E-09    9.1136733310E-19    1.5141767441E-19    1.4263911401E-15    1.6835107502E-21
     1.2048286767E-19    9.1136733310E-19    8.8646751564E-08   -4.9717682259E-17   -3.6232569725E-19    6.9075472719E-14
    -1.7591572029E-14    1.5141767441E-19   -4.9717682259E-17    6.8957261375E-08   -1.7205067823E-19   -2.7640686764E-19
    -1.4952202363E-19    1.4263911401E-15   -3.6232569725E-19   -1.7205067823E-19    1.2621627867E-08   -3.4044294405E-19
     7.9563710310E-20    1.6835107502E-21    6.9075472719E-14   -2.7640686764E-19   -3.4044294405E-19    2.0557487051E-09

 The Generalized Shear Center of the Cross Section in the User Coordinate System
 ========================================================

  Xs2 =    7.2099270284E-10
  Xs3 =    2.1958191406E-12
