
 The 6X6 Mass Matrix
 ========================================================

     3.6890240000E+02    0.0000000000E+00    0.0000000000E+00    0.0000000000E+00   -1.9428902931E-14    1.0508260928E-12
     0.0000000000E+00    3.6890240000E+02    0.0000000000E+00    1.9428902931E-14    0.0000000000E+00    0.0000000000E+00
     0.0000000000E+00    0.0000000000E+00    3.6890240000E+02   -1.0508260928E-12    0.0000000000E+00    0.0000000000E+00
     0.0000000000E+00    1.9428902931E-14   -1.0508260928E-12    3.5793236791E+02    0.0000000000E+00    0.0000000000E+00
    -1.9428902931E-14    0.0000000000E+00    0.0000000000E+00    0.0000000000E+00    2.4533134315E+02    2.9698465909E-15
     1.0508260928E-12    0.0000000000E+00    0.0000000000E+00    0.0000000000E+00    2.9698465909E-15    1.1260102476E+02

 The Mass Center of the Cross Section
 ========================================================

  Xm2 =   -2.8485206190E-15
  Xm3 =   -5.2666783764E-17

 The 6X6 Mass Matrix at the Mass Center
 ========================================================

   3.689024000000E+02  0.000000000000E+00  0.000000000000E+00  0.000000000000E+00  0.000000000000E+00  0.000000000000E+00
   0.000000000000E+00  3.689024000000E+02  0.000000000000E+00  0.000000000000E+00  0.000000000000E+00  0.000000000000E+00
   0.000000000000E+00  0.000000000000E+00  3.689024000000E+02  0.000000000000E+00  0.000000000000E+00  0.000000000000E+00
   0.000000000000E+00  0.000000000000E+00  0.000000000000E+00  3.579323679061E+02  0.000000000000E+00  0.000000000000E+00
   0.000000000000E+00  0.000000000000E+00  0.000000000000E+00  0.000000000000E+00  2.453313431467E+02  2.969846590872E-15
   0.000000000000E+00  0.000000000000E+00  0.000000000000E+00  0.000000000000E+00  2.969846590872E-15  1.126010247595E+02

 The Mass Properties with respect to Principal Inertial Axes
 ========================================================

 Mass Per Unit Span                     =    3.6890240000E+02
 Mass Moments of Intertia about x1 axis =    3.5793236791E+02
 Mass Moments of Intertia about x2 axis =    2.4533134315E+02
 Mass Moments of Intertia about x3 axis =    1.1260102476E+02
 The user coordinate axes are the principal inertial axes.
 The mass-weighted radius of gyration   =    9.8501931471E-01

 The Geometric Center of the Cross Section
 ========================================================

  Xg2 =   -1.4362988899E-14
  Xg3 =    4.2422005088E-17

 Classical Stiffness Matrix (1-extension; 2-twist; 3,4-bending)
 ========================================================

     6.5304466903E+09    8.7147022712E+03   -4.8524231090E+01    1.8676330095E+00
     8.7147022712E+03    2.4267352491E+08    1.3404331638E+00   -5.7167296508E-03
    -4.8524231090E+01    1.3404331638E+00    4.9176542824E+09   -2.2511486159E+00
     1.8676330095E+00   -5.7167296508E-03   -2.2511486159E+00    1.5064301952E+09

 Classical Flexibility Matrix (1-extension; 2-twist; 3,4-bending)
 ========================================================

     1.5312888191E-10   -5.4990449224E-15    1.5109782421E-18   -1.8984522714E-19
    -5.4990449224E-15    4.1207626601E-09   -1.1232741159E-18    1.5644637121E-20
     1.5109782421E-18   -1.1232741159E-18    2.0334898359E-10    3.0387652982E-19
    -1.8984522714E-19    1.5644637121E-20    3.0387652982E-19    6.6382100091E-10

 The Neutral Axes (or Tension Center) of the Cross Section
 ========================================================

  Xt2 =   -2.8598858599E-10
  Xt3 =   -7.4304686233E-09

 Timoshenko Stiffness Matrix (1-extension; 2,3-shear, 4-twist; 5,6-bending)
 ========================================================

     6.5304466903E+09   -1.4790300433E+00    5.0474858413E-03    8.7147022712E+03   -4.8524225282E+01    1.8676327890E+00
    -1.4790300433E+00    3.1511533766E+08   -8.3242102004E-02    3.6423817798E+00   -1.2374132161E+03   -2.5617507467E-03
     5.0474858413E-03   -8.3242102004E-02    1.1122368176E+08    3.4978659217E-02   -4.8784049347E-03   -4.8585077588E+03
     8.7147022712E+03    3.6423817798E+00    3.4978659217E-02    2.4267352491E+08    1.3404188607E+00   -5.7182576292E-03
    -4.8524225282E+01   -1.2374132161E+03   -4.8784049347E-03    1.3404188607E+00    4.9176542824E+09   -2.2511483928E+00
     1.8676327890E+00   -2.5617507467E-03   -4.8585077588E+03   -5.7182576292E-03   -2.2511483928E+00    1.5064301954E+09

 Timoshenko Flexibility Matrix (1-extension; 2,3-shear, 4-twist; 5,6-bending)
 ========================================================

     1.5312888191E-10    7.1879749763E-19   -6.9557651676E-21   -5.4990449224E-15    1.5109782421E-18   -1.8984522714E-19
     7.1879749763E-19    3.1734412150E-09    2.3750692745E-18   -4.7631449701E-17    7.9852260334E-16    5.4054284740E-21
    -6.9557651676E-21    2.3750692745E-18    8.9908910073E-09   -1.2959349189E-18    8.9330038184E-21    2.8997237210E-14
    -5.4990449224E-15   -4.7631449701E-17   -1.2959349189E-18    4.1207626601E-09   -1.1232741159E-18    1.5644637121E-20
     1.5109782421E-18    7.9852260334E-16    8.9330038184E-21   -1.1232741159E-18    2.0334898359E-10    3.0387652982E-19
    -1.8984522714E-19    5.4054284740E-21    2.8997237210E-14    1.5644637121E-20    3.0387652982E-19    6.6382100091E-10

 The Generalized Shear Center of the Cross Section in the User Coordinate System
 ========================================================

  Xs2 =    3.1448909481E-10
  Xs3 =   -1.1558891795E-08
