
 The 6X6 Mass Matrix
 ========================================================

     2.8963854400E+02    0.0000000000E+00    0.0000000000E+00    0.0000000000E+00   -9.2285120518E-15   -3.2893642237E-12
     0.0000000000E+00    2.8963854400E+02    0.0000000000E+00    9.2285120518E-15    0.0000000000E+00    0.0000000000E+00
     0.0000000000E+00    0.0000000000E+00    2.8963854400E+02    3.2893642237E-12    0.0000000000E+00    0.0000000000E+00
     0.0000000000E+00    9.2285120518E-15    3.2893642237E-12    4.0182150351E+02    0.0000000000E+00    0.0000000000E+00
    -9.2285120518E-15    0.0000000000E+00    0.0000000000E+00    0.0000000000E+00    2.8804692195E+02    1.4823212102E-15
    -3.2893642237E-12    0.0000000000E+00    0.0000000000E+00    0.0000000000E+00    1.4823212102E-15    1.1377458156E+02

 The Mass Center of the Cross Section
 ========================================================

  Xm2 =    1.1356790358E-14
  Xm3 =   -3.1862168358E-17

 The 6X6 Mass Matrix at the Mass Center
 ========================================================

   2.896385440000E+02  0.000000000000E+00  0.000000000000E+00  0.000000000000E+00  0.000000000000E+00  0.000000000000E+00
   0.000000000000E+00  2.896385440000E+02  0.000000000000E+00  0.000000000000E+00  0.000000000000E+00  0.000000000000E+00
   0.000000000000E+00  0.000000000000E+00  2.896385440000E+02  0.000000000000E+00  0.000000000000E+00  0.000000000000E+00
   0.000000000000E+00  0.000000000000E+00  0.000000000000E+00  4.018215035122E+02  0.000000000000E+00  0.000000000000E+00
   0.000000000000E+00  0.000000000000E+00  0.000000000000E+00  0.000000000000E+00  2.880469219541E+02  1.482321210222E-15
   0.000000000000E+00  0.000000000000E+00  0.000000000000E+00  0.000000000000E+00  1.482321210222E-15  1.137745815581E+02

 The Mass Properties with respect to Principal Inertial Axes
 ========================================================

 Mass Per Unit Span                     =    2.8963854400E+02
 Mass Moments of Intertia about x1 axis =    4.0182150351E+02
 Mass Moments of Intertia about x2 axis =    2.8804692195E+02
 Mass Moments of Intertia about x3 axis =    1.1377458156E+02
 The user coordinate axes are the principal inertial axes.
 The mass-weighted radius of gyration   =    1.1778457232E+00

 The Geometric Center of the Cross Section
 ========================================================

  Xg2 =   -7.5123196174E-15
  Xg3 =   -2.4029761424E-17

 Classical Stiffness Matrix (1-extension; 2-twist; 3,4-bending)
 ========================================================

     3.6049149517E+09    1.1554654935E+05   -1.2407279581E-01   -1.9115636378E-02
     1.1554654935E+05    3.5884233847E+08   -1.1060721451E-01   -1.8240127963E-01
    -1.2407279581E-01   -1.1060721451E-01    4.2778942002E+09   -8.8546395419E-02
    -1.9115636378E-02   -1.8240127963E-01   -8.8546395419E-02    1.0807252897E+09

 Classical Flexibility Matrix (1-extension; 2-twist; 3,4-bending)
 ========================================================

     2.7739905760E-10   -8.9321968067E-14    8.0431622119E-21    4.8914993723E-21
    -8.9321968067E-14    2.7867391975E-09    7.2050023538E-20    4.7033514717E-19
     8.0431622119E-21    7.2050023538E-20    2.3375987184E-10    1.9152502727E-20
     4.8914993723E-21    4.7033514717E-19    1.9152502727E-20    9.2530452422E-10

 The Neutral Axes (or Tension Center) of the Cross Section
 ========================================================

  Xt2 =    5.2863670755E-12
  Xt3 =   -3.4407796977E-11

 Timoshenko Stiffness Matrix (1-extension; 2,3-shear, 4-twist; 5,6-bending)
 ========================================================

     3.6049149517E+09    9.7127025339E-02   -4.9218913786E-02    1.1554654935E+05   -1.2407126578E-01   -1.9120168197E-02
     9.7127025339E-02    2.9322846182E+08   -2.2509575578E-02    2.4846432733E-01    4.6191885769E+03   -1.7916774386E-01
    -4.9218913786E-02   -2.2509575578E-02    1.5702643028E+08   -1.9717981831E-02    1.1653917596E-02    1.4457978517E+04
     1.1554654935E+05    2.4846432733E-01   -1.9717981831E-02    3.5884233847E+08   -1.1060330049E-01   -1.8240309529E-01
    -1.2407126578E-01    4.6191885769E+03    1.1653917596E-02   -1.1060330049E-01    4.2778942003E+09   -8.8548144774E-02
    -1.9120168197E-02   -1.7916774386E-01    1.4457978517E+04   -1.8240309529E-01   -8.8548144774E-02    1.0807252910E+09

 Timoshenko Flexibility Matrix (1-extension; 2,3-shear, 4-twist; 5,6-bending)
 ========================================================

     2.7739905760E-10   -9.1808240429E-20    8.6937264662E-20   -8.9321968067E-14    8.0431622119E-21    4.8914993723E-21
    -9.1808240429E-20    3.4103101513E-09    4.8881263306E-19   -2.3612883039E-18   -3.6823878659E-15    5.6537048499E-19
     8.6937264662E-20    4.8881263306E-19    6.3683546742E-09    3.4986260775E-19   -1.7351079513E-20   -8.5196058454E-14
    -8.9321968067E-14   -2.3612883039E-18    3.4986260775E-19    2.7867391975E-09    7.2050023538E-20    4.7033514717E-19
     8.0431622119E-21   -3.6823878659E-15   -1.7351079513E-20    7.2050023538E-20    2.3375987184E-10    1.9152502727E-20
     4.8914993723E-21    5.6537048499E-19   -8.5196058454E-14    4.7033514717E-19    1.9152502727E-20    9.2530452422E-10

 The Generalized Shear Center of the Cross Section in the User Coordinate System
 ========================================================

  Xs2 =   -1.2554551501E-10
  Xs3 =   -8.4733020803E-10
