
 The 6X6 Mass Matrix
 ========================================================

     4.3528664000E+02    0.0000000000E+00    0.0000000000E+00    0.0000000000E+00    2.2426505097E-14    1.0851874954E-12
     0.0000000000E+00    4.3528664000E+02    0.0000000000E+00   -2.2426505097E-14    0.0000000000E+00    0.0000000000E+00
     0.0000000000E+00    0.0000000000E+00    4.3528664000E+02   -1.0851874954E-12    0.0000000000E+00    0.0000000000E+00
     0.0000000000E+00   -2.2426505097E-14   -1.0851874954E-12    2.4930123035E+02    0.0000000000E+00    0.0000000000E+00
     2.2426505097E-14    0.0000000000E+00    0.0000000000E+00    0.0000000000E+00    1.3820327387E+02    1.3877787808E-16
     1.0851874954E-12    0.0000000000E+00    0.0000000000E+00    0.0000000000E+00    1.3877787808E-16    1.1109795648E+02

 The Mass Center of the Cross Section
 ========================================================

  Xm2 =   -2.4930411267E-15
  Xm3 =    5.1521234599E-17

 The 6X6 Mass Matrix at the Mass Center
 ========================================================

   4.352866400000E+02  0.000000000000E+00  0.000000000000E+00  0.000000000000E+00  0.000000000000E+00  0.000000000000E+00
   0.000000000000E+00  4.352866400000E+02  0.000000000000E+00  0.000000000000E+00  0.000000000000E+00  0.000000000000E+00
   0.000000000000E+00  0.000000000000E+00  4.352866400000E+02  0.000000000000E+00  0.000000000000E+00  0.000000000000E+00
   0.000000000000E+00  0.000000000000E+00  0.000000000000E+00  2.493012303546E+02  0.000000000000E+00  0.000000000000E+00
   0.000000000000E+00  0.000000000000E+00  0.000000000000E+00  0.000000000000E+00  1.382032738739E+02  1.387778780781E-16
   0.000000000000E+00  0.000000000000E+00  0.000000000000E+00  0.000000000000E+00  1.387778780781E-16  1.110979564807E+02

 The Mass Properties with respect to Principal Inertial Axes
 ========================================================

 Mass Per Unit Span                     =    4.3528664000E+02
 Mass Moments of Intertia about x1 axis =    2.4930123035E+02
 Mass Moments of Intertia about x2 axis =    1.3820327387E+02
 Mass Moments of Intertia about x3 axis =    1.1109795648E+02
 The user coordinate axes are the principal inertial axes.
 The mass-weighted radius of gyration   =    7.5678853140E-01

 The Geometric Center of the Cross Section
 ========================================================

  Xg2 =    4.1410980827E-15
  Xg3 =   -6.4360079605E-17

 Classical Stiffness Matrix (1-extension; 2-twist; 3,4-bending)
 ========================================================

     8.4579114635E+09    5.3218555747E+03    3.0743535832E-01    5.1494313942E-01
     5.3218555747E+03    1.5681574353E+08   -1.3537293777E-01   -1.4183459901E-04
     3.0743535832E-01   -1.3537293777E-01    2.8764172033E+09   -2.6540834877E-01
     5.1494313942E-01   -1.4183459901E-04   -2.6540834877E-01    1.7773158947E+09

 Classical Flexibility Matrix (1-extension; 2-twist; 3,4-bending)
 ========================================================

     1.1823249798E-10   -4.0124560477E-15   -1.2637038023E-20   -3.4255595443E-20
    -4.0124560477E-15    6.3769107460E-09    3.0011723408E-19    5.1005724287E-22
    -1.2637038023E-20    3.0011723408E-19    3.4765471394E-10    5.1915623919E-20
    -3.4255595443E-20    5.1005724287E-22    5.1915623919E-20    5.6264618066E-10

 The Neutral Axes (or Tension Center) of the Cross Section
 ========================================================

  Xt2 =   -6.0883014261E-11
  Xt3 =    3.6349393560E-11

 Timoshenko Stiffness Matrix (1-extension; 2,3-shear, 4-twist; 5,6-bending)
 ========================================================

     8.4579114635E+09    9.6881471226E-02    1.2884586159E-05    5.3218555747E+03    3.0743527155E-01    5.1494313890E-01
     9.6881471226E-02    4.3726869365E+08    1.9430615581E-02   -6.4255537164E-02   -3.9162718718E+02    2.3737694167E-03
     1.2884586159E-05    1.9430615581E-02    7.2701442106E+07   -1.7085690277E-04   -7.9820073438E-04   -2.9695493461E+03
     5.3218555747E+03   -6.4255537164E-02   -1.7085690277E-04    1.5681574353E+08   -1.3537288022E-01   -1.4182762057E-04
     3.0743527155E-01   -3.9162718718E+02   -7.9820073438E-04   -1.3537288022E-01    2.8764172033E+09   -2.6540831829E-01
     5.1494313890E-01    2.3737694167E-03   -2.9695493461E+03   -1.4182762057E-04   -2.6540831829E-01    1.7773158949E+09

 Timoshenko Flexibility Matrix (1-extension; 2,3-shear, 4-twist; 5,6-bending)
 ========================================================

     1.1823249798E-10   -2.6196252530E-20   -2.2362493753E-23   -4.0124560477E-15   -1.2637038023E-20   -3.4255595443E-20
    -2.6196252530E-20    2.2869233826E-09   -6.1121673311E-19    9.3707218844E-19    3.1136699175E-16   -3.0553719713E-21
    -2.2362493753E-23   -6.1121673311E-19    1.3754885338E-08    1.4986508329E-20    3.8189939008E-21    2.2981739419E-14
    -4.0124560477E-15    9.3707218844E-19    1.4986508329E-20    6.3769107460E-09    3.0011723408E-19    5.1005724287E-22
    -1.2637038023E-20    3.1136699175E-16    3.8189939008E-21    3.0011723408E-19    3.4765471394E-10    5.1915623919E-20
    -3.4255595443E-20   -3.0553719713E-21    2.2981739419E-14    5.1005724287E-22    5.1915623919E-20    5.6264618066E-10

 The Generalized Shear Center of the Cross Section in the User Coordinate System
 ========================================================

  Xs2 =   -2.3501204465E-12
  Xs3 =    1.4694767196E-10
