
 The 6X6 Mass Matrix
 ========================================================

     2.0859880000E+02    0.0000000000E+00    0.0000000000E+00    0.0000000000E+00    2.9976021665E-15   -7.8270723236E-15
     0.0000000000E+00    2.0859880000E+02    0.0000000000E+00   -2.9976021665E-15    0.0000000000E+00    0.0000000000E+00
     0.0000000000E+00    0.0000000000E+00    2.0859880000E+02    7.8270723236E-15    0.0000000000E+00    0.0000000000E+00
     0.0000000000E+00   -2.9976021665E-15    7.8270723236E-15    5.8531846768E+01    0.0000000000E+00    0.0000000000E+00
     2.9976021665E-15    0.0000000000E+00    0.0000000000E+00    0.0000000000E+00    8.6796368408E+00   -9.7144514655E-17
    -7.8270723236E-15    0.0000000000E+00    0.0000000000E+00    0.0000000000E+00   -9.7144514655E-17    4.9852209927E+01

 The Mass Center of the Cross Section
 ========================================================

  Xm2 =    3.7522134948E-17
  Xm3 =    1.4370179342E-17

 The Mass Properties with respect to Principal Inertial Axes
 ========================================================

 Mass Per Unit Span                     =    2.0859880000E+02
 Mass Moments of Intertia about x1 axis =    5.8531846768E+01
 Mass Moments of Intertia about x2 axis =    8.6796368408E+00
 Mass Moments of Intertia about x3 axis =    4.9852209927E+01
 The user coordinate axes are the principal inertial axes.
 The mass-weighted radius of gyration   =    5.2971248683E-01

 The Geometric Center of the Cross Section
 ========================================================

  Xg2 =    3.0457022179E-15
  Xg3 =   -6.4161797910E-17

 Classical Stiffness Matrix (1-extension; 2-twist; 3,4-bending)
 ========================================================

     4.1701880606E+09    7.3892287865E+02   -3.4564545173E-01   -3.0334817638E-02
     7.3892287865E+02    2.6291494595E+07   -7.0724197229E-03    1.4246463732E-05
    -3.4564545173E-01   -7.0724197229E-03    1.8255864811E+08    4.7552509062E-03
    -3.0334817638E-02    1.4246463732E-05    4.7552509062E-03    8.5161225803E+08

 Classical Flexibility Matrix (1-extension; 2-twist; 3,4-bending)
 ========================================================

     2.3979733899E-10   -6.7395080709E-15    4.5401745002E-19    8.5416908616E-21
    -6.7395080709E-15    3.8035114223E-08    1.4734879191E-18   -6.3652245370E-22
     4.5401745002E-19    1.4734879191E-18    5.4776917465E-09   -3.0586453380E-20
     8.5416908616E-21   -6.3652245370E-22   -3.0586453380E-20    1.1742433139E-09

 The Neutral Axes (or Tension Center) of the Cross Section
 ========================================================

  Xt2 =    7.2742086442E-12
  Xt3 =   -8.2884811893E-11

 Timoshenko Stiffness Matrix (1-extension; 2,3-shear, 4-twist; 5,6-bending)
 ========================================================

     4.1701880606E+09   -1.6422800358E-02    1.6133585530E-04    7.3892287865E+02   -3.4564545015E-01   -3.0334821912E-02
    -1.6422800358E-02    2.1995710346E+08    3.6590853772E-03    2.5594409188E-03   -2.1109408305E+01   -8.4849962630E-05
     1.6133585530E-04    3.6590853772E-03    1.6923470678E+07   -1.1649223733E-03    4.2628073693E-05   -4.4838815441E+02
     7.3892287865E+02    2.5594409188E-03   -1.1649223733E-03    2.6291494595E+07   -7.0724199685E-03    1.4277328404E-05
    -3.4564545015E-01   -2.1109408305E+01    4.2628073693E-05   -7.0724199685E-03    1.8255864811E+08    4.7552497849E-03
    -3.0334821912E-02   -8.4849962630E-05   -4.4838815441E+02    1.4277328404E-05    4.7552497849E-03    8.5161225804E+08

 Timoshenko Flexibility Matrix (1-extension; 2,3-shear, 4-twist; 5,6-bending)
 ========================================================

     2.3979733899E-10    1.7904266768E-20   -2.2862881153E-21   -6.7395080709E-15    4.5401745002E-19    8.5416908616E-21
     1.7904266768E-20    4.5463410104E-09   -9.8298097640E-19   -4.4258042021E-19    5.2569719197E-16    4.5245192856E-22
    -2.2862881153E-21   -9.8298097640E-19    5.9089534237E-08    2.6181365027E-18   -1.3798533907E-20    3.1111632026E-14
    -6.7395080709E-15   -4.4258042021E-19    2.6181365027E-18    3.8035114223E-08    1.4734879191E-18   -6.3652245370E-22
     4.5401745002E-19    5.2569719197E-16   -1.3798533907E-20    1.4734879191E-18    5.4776917465E-09   -3.0586453380E-20
     8.5416908616E-21    4.5245192856E-22    3.1111632026E-14   -6.3652245370E-22   -3.0586453380E-20    1.1742433139E-09

 The Generalized Shear Center of the Cross Section in the User Coordinate System
 ========================================================

  Xs2 =   -6.8834721708E-11
  Xs3 =   -1.1636100726E-11
