
 The 6X6 Mass Matrix
 ========================================================

     3.6428896000E+02    0.0000000000E+00    0.0000000000E+00    0.0000000000E+00   -2.8615998460E-14   -1.7008616737E-13
     0.0000000000E+00    3.6428896000E+02    0.0000000000E+00    2.8615998460E-14    0.0000000000E+00    0.0000000000E+00
     0.0000000000E+00    0.0000000000E+00    3.6428896000E+02    1.7008616737E-13    0.0000000000E+00    0.0000000000E+00
     0.0000000000E+00    2.8615998460E-14    1.7008616737E-13    1.3940316391E+02    0.0000000000E+00    0.0000000000E+00
    -2.8615998460E-14    0.0000000000E+00    0.0000000000E+00    0.0000000000E+00    5.1365828749E+01    1.5404344467E-15
    -1.7008616737E-13    0.0000000000E+00    0.0000000000E+00    0.0000000000E+00    1.5404344467E-15    8.8037335162E+01

 The Mass Center of the Cross Section
 ========================================================

  Xm2 =    4.6689904457E-16
  Xm3 =   -7.8553021370E-17

 The Mass Properties with respect to Principal Inertial Axes
 ========================================================

 Mass Per Unit Span                     =    3.6428896000E+02
 Mass Moments of Intertia about x1 axis =    1.3940316391E+02
 Mass Moments of Intertia about x2 axis =    5.1365828749E+01
 Mass Moments of Intertia about x3 axis =    8.8037335162E+01
 The user coordinate axes are the principal inertial axes.
 The mass-weighted radius of gyration   =    6.1860483540E-01

 The Geometric Center of the Cross Section
 ========================================================

  Xg2 =   -7.3702665472E-15
  Xg3 =   -4.4113455802E-17

 Classical Stiffness Matrix (1-extension; 2-twist; 3,4-bending)
 ========================================================

     7.2490596804E+09    2.9493985873E+03    6.1567969496E+00    7.1308880478E-01
     2.9493985873E+03    8.6889128212E+07   -2.2953761736E-01   -1.0181425233E-03
     6.1567969496E+00   -2.2953761736E-01    1.0785788775E+09   -2.1066741705E-01
     7.1308880478E-01   -1.0181425233E-03   -2.1066741705E-01    1.4873435807E+09

 Classical Flexibility Matrix (1-extension; 2-twist; 3,4-bending)
 ========================================================

     1.3794892636E-10   -4.6825923667E-15   -7.8744783673E-19   -6.6137939629E-20
    -4.6825923667E-15    1.1508919707E-08    2.4492959141E-18    7.8805330008E-21
    -7.8744783673E-19    2.4492959141E-18    9.2714591474E-10    1.3132099279E-19
    -6.6137939629E-20    7.8805330008E-21    1.3132099279E-19    6.7233960798E-10

 The Neutral Axes (or Tension Center) of the Cross Section
 ========================================================

  Xt2 =   -9.8369839784E-11
  Xt3 =    8.4932460382E-10

 Timoshenko Stiffness Matrix (1-extension; 2,3-shear, 4-twist; 5,6-bending)
 ========================================================

     7.2490596804E+09    3.6090356588E-01    2.9720213101E-03    2.9493985873E+03    6.1567968748E+00    7.1308868771E-01
     3.6090356588E-01    3.8018585365E+08    1.0620699436E-02   -3.7765081805E-01   -7.8758108877E+01   -3.4704649032E-04
     2.9720213101E-03    1.0620699436E-02    4.3805590340E+07   -1.3851086184E-02   -9.7003514857E-04   -1.7255569269E+03
     2.9493985873E+03   -3.7765081805E-01   -1.3851086184E-02    8.6889128212E+07   -2.2953753912E-01   -1.0175969114E-03
     6.1567968748E+00   -7.8758108877E+01   -9.7003514857E-04   -2.2953753912E-01    1.0785788775E+09   -2.1066737877E-01
     7.1308868771E-01   -3.4704649032E-04   -1.7255569269E+03   -1.0175969114E-03   -2.1066737877E-01    1.4873435808E+09

 Timoshenko Flexibility Matrix (1-extension; 2,3-shear, 4-twist; 5,6-bending)
 ========================================================

     1.3794892636E-10   -1.3095723935E-19   -9.3633284885E-21   -4.6825923667E-15   -7.8744783673E-19   -6.6137939629E-20
    -1.3095723935E-19    2.6302925014E-09   -6.3771642997E-19    1.1432184505E-17    1.9206463943E-16    6.1302172790E-22
    -9.3633284885E-21   -6.3771642997E-19    2.2828136598E-08    3.6390575930E-18    2.0535934259E-20    2.6484297068E-14
    -4.6825923667E-15    1.1432184505E-17    3.6390575930E-18    1.1508919707E-08    2.4492959141E-18    7.8805330008E-21
    -7.8744783673E-19    1.9206463943E-16    2.0535934259E-20    2.4492959141E-18    9.2714591474E-10    1.3132099279E-19
    -6.6137939629E-20    6.1302172790E-22    2.6484297068E-14    7.8805330008E-21    1.3132099279E-19    6.7233960798E-10

 The Generalized Shear Center of the Cross Section in the User Coordinate System
 ========================================================

  Xs2 =   -3.1619454176E-10
  Xs3 =    9.9333254518E-10
