
 The 6X6 Mass Matrix
 ========================================================

     1.5760000000E+03    0.0000000000E+00    0.0000000000E+00    0.0000000000E+00   -2.4646951147E-14   -7.5495165675E-14
     0.0000000000E+00    1.5760000000E+03    0.0000000000E+00    2.4646951147E-14    0.0000000000E+00    0.0000000000E+00
     0.0000000000E+00    0.0000000000E+00    1.5760000000E+03    7.5495165675E-14    0.0000000000E+00    0.0000000000E+00
     0.0000000000E+00    2.4646951147E-14    7.5495165675E-14    1.5964866667E+03    0.0000000000E+00    0.0000000000E+00
    -2.4646951147E-14    0.0000000000E+00    0.0000000000E+00    0.0000000000E+00    9.7821333333E+02   -2.2870594307E-14
    -7.5495165675E-14    0.0000000000E+00    0.0000000000E+00    0.0000000000E+00   -2.2870594307E-14    6.1827333333E+02

 The Mass Center of the Cross Section
 ========================================================

  Xm2 =    4.7903023905E-17
  Xm3 =   -1.5638928393E-17

 The Mass Properties with respect to Principal Inertial Axes
 ========================================================

 Mass Per Unit Span                     =    1.5760000000E+03
 Mass Moments of Intertia about x1 axis =    1.5964866667E+03
 Mass Moments of Intertia about x2 axis =    9.7821333333E+02
 Mass Moments of Intertia about x3 axis =    6.1827333333E+02
 The user coordinate axes are the principal inertial axes.
 The mass-weighted radius of gyration   =    1.0064785909E+00

 The Geometric Center of the Cross Section
 ========================================================

  Xg2 =   -2.8061703288E-18
  Xg3 =   -3.9158831406E-17

 Classical Stiffness Matrix (1-extension; 2-twist; 3,4-bending)
 ========================================================

     2.4255818498E+10    0.0000000000E+00   -4.8492879136E-03   -4.2657650300E-03
     0.0000000000E+00    3.8763002044E+09    0.0000000000E+00    0.0000000000E+00
    -4.8492879136E-03    0.0000000000E+00    1.7947948082E+10   -2.6793344484E-03
    -4.2657650300E-03    0.0000000000E+00   -2.6793344484E-03    7.0163081108E+09

 Classical Flexibility Matrix (1-extension; 2-twist; 3,4-bending)
 ========================================================

     4.1227221422E-11    0.0000000000E+00    1.1139026347E-23    2.5065267466E-23
     0.0000000000E+00    2.5797795508E-10    0.0000000000E+00    0.0000000000E+00
     1.1139026347E-23    0.0000000000E+00    5.5716675546E-11    2.1276660857E-23
     2.5065267466E-23    0.0000000000E+00    2.1276660857E-23    1.4252509785E-10

 The Neutral Axes (or Tension Center) of the Cross Section
 ========================================================

  Xt2 =    1.7586563942E-13
  Xt3 =   -1.9992266655E-13

 Classical Stiffness Matrix (correct up to the 2nd order) (1-extension; 2-twist; 3,4-bending)
 ========================================================

     2.4255818498E+10    0.0000000000E+00   -4.8492879136E-03   -4.2657650300E-03
     0.0000000000E+00    3.8763002044E+09    0.0000000000E+00    0.0000000000E+00
    -4.8492879136E-03    0.0000000000E+00    1.7947948082E+10   -2.6793344484E-03
    -4.2657650300E-03    0.0000000000E+00   -2.6793344484E-03    7.0163081108E+09

 Classical Flexibility Matrix (correct up to the 2nd order) (1-extension; 2-twist; 3,4-bending)
 ========================================================

     4.1227221422E-11    0.0000000000E+00    1.1139026347E-23    2.5065267466E-23
     0.0000000000E+00    2.5797795508E-10    0.0000000000E+00    0.0000000000E+00
     1.1139026347E-23    0.0000000000E+00    5.5716675546E-11    2.1276660857E-23
     2.5065267466E-23    0.0000000000E+00    2.1276660857E-23    1.4252509785E-10

 The Neutral Axes (or Tension Center) of the Cross Section, Corrected by Initial Curvature/Twist
 ========================================================

  Xt2 =    1.7586563942E-13
  Xt3 =   -1.9992266655E-13

 Timoshenko Stiffness Matrix (1-extension; 2,3-shear, 4-twist; 5,6-bending)
 ========================================================

     2.4255818498E+10    0.0000000000E+00    0.0000000000E+00    0.0000000000E+00   -4.8492879136E-03   -4.2657650300E-03
     0.0000000000E+00    5.3616191679E+09    7.0195690922E-03    7.1608099171E-03    0.0000000000E+00    0.0000000000E+00
     0.0000000000E+00    7.0195690922E-03    1.6679639911E+09    2.7887540879E-04    0.0000000000E+00    0.0000000000E+00
     0.0000000000E+00    7.1608099171E-03    2.7887540879E-04    3.8763002044E+09    0.0000000000E+00    0.0000000000E+00
    -4.8492879136E-03    0.0000000000E+00    0.0000000000E+00    0.0000000000E+00    1.7947948082E+10   -2.6793344484E-03
    -4.2657650300E-03    0.0000000000E+00    0.0000000000E+00    0.0000000000E+00   -2.6793344484E-03    7.0163081108E+09

 Timoshenko Flexibility Matrix (1-extension; 2,3-shear, 4-twist; 5,6-bending)
 ========================================================

     4.1227221422E-11    0.0000000000E+00    0.0000000000E+00    0.0000000000E+00    1.1139026347E-23    2.5065267466E-23
     0.0000000000E+00    1.8651082232E-10   -7.8492438129E-22   -3.4454724240E-22    0.0000000000E+00    0.0000000000E+00
     0.0000000000E+00   -7.8492438129E-22    5.9953332646E-10   -4.3132650382E-23    0.0000000000E+00    0.0000000000E+00
     0.0000000000E+00   -3.4454724240E-22   -4.3132650382E-23    2.5797795508E-10    0.0000000000E+00    0.0000000000E+00
     1.1139026347E-23    0.0000000000E+00    0.0000000000E+00    0.0000000000E+00    5.5716675546E-11    2.1276660857E-23
     2.5065267466E-23    0.0000000000E+00    0.0000000000E+00    0.0000000000E+00    2.1276660857E-23    1.4252509785E-10

 The Generalized Shear Center of the Cross Section in the User Coordinate System
 ========================================================

  Xs2 =    1.6719510149E-13
  Xs3 =   -1.3355685461E-12
