
 The 6X6 Mass Matrix
 ========================================================

     1.9656192000E+02    0.0000000000E+00    0.0000000000E+00    0.0000000000E+00    2.0122792321E-16   -5.7099464046E-13
     0.0000000000E+00    1.9656192000E+02    0.0000000000E+00   -2.0122792321E-16    0.0000000000E+00    0.0000000000E+00
     0.0000000000E+00    0.0000000000E+00    1.9656192000E+02    5.7099464046E-13    0.0000000000E+00    0.0000000000E+00
     0.0000000000E+00   -2.0122792321E-16    5.7099464046E-13    1.1642981370E+02    0.0000000000E+00    0.0000000000E+00
     2.0122792321E-16    0.0000000000E+00    0.0000000000E+00    0.0000000000E+00    5.4295008102E+00   -2.0166160408E-16
    -5.7099464046E-13    0.0000000000E+00    0.0000000000E+00    0.0000000000E+00   -2.0166160408E-16    1.1100031289E+02

 The Mass Center of the Cross Section
 ========================================================

  Xm2 =    2.9049097631E-15
  Xm3 =    1.0237380832E-18

 The 6X6 Mass Matrix at the Mass Center
 ========================================================

   1.965619200000E+02  0.000000000000E+00  0.000000000000E+00  0.000000000000E+00  0.000000000000E+00  0.000000000000E+00
   0.000000000000E+00  1.965619200000E+02  0.000000000000E+00  0.000000000000E+00  0.000000000000E+00  0.000000000000E+00
   0.000000000000E+00  0.000000000000E+00  1.965619200000E+02  0.000000000000E+00  0.000000000000E+00  0.000000000000E+00
   0.000000000000E+00  0.000000000000E+00  0.000000000000E+00  1.164298137037E+02  0.000000000000E+00  0.000000000000E+00
   0.000000000000E+00  0.000000000000E+00  0.000000000000E+00  0.000000000000E+00  5.429500810240E+00 -2.016616040823E-16
   0.000000000000E+00  0.000000000000E+00  0.000000000000E+00  0.000000000000E+00 -2.016616040823E-16  1.110003128934E+02

 The Mass Properties with respect to Principal Inertial Axes
 ========================================================

 Mass Per Unit Span                     =    1.9656192000E+02
 Mass Moments of Intertia about x1 axis =    1.1642981370E+02
 Mass Moments of Intertia about x2 axis =    5.4295008102E+00
 Mass Moments of Intertia about x3 axis =    1.1100031289E+02
 The user coordinate axes are the principal inertial axes.
 The mass-weighted radius of gyration   =    7.6963074500E-01

 The Geometric Center of the Cross Section
 ========================================================

  Xg2 =   -2.2888836453E-14
  Xg3 =   -6.2673620531E-18

 Classical Stiffness Matrix (1-extension; 2-twist; 3,4-bending)
 ========================================================

     4.2793168000E+09    0.0000000000E+00   -8.0574845902E-04   -6.5293227502E-05
     0.0000000000E+00    1.1242549062E+07    0.0000000000E+00    0.0000000000E+00
    -8.0574845902E-04    0.0000000000E+00    1.1820488651E+08   -6.9686796152E-05
    -6.5293227502E-05    0.0000000000E+00   -6.9686796152E-05    2.4165694162E+09

 Classical Flexibility Matrix (1-extension; 2-twist; 3,4-bending)
 ========================================================

     2.3368216160E-10    0.0000000000E+00    1.5929040429E-21    6.3138523720E-24
     0.0000000000E+00    8.8947799518E-08    0.0000000000E+00    0.0000000000E+00
     1.5929040429E-21    0.0000000000E+00    8.4598871464E-09    2.4395840942E-22
     6.3138523720E-24    0.0000000000E+00    2.4395840942E-22    4.1380975580E-10

 The Neutral Axes (or Tension Center) of the Cross Section
 ========================================================

  Xt2 =    1.5257862541E-14
  Xt3 =   -1.8828904161E-13

 Classical Stiffness Matrix (correct up to the 2nd order) (1-extension; 2-twist; 3,4-bending)
 ========================================================

     4.2793168000E+09    0.0000000000E+00   -8.0574845902E-04   -6.5293227502E-05
     0.0000000000E+00    1.1242549062E+07    0.0000000000E+00    0.0000000000E+00
    -8.0574845902E-04    0.0000000000E+00    1.1820488651E+08   -6.9686796152E-05
    -6.5293227502E-05    0.0000000000E+00   -6.9686796152E-05    2.4165694162E+09

 Classical Flexibility Matrix (correct up to the 2nd order) (1-extension; 2-twist; 3,4-bending)
 ========================================================

     2.3368216160E-10    0.0000000000E+00    1.5929040429E-21    6.3138523720E-24
     0.0000000000E+00    8.8947799518E-08    0.0000000000E+00    0.0000000000E+00
     1.5929040429E-21    0.0000000000E+00    8.4598871464E-09    2.4395840942E-22
     6.3138523720E-24    0.0000000000E+00    2.4395840942E-22    4.1380975580E-10

 The Neutral Axes (or Tension Center) of the Cross Section, Corrected by Initial Curvature/Twist
 ========================================================

  Xt2 =    1.5257862541E-14
  Xt3 =   -1.8828904161E-13

 Timoshenko Stiffness Matrix (1-extension; 2,3-shear, 4-twist; 5,6-bending)
 ========================================================

     4.2793168000E+09    0.0000000000E+00    0.0000000000E+00    0.0000000000E+00   -8.0574845902E-04   -6.5293227502E-05
     0.0000000000E+00    4.3264256467E+07    5.6277296339E-04   -1.3817323475E+01    0.0000000000E+00    0.0000000000E+00
     0.0000000000E+00    5.6277296339E-04    7.4168702589E+07   -2.2906994227E-04    0.0000000000E+00    0.0000000000E+00
     0.0000000000E+00   -1.3817323475E+01   -2.2906994227E-04    1.1242549062E+07    0.0000000000E+00    0.0000000000E+00
    -8.0574845902E-04    0.0000000000E+00    0.0000000000E+00    0.0000000000E+00    1.1820488651E+08   -6.9686796152E-05
    -6.5293227502E-05    0.0000000000E+00    0.0000000000E+00    0.0000000000E+00   -6.9686796152E-05    2.4165694162E+09

 Timoshenko Flexibility Matrix (1-extension; 2,3-shear, 4-twist; 5,6-bending)
 ========================================================

     2.3368216160E-10    0.0000000000E+00    0.0000000000E+00    0.0000000000E+00    1.5929040429E-21    6.3138523720E-24
     0.0000000000E+00    2.3113768308E-08   -1.7538121774E-19    2.8407295506E-14    0.0000000000E+00    0.0000000000E+00
     0.0000000000E+00   -1.7538121774E-19    1.3482775957E-08    2.7471494853E-19    0.0000000000E+00    0.0000000000E+00
     0.0000000000E+00    2.8407295506E-14    2.7471494853E-19    8.8947799518E-08    0.0000000000E+00    0.0000000000E+00
     1.5929040429E-21    0.0000000000E+00    0.0000000000E+00    0.0000000000E+00    8.4598871464E-09    2.4395840942E-22
     6.3138523720E-24    0.0000000000E+00    0.0000000000E+00    0.0000000000E+00    2.4395840942E-22    4.1380975580E-10

 The Generalized Shear Center of the Cross Section in the User Coordinate System
 ========================================================

  Xs2 =   -3.0884962868E-12
  Xs3 =    3.1937041344E-07
