
 The 6X6 Mass Matrix
 ========================================================

     3.3139968000E+02    0.0000000000E+00    0.0000000000E+00    0.0000000000E+00   -1.3877787808E-15   -1.7023049637E-12
     0.0000000000E+00    3.3139968000E+02    0.0000000000E+00    1.3877787808E-15    0.0000000000E+00    0.0000000000E+00
     0.0000000000E+00    0.0000000000E+00    3.3139968000E+02    1.7023049637E-12    0.0000000000E+00    0.0000000000E+00
     0.0000000000E+00    1.3877787808E-15    1.7023049637E-12    1.8671003289E+02    0.0000000000E+00    0.0000000000E+00
    -1.3877787808E-15    0.0000000000E+00    0.0000000000E+00    0.0000000000E+00    2.1382668287E+01   -5.8286708793E-16
    -1.7023049637E-12    0.0000000000E+00    0.0000000000E+00    0.0000000000E+00   -5.8286708793E-16    1.6532736460E+02

 The Mass Center of the Cross Section
 ========================================================

  Xm2 =    5.1367127562E-15
  Xm3 =   -4.1876286084E-18

 The 6X6 Mass Matrix at the Mass Center
 ========================================================

   3.313996800000E+02  0.000000000000E+00  0.000000000000E+00  0.000000000000E+00  0.000000000000E+00  0.000000000000E+00
   0.000000000000E+00  3.313996800000E+02  0.000000000000E+00  0.000000000000E+00  0.000000000000E+00  0.000000000000E+00
   0.000000000000E+00  0.000000000000E+00  3.313996800000E+02  0.000000000000E+00  0.000000000000E+00  0.000000000000E+00
   0.000000000000E+00  0.000000000000E+00  0.000000000000E+00  1.867100328851E+02  0.000000000000E+00  0.000000000000E+00
   0.000000000000E+00  0.000000000000E+00  0.000000000000E+00  0.000000000000E+00  2.138266828736E+01 -5.828670879282E-16
   0.000000000000E+00  0.000000000000E+00  0.000000000000E+00  0.000000000000E+00 -5.828670879282E-16  1.653273645978E+02

 The Mass Properties with respect to Principal Inertial Axes
 ========================================================

 Mass Per Unit Span                     =    3.3139968000E+02
 Mass Moments of Intertia about x1 axis =    1.8671003289E+02
 Mass Moments of Intertia about x2 axis =    2.1382668287E+01
 Mass Moments of Intertia about x3 axis =    1.6532736460E+02
 The user coordinate axes are the principal inertial axes.
 The mass-weighted radius of gyration   =    7.5059866103E-01

 The Geometric Center of the Cross Section
 ========================================================

  Xg2 =   -2.4042222748E-15
  Xg3 =    2.6696132379E-17

 Classical Stiffness Matrix (1-extension; 2-twist; 3,4-bending)
 ========================================================

     7.2148472000E+09    0.0000000000E+00   -1.0548286799E-04    1.9769087017E-04
     0.0000000000E+00    6.4978769971E+07    0.0000000000E+00    0.0000000000E+00
    -1.0548286799E-04    0.0000000000E+00    4.6559137628E+08    3.5636264103E-01
     1.9769087017E-04    0.0000000000E+00    3.5636264103E-01    3.5993473283E+09

 Classical Flexibility Matrix (1-extension; 2-twist; 3,4-bending)
 ========================================================

     1.3860307395E-10    0.0000000000E+00    3.1401461668E-23   -7.6126474632E-24
     0.0000000000E+00    1.5389641885E-08    0.0000000000E+00    0.0000000000E+00
     3.1401461668E-23    0.0000000000E+00    2.1478061041E-09   -2.1264906826E-19
    -7.6126474632E-24    0.0000000000E+00   -2.1264906826E-19    2.7782814738E-10

 The Neutral Axes (or Tension Center) of the Cross Section
 ========================================================

  Xt2 =   -2.7400562297E-14
  Xt3 =   -1.4620249752E-14

 Classical Stiffness Matrix (correct up to the 2nd order) (1-extension; 2-twist; 3,4-bending)
 ========================================================

     7.2148472000E+09    0.0000000000E+00   -1.0548286799E-04    1.9769087017E-04
     0.0000000000E+00    6.4978769971E+07    0.0000000000E+00    0.0000000000E+00
    -1.0548286799E-04    0.0000000000E+00    4.6559137628E+08    3.5636264103E-01
     1.9769087017E-04    0.0000000000E+00    3.5636264103E-01    3.5993473283E+09

 Classical Flexibility Matrix (correct up to the 2nd order) (1-extension; 2-twist; 3,4-bending)
 ========================================================

     1.3860307395E-10    0.0000000000E+00    3.1401461668E-23   -7.6126474632E-24
     0.0000000000E+00    1.5389641885E-08    0.0000000000E+00    0.0000000000E+00
     3.1401461668E-23    0.0000000000E+00    2.1478061041E-09   -2.1264906826E-19
    -7.6126474632E-24    0.0000000000E+00   -2.1264906826E-19    2.7782814738E-10

 The Neutral Axes (or Tension Center) of the Cross Section, Corrected by Initial Curvature/Twist
 ========================================================

  Xt2 =   -2.7400562297E-14
  Xt3 =   -1.4620249752E-14

 Timoshenko Stiffness Matrix (1-extension; 2,3-shear, 4-twist; 5,6-bending)
 ========================================================

     7.2148472000E+09    0.0000000000E+00    0.0000000000E+00    0.0000000000E+00   -1.0548286799E-04    1.9769087017E-04
     0.0000000000E+00    1.4308401684E+08    8.9021943704E+02    4.0908783185E+04    0.0000000000E+00    0.0000000000E+00
     0.0000000000E+00    8.9021943704E+02    1.4432342724E+08   -3.9983941958E+03    0.0000000000E+00    0.0000000000E+00
     0.0000000000E+00    4.0908783185E+04   -3.9983941958E+03    6.4978781778E+07    0.0000000000E+00    0.0000000000E+00
    -1.0548286799E-04    0.0000000000E+00    0.0000000000E+00    0.0000000000E+00    4.6559137628E+08    3.5636264103E-01
     1.9769087017E-04    0.0000000000E+00    0.0000000000E+00    0.0000000000E+00    3.5636264103E-01    3.5993473283E+09

 Timoshenko Flexibility Matrix (1-extension; 2,3-shear, 4-twist; 5,6-bending)
 ========================================================

     1.3860307395E-10    0.0000000000E+00    0.0000000000E+00    0.0000000000E+00    3.1401461668E-23   -7.6126474632E-24
     0.0000000000E+00    6.9889020598E-09   -4.3231023357E-14   -4.4000155758E-12    0.0000000000E+00    0.0000000000E+00
     0.0000000000E+00   -4.3231023357E-14    6.9288820316E-09    4.2638796033E-13    0.0000000000E+00    0.0000000000E+00
     0.0000000000E+00   -4.4000155758E-12    4.2638796033E-13    1.5389641885E-08    0.0000000000E+00    0.0000000000E+00
     3.1401461668E-23    0.0000000000E+00    0.0000000000E+00    0.0000000000E+00    2.1478061041E-09   -2.1264906826E-19
    -7.6126474632E-24    0.0000000000E+00    0.0000000000E+00    0.0000000000E+00   -2.1264906826E-19    2.7782814738E-10

 The Generalized Shear Center of the Cross Section in the User Coordinate System
 ========================================================

  Xs2 =   -2.7706165193E-05
  Xs3 =   -2.8590759997E-04
