
 The 6X6 Mass Matrix
 ========================================================

     1.9649646547E+02    0.0000000000E+00    0.0000000000E+00    0.0000000000E+00    1.6352722912E-02   -9.8893115918E-14
     0.0000000000E+00    1.9649646547E+02    0.0000000000E+00   -1.6352722912E-02    0.0000000000E+00    0.0000000000E+00
     0.0000000000E+00    0.0000000000E+00    1.9649646547E+02    9.8893115918E-14    0.0000000000E+00    0.0000000000E+00
     0.0000000000E+00   -1.6352722912E-02    9.8893115918E-14    1.1638979653E+02    0.0000000000E+00    0.0000000000E+00
     1.6352722912E-02    0.0000000000E+00    0.0000000000E+00    0.0000000000E+00    5.4254153322E+00   -1.3357370765E-16
    -9.8893115918E-14    0.0000000000E+00    0.0000000000E+00    0.0000000000E+00   -1.3357370765E-16    1.1096438120E+02

 The Mass Center of the Cross Section
 ========================================================

  Xm2 =    5.0328190729E-16
  Xm3 =    8.3221460868E-05

 The 6X6 Mass Matrix at the Mass Center
 ========================================================

   1.964964654720E+02  0.000000000000E+00  0.000000000000E+00  0.000000000000E+00  0.000000000000E+00  0.000000000000E+00
   0.000000000000E+00  1.964964654720E+02  0.000000000000E+00  0.000000000000E+00  0.000000000000E+00  0.000000000000E+00
   0.000000000000E+00  0.000000000000E+00  1.964964654720E+02  0.000000000000E+00  0.000000000000E+00  0.000000000000E+00
   0.000000000000E+00  0.000000000000E+00  0.000000000000E+00  1.163897951686E+02  0.000000000000E+00  0.000000000000E+00
   0.000000000000E+00  0.000000000000E+00  0.000000000000E+00  0.000000000000E+00  5.425413971341E+00 -1.253436780737E-16
   0.000000000000E+00  0.000000000000E+00  0.000000000000E+00  0.000000000000E+00 -1.253436780737E-16  1.109643811973E+02

 The Mass Properties with respect to Principal Inertial Axes
 ========================================================

 Mass Per Unit Span                     =    1.9649646547E+02
 Mass Moments of Intertia about x1 axis =    1.1638979517E+02
 Mass Moments of Intertia about x2 axis =    5.4254139713E+00
 Mass Moments of Intertia about x3 axis =    1.1096438120E+02
 The user coordinate axes are the principal inertial axes.
 The mass-weighted radius of gyration   =    7.6962661962E-01

 The Geometric Center of the Cross Section
 ========================================================

  Xg2 =   -4.6360987756E-15
  Xg3 =    8.3221460868E-05

 Classical Stiffness Matrix (1-extension; 2-twist; 3,4-bending)
 ========================================================

     4.2778918004E+09    0.0000000000E+00    3.5601240506E+05    1.2765038652E-04
     0.0000000000E+00    1.1244006302E+07    0.0000000000E+00    0.0000000000E+00
     3.5601240506E+05    0.0000000000E+00    1.1814145013E+08    2.4819593928E-02
     1.2765038652E-04    0.0000000000E+00    2.4819593928E-02    2.4157927242E+09

 Classical Flexibility Matrix (1-extension; 2-twist; 3,4-bending)
 ========================================================

     2.3376006160E-10    0.0000000000E+00   -7.0442238219E-13   -5.1147122906E-24
     0.0000000000E+00    8.8936271748E-08    0.0000000000E+00    0.0000000000E+00
    -7.0442238219E-13    0.0000000000E+00    8.4644318286E-09   -8.6962622576E-20
    -5.1147122906E-24    0.0000000000E+00   -8.6962622576E-20    4.1394279815E-10

 The Neutral Axes (or Tension Center) of the Cross Section
 ========================================================

  Xt2 =   -2.9839554734E-14
  Xt3 =    8.3221460868E-05

 Classical Stiffness Matrix (correct up to the 2nd order) (1-extension; 2-twist; 3,4-bending)
 ========================================================

     4.2778918004E+09    0.0000000000E+00    3.5601240506E+05    1.2765038652E-04
     0.0000000000E+00    1.1244006302E+07    0.0000000000E+00    0.0000000000E+00
     3.5601240506E+05    0.0000000000E+00    1.1814145013E+08    2.4819593928E-02
     1.2765038652E-04    0.0000000000E+00    2.4819593928E-02    2.4157927242E+09

 Classical Flexibility Matrix (correct up to the 2nd order) (1-extension; 2-twist; 3,4-bending)
 ========================================================

     2.3376006160E-10    0.0000000000E+00   -7.0442238219E-13   -5.1147122906E-24
     0.0000000000E+00    8.8936271748E-08    0.0000000000E+00    0.0000000000E+00
    -7.0442238219E-13    0.0000000000E+00    8.4644318286E-09   -8.6962622576E-20
    -5.1147122906E-24    0.0000000000E+00   -8.6962622576E-20    4.1394279815E-10

 The Neutral Axes (or Tension Center) of the Cross Section, Corrected by Initial Curvature/Twist
 ========================================================

  Xt2 =   -2.9839554734E-14
  Xt3 =    8.3221460868E-05

 Timoshenko Stiffness Matrix (1-extension; 2,3-shear, 4-twist; 5,6-bending)
 ========================================================

     4.2778918004E+09    0.0000000000E+00    0.0000000000E+00    0.0000000000E+00    3.5601240506E+05    1.2765038652E-04
     0.0000000000E+00    4.3214827782E+07    1.5055277896E+03   -5.1586352306E+04    0.0000000000E+00    0.0000000000E+00
     0.0000000000E+00    1.5055277896E+03    7.4103040818E+07   -1.2538462918E+03    0.0000000000E+00    0.0000000000E+00
     0.0000000000E+00   -5.1586352306E+04   -1.2538462918E+03    1.1244067903E+07    0.0000000000E+00    0.0000000000E+00
     3.5601240506E+05    0.0000000000E+00    0.0000000000E+00    0.0000000000E+00    1.1814145013E+08    2.4819593928E-02
     1.2765038652E-04    0.0000000000E+00    0.0000000000E+00    0.0000000000E+00    2.4819593928E-02    2.4157927242E+09

 Timoshenko Flexibility Matrix (1-extension; 2,3-shear, 4-twist; 5,6-bending)
 ========================================================

     2.3376006160E-10    0.0000000000E+00    0.0000000000E+00    0.0000000000E+00   -7.0442238219E-13   -5.1147122906E-24
     0.0000000000E+00    2.3140332351E-08   -4.6833839248E-13    1.0616484712E-10    0.0000000000E+00    0.0000000000E+00
     0.0000000000E+00   -4.6833839248E-13    1.3494722909E-08    1.5026722140E-12    0.0000000000E+00    0.0000000000E+00
     0.0000000000E+00    1.0616484712E-10    1.5026722140E-12    8.8936271748E-08    0.0000000000E+00    0.0000000000E+00
    -7.0442238219E-13    0.0000000000E+00    0.0000000000E+00    0.0000000000E+00    8.4644318286E-09   -8.6962622576E-20
    -5.1147122906E-24    0.0000000000E+00    0.0000000000E+00    0.0000000000E+00   -8.6962622576E-20    4.1394279815E-10

 The Generalized Shear Center of the Cross Section in the User Coordinate System
 ========================================================

  Xs2 =   -1.6896055844E-05
  Xs3 =    1.1937182101E-03
