
 The 6X6 Mass Matrix
 ========================================================

     1.5204000000E+05    0.0000000000E+00    0.0000000000E+00    0.0000000000E+00    4.5612000000E+05   -1.0504200000E+06
     0.0000000000E+00    1.5204000000E+05    0.0000000000E+00   -4.5612000000E+05    0.0000000000E+00    0.0000000000E+00
     0.0000000000E+00    0.0000000000E+00    1.5204000000E+05    1.0504200000E+06    0.0000000000E+00    0.0000000000E+00
     0.0000000000E+00   -4.5612000000E+05    1.0504200000E+06    1.1600680000E+07    0.0000000000E+00    0.0000000000E+00
     4.5612000000E+05    0.0000000000E+00    0.0000000000E+00    0.0000000000E+00    1.8244800000E+06   -3.1512600000E+06
    -1.0504200000E+06    0.0000000000E+00    0.0000000000E+00    0.0000000000E+00   -3.1512600000E+06    9.7762000000E+06

 The Mass Center of the Cross Section
 ========================================================

  Xm2 =    6.9088397790E+00
  Xm3 =    3.0000000000E+00

 The 6X6 Mass Matrix at the Mass Center
 ========================================================

   1.520400000000E+05  0.000000000000E+00  0.000000000000E+00  0.000000000000E+00  0.000000000000E+00  0.000000000000E+00
   0.000000000000E+00  1.520400000000E+05  0.000000000000E+00  0.000000000000E+00  0.000000000000E+00  0.000000000000E+00
   0.000000000000E+00  0.000000000000E+00  1.520400000000E+05  0.000000000000E+00  0.000000000000E+00  0.000000000000E+00
   0.000000000000E+00  0.000000000000E+00  0.000000000000E+00  2.975136519337E+06  0.000000000000E+00  0.000000000000E+00
   0.000000000000E+00  0.000000000000E+00  0.000000000000E+00  0.000000000000E+00  4.561200000000E+05  2.910383045673E-09
   0.000000000000E+00  0.000000000000E+00  0.000000000000E+00  0.000000000000E+00  2.910383045673E-09  2.519016519337E+06

 The Mass Properties with respect to Principal Inertial Axes
 ========================================================

 Mass Per Unit Span                     =    1.5204000000E+05
 Mass Moments of Intertia about x1 axis =    2.9751365193E+06
 Mass Moments of Intertia about x2 axis =    4.5612000000E+05
 Mass Moments of Intertia about x3 axis =    2.5190165193E+06
 The user coordinate axes are the principal inertial axes.
 The mass-weighted radius of gyration   =    4.4235864488E+00

 The Geometric Center of the Cross Section
 ========================================================

  Xg2 =    7.0000000000E+00
  Xg3 =    3.0000000000E+00

 Classical Stiffness Matrix (1-extension; 2-twist; 3,4-bending)
 ========================================================

     2.4404455532E+12    4.3255451841E+07    7.3748985244E+12   -1.5326131076E+13
     4.3255451841E+07    3.4080355403E+12   -1.6984502430E+10    4.1065264307E+08
     7.3748985244E+12   -1.6984502430E+10    2.9249354259E+13   -4.6203879674E+13
    -1.5326131076E+13    4.1065264307E+08   -4.6203879674E+13    1.3749674561E+14

 Classical Flexibility Matrix (1-extension; 2-twist; 3,4-bending)
 ========================================================

     2.6922459365E-12   -2.2278385245E-15   -4.3646224676E-13    1.5342520146E-13
    -2.2278385245E-15    2.9342779429E-13    7.2138158839E-16   -6.7929901075E-18
    -4.3646224676E-13    7.2138158839E-16    1.4362835575E-13   -3.8612283141E-16
     1.5342520146E-13   -6.7929901075E-18   -3.8612283141E-16    2.4244751125E-14

 The Neutral Axes (or Tension Center) of the Cross Section
 ========================================================

  Xt2 =    6.2800545026E+00
  Xt3 =    3.0219476652E+00

 Classical Stiffness Matrix (correct up to the 2nd order) (1-extension; 2-twist; 3,4-bending)
 ========================================================

     2.4404455532E+12    4.3255451841E+07    7.3748985244E+12   -1.5326131076E+13
     4.3255451841E+07    3.4080355403E+12   -1.6984502430E+10    4.1065264307E+08
     7.3748985244E+12   -1.6984502430E+10    2.9249354259E+13   -4.6203879674E+13
    -1.5326131076E+13    4.1065264307E+08   -4.6203879674E+13    1.3749674561E+14

 Classical Flexibility Matrix (correct up to the 2nd order) (1-extension; 2-twist; 3,4-bending)
 ========================================================

     2.6922459365E-12   -2.2278385245E-15   -4.3646224676E-13    1.5342520146E-13
    -2.2278385245E-15    2.9342779429E-13    7.2138158839E-16   -6.7929901075E-18
    -4.3646224676E-13    7.2138158839E-16    1.4362835575E-13   -3.8612283141E-16
     1.5342520146E-13   -6.7929901075E-18   -3.8612283141E-16    2.4244751125E-14

 The Neutral Axes (or Tension Center) of the Cross Section, Corrected by Initial Curvature/Twist
 ========================================================

  Xt2 =    6.2800545026E+00
  Xt3 =    3.0219476652E+00

 Timoshenko Stiffness Matrix (1-extension; 2,3-shear, 4-twist; 5,6-bending)
 ========================================================

     2.4404962454E+12    3.8575333473E+09    1.4755571237E+08   -1.0507270769E+10    7.3750494319E+12   -1.5326433615E+13
     3.8575333473E+09    2.9355391358E+11    1.2722582469E+10   -7.9266486909E+11    1.1484727386E+10   -2.3022529563E+10
     1.4755571237E+08    1.2722582469E+10    3.5246290848E+11    2.3729313645E+12    6.9535512320E+08   -9.1193490547E+08
    -1.0507270769E+10   -7.9266486909E+11    2.3729313645E+12    2.2015690093E+13   -4.6644215490E+10    6.3164238173E+10
     7.3750494319E+12    1.1484727386E+10    6.9535512320E+08   -4.6644215490E+10    2.9249803687E+13   -4.6204780338E+13
    -1.5326433615E+13   -2.3022529563E+10   -9.1193490547E+08    6.3164238173E+10   -4.6204780338E+13    1.3749855122E+14

 Timoshenko Flexibility Matrix (1-extension; 2,3-shear, 4-twist; 5,6-bending)
 ========================================================

     2.6922459365E-12   -1.2961547756E-14    1.5597573324E-14   -2.2278385245E-15   -4.3646224676E-13    1.5342520146E-13
    -1.2961547756E-14    6.0469963776E-12   -6.1382157041E-12    8.7931754704E-13    2.2523154262E-15   -1.2006297393E-16
     1.5597573324E-14   -6.1382157041E-12    1.6572228310E-11   -2.0072222307E-12   -5.0395844699E-15    4.9327666462E-17
    -2.2278385245E-15    8.7931754704E-13   -2.0072222307E-12    2.9342779429E-13    7.2138158839E-16   -6.7929901075E-18
    -4.3646224676E-13    2.2523154262E-15   -5.0395844699E-15    7.2138158839E-16    1.4362835575E-13   -3.8612283141E-16
     1.5342520146E-13   -1.2006297393E-16    4.9327666462E-17   -6.7929901075E-18   -3.8612283141E-16    2.4244751125E-14

 The Generalized Shear Center of the Cross Section in the User Coordinate System
 ========================================================

  Xs2 =    6.8406002080E+00
  Xs3 =    2.9967084378E+00
