
 The 6X6 Mass Matrix
 ========================================================

     1.6128000000E+05    0.0000000000E+00    0.0000000000E+00    0.0000000000E+00    4.8384000000E+05   -1.1289600000E+06
     0.0000000000E+00    1.6128000000E+05    0.0000000000E+00   -4.8384000000E+05    0.0000000000E+00    0.0000000000E+00
     0.0000000000E+00    0.0000000000E+00    1.6128000000E+05    1.1289600000E+06    0.0000000000E+00    0.0000000000E+00
     0.0000000000E+00   -4.8384000000E+05    1.1289600000E+06    1.2472320000E+07    0.0000000000E+00    0.0000000000E+00
     4.8384000000E+05    0.0000000000E+00    0.0000000000E+00    0.0000000000E+00    1.9353600000E+06   -3.3868800000E+06
    -1.1289600000E+06    0.0000000000E+00    0.0000000000E+00    0.0000000000E+00   -3.3868800000E+06    1.0536960000E+07

 The Mass Center of the Cross Section
 ========================================================

  Xm2 =    7.0000000000E+00
  Xm3 =    3.0000000000E+00

 The 6X6 Mass Matrix at the Mass Center
 ========================================================

   1.612800000000E+05  0.000000000000E+00  0.000000000000E+00  0.000000000000E+00  0.000000000000E+00  0.000000000000E+00
   0.000000000000E+00  1.612800000000E+05  0.000000000000E+00  0.000000000000E+00  0.000000000000E+00  0.000000000000E+00
   0.000000000000E+00  0.000000000000E+00  1.612800000000E+05  0.000000000000E+00  0.000000000000E+00  0.000000000000E+00
   0.000000000000E+00  0.000000000000E+00  0.000000000000E+00  3.118080000000E+06  0.000000000000E+00  0.000000000000E+00
   0.000000000000E+00  0.000000000000E+00  0.000000000000E+00  0.000000000000E+00  4.838400000000E+05 -5.209813025431E-09
   0.000000000000E+00  0.000000000000E+00  0.000000000000E+00  0.000000000000E+00 -5.209813025431E-09  2.634240000000E+06

 The Mass Properties with respect to Principal Inertial Axes
 ========================================================

 Mass Per Unit Span                     =    1.6128000000E+05
 Mass Moments of Intertia about x1 axis =    3.1180800000E+06
 Mass Moments of Intertia about x2 axis =    4.8384000000E+05
 Mass Moments of Intertia about x3 axis =    2.6342400000E+06
 The user coordinate axes are the principal inertial axes.
 The mass-weighted radius of gyration   =    4.3969686528E+00

 The Geometric Center of the Cross Section
 ========================================================

  Xg2 =    7.0000000000E+00
  Xg3 =    3.0000000000E+00

 Classical Stiffness Matrix (1-extension; 2-twist; 3,4-bending)
 ========================================================

     3.5112000000E+12    0.0000000000E+00    1.0533600000E+13   -2.4578400000E+13
     0.0000000000E+00    1.9687856108E+12    0.0000000000E+00    0.0000000000E+00
     1.0533600000E+13    0.0000000000E+00    4.2144667632E+13   -7.3733858778E+13
    -2.4578400000E+13    0.0000000000E+00   -7.3733858778E+13    2.2943712304E+14

 Classical Flexibility Matrix (1-extension; 2-twist; 3,4-bending)
 ========================================================

     1.9923049741E-12    0.0000000000E+00   -2.8454109162E-13    1.2198268326E-13
     0.0000000000E+00    5.0792732053E-13    0.0000000000E+00    0.0000000000E+00
    -2.8454109162E-13    0.0000000000E+00    9.4841858595E-14   -2.2165486632E-18
     1.2198268326E-13    0.0000000000E+00   -2.2165486632E-18    1.7425147659E-14

 The Neutral Axes (or Tension Center) of the Cross Section
 ========================================================

  Xt2 =    7.0000000000E+00
  Xt3 =    3.0000000000E+00

 Classical Stiffness Matrix (correct up to the 2nd order) (1-extension; 2-twist; 3,4-bending)
 ========================================================

     3.5112000000E+12    0.0000000000E+00    1.0533600000E+13   -2.4578400000E+13
     0.0000000000E+00    1.9687856108E+12    0.0000000000E+00    0.0000000000E+00
     1.0533600000E+13    0.0000000000E+00    4.2144667632E+13   -7.3733858778E+13
    -2.4578400000E+13    0.0000000000E+00   -7.3733858778E+13    2.2943712304E+14

 Classical Flexibility Matrix (correct up to the 2nd order) (1-extension; 2-twist; 3,4-bending)
 ========================================================

     1.9923049741E-12    0.0000000000E+00   -2.8454109162E-13    1.2198268326E-13
     0.0000000000E+00    5.0792732053E-13    0.0000000000E+00    0.0000000000E+00
    -2.8454109162E-13    0.0000000000E+00    9.4841858595E-14   -2.2165486632E-18
     1.2198268326E-13    0.0000000000E+00   -2.2165486632E-18    1.7425147659E-14

 The Neutral Axes (or Tension Center) of the Cross Section, Corrected by Initial Curvature/Twist
 ========================================================

  Xt2 =    7.0000000000E+00
  Xt3 =    3.0000000000E+00

 Timoshenko Stiffness Matrix (1-extension; 2,3-shear, 4-twist; 5,6-bending)
 ========================================================

     3.5112000000E+12    0.0000000000E+00    0.0000000000E+00    0.0000000000E+00    1.0533600000E+13   -2.4578400000E+13
     0.0000000000E+00    1.8529023705E+11    9.1614812545E+04   -5.5612160335E+11    0.0000000000E+00    0.0000000000E+00
     0.0000000000E+00    9.1614812545E+04    1.8485363863E+11    1.2937521656E+12    0.0000000000E+00    0.0000000000E+00
     0.0000000000E+00   -5.5612160335E+11    1.2937521656E+12    1.2692609581E+13    0.0000000000E+00    0.0000000000E+00
     1.0533600000E+13    0.0000000000E+00    0.0000000000E+00    0.0000000000E+00    4.2144667632E+13   -7.3733858778E+13
    -2.4578400000E+13    0.0000000000E+00    0.0000000000E+00    0.0000000000E+00   -7.3733858778E+13    2.2943712304E+14

 Timoshenko Flexibility Matrix (1-extension; 2,3-shear, 4-twist; 5,6-bending)
 ========================================================

     1.9923049741E-12    0.0000000000E+00    0.0000000000E+00    0.0000000000E+00   -2.8454109162E-13    1.2198268326E-13
     0.0000000000E+00    9.9724223445E-12   -1.0669463714E-11    1.5244714781E-12    0.0000000000E+00    0.0000000000E+00
     0.0000000000E+00   -1.0669463714E-11    3.0289545131E-11   -3.5548784186E-12    0.0000000000E+00    0.0000000000E+00
     0.0000000000E+00    1.5244714781E-12   -3.5548784186E-12    5.0792732053E-13    0.0000000000E+00    0.0000000000E+00
    -2.8454109162E-13    0.0000000000E+00    0.0000000000E+00    0.0000000000E+00    9.4841858595E-14   -2.2165486632E-18
     1.2198268326E-13    0.0000000000E+00    0.0000000000E+00    0.0000000000E+00   -2.2165486632E-18    1.7425147659E-14

 The Generalized Shear Center of the Cross Section in the User Coordinate System
 ========================================================

  Xs2 =    6.9987934787E+00
  Xs3 =    3.0013575102E+00
