
 The 6X6 Mass Matrix
 ========================================================

     1.2062517600E+03    0.0000000000E+00    0.0000000000E+00    0.0000000000E+00   -3.8566372318E-14   -4.9626891600E+02
     0.0000000000E+00    1.2062517600E+03    0.0000000000E+00    3.8566372318E-14    0.0000000000E+00    0.0000000000E+00
     0.0000000000E+00    0.0000000000E+00    1.2062517600E+03    4.9626891600E+02    0.0000000000E+00    0.0000000000E+00
     0.0000000000E+00    3.8566372318E-14    4.9626891600E+02    4.1047501959E+03    0.0000000000E+00    0.0000000000E+00
    -3.8566372318E-14    0.0000000000E+00    0.0000000000E+00    0.0000000000E+00    3.4831032941E+03   -8.9770205158E-14
    -4.9626891600E+02    0.0000000000E+00    0.0000000000E+00    0.0000000000E+00   -8.9770205158E-14    6.2164690175E+02

 The Mass Center of the Cross Section
 ========================================================

  Xm2 =    4.1141404511E-01
  Xm3 =   -3.1972075479E-17

 The 6X6 Mass Matrix at the Mass Center
 ========================================================

   1.206251760000E+03  0.000000000000E+00  0.000000000000E+00  0.000000000000E+00  0.000000000000E+00  0.000000000000E+00
   0.000000000000E+00  1.206251760000E+03  0.000000000000E+00  0.000000000000E+00  0.000000000000E+00  0.000000000000E+00
   0.000000000000E+00  0.000000000000E+00  1.206251760000E+03  0.000000000000E+00  0.000000000000E+00  0.000000000000E+00
   0.000000000000E+00  0.000000000000E+00  0.000000000000E+00  3.900578193681E+03  0.000000000000E+00  0.000000000000E+00
   0.000000000000E+00  0.000000000000E+00  0.000000000000E+00  0.000000000000E+00  3.483103294119E+03 -1.056369523988E-13
   0.000000000000E+00  0.000000000000E+00  0.000000000000E+00  0.000000000000E+00 -1.056369523988E-13  4.174748995619E+02

 The Mass Properties with respect to Principal Inertial Axes
 ========================================================

 Mass Per Unit Span                     =    1.2062517600E+03
 Mass Moments of Intertia about x1 axis =    3.9005781937E+03
 Mass Moments of Intertia about x2 axis =    3.4831032941E+03
 Mass Moments of Intertia about x3 axis =    4.1747489956E+02
 The user coordinate axes are the principal inertial axes.
 The mass-weighted radius of gyration   =    1.7982311407E+00

 The Geometric Center of the Cross Section
 ========================================================

  Xg2 =   -1.0018071053E-14
  Xg3 =   -3.2544395066E-17

 Classical Stiffness Matrix (1-extension; 2-twist; 3,4-bending)
 ========================================================

     1.7704923667E+10    6.6976128808E+05    5.9797650882E+04   -8.3025918073E+09
     6.6976128808E+05    1.4726225891E+09    6.8177449185E+04   -1.3379780679E+05
     5.9797650882E+04    6.8177449185E+04    5.3978436916E+10   -3.3303733060E+04
    -8.3025918073E+09   -1.3379780679E+05   -3.3303733060E+04    8.7552769907E+09

 Classical Flexibility Matrix (1-extension; 2-twist; 3,4-bending)
 ========================================================

     1.0171272960E-10   -3.7496331914E-14   -5.3120398010E-17    9.6453746850E-11
    -3.7496331914E-14    6.7906062911E-10   -8.5766132893E-16   -2.5180236341E-14
    -5.3120398010E-17   -8.5766132893E-16    1.8525916221E-11    2.0082795117E-17
     9.6453746850E-11   -2.5180236341E-14    2.0082795117E-17    2.0568350801E-10

 The Neutral Axes (or Tension Center) of the Cross Section
 ========================================================

  Xt2 =    4.6894254082E-01
  Xt3 =    3.3757075349E-06

 Classical Stiffness Matrix (correct up to the 2nd order) (1-extension; 2-twist; 3,4-bending)
 ========================================================

     1.7704923667E+10    6.6976128808E+05    5.9797650882E+04   -8.3025918073E+09
     6.6976128808E+05    1.4726225891E+09    6.8177449185E+04   -1.3379780679E+05
     5.9797650882E+04    6.8177449185E+04    5.3978436916E+10   -3.3303733060E+04
    -8.3025918073E+09   -1.3379780679E+05   -3.3303733060E+04    8.7552769907E+09

 Classical Flexibility Matrix (correct up to the 2nd order) (1-extension; 2-twist; 3,4-bending)
 ========================================================

     1.0171272960E-10   -3.7496331914E-14   -5.3120398010E-17    9.6453746850E-11
    -3.7496331914E-14    6.7906062911E-10   -8.5766132893E-16   -2.5180236341E-14
    -5.3120398010E-17   -8.5766132893E-16    1.8525916221E-11    2.0082795117E-17
     9.6453746850E-11   -2.5180236341E-14    2.0082795117E-17    2.0568350801E-10

 The Neutral Axes (or Tension Center) of the Cross Section, Corrected by Initial Curvature/Twist
 ========================================================

  Xt2 =    4.6894254082E-01
  Xt3 =    3.3757075349E-06

 Timoshenko Stiffness Matrix (1-extension; 2,3-shear, 4-twist; 5,6-bending)
 ========================================================

     1.7704923694E+10   -5.5283447777E+04    2.3190097154E+05    9.1748269292E+05    5.9851555340E+04   -8.3025918638E+09
    -5.5283447777E+04    4.8382870221E+08   -2.8439838181E+04   -4.1977307439E+04   -3.3809142087E+05    3.0810669962E+04
     2.3190097154E+05   -2.8439838181E+04    2.5727853394E+09    2.7482877076E+09    1.6946932381E+05   -5.8728330474E+05
     9.1748269292E+05   -4.1977307439E+04    2.7482877076E+09    4.4083845468E+09    2.4921521488E+05   -7.6114333863E+05
     5.9851555340E+04   -3.3809142087E+05    1.6946932381E+05    2.4921521488E+05    5.3978437163E+10   -3.3363942726E+04
    -8.3025918638E+09    3.0810669962E+04   -5.8728330474E+05   -7.6114333863E+05   -3.3363942726E+04    8.7552771267E+09

 Timoshenko Flexibility Matrix (1-extension; 2,3-shear, 4-twist; 5,6-bending)
 ========================================================

     1.0171272960E-10    5.4794980405E-15    5.2903468171E-14   -3.7496331914E-14   -5.3120398010E-17    9.6453746850E-11
     5.4794980405E-15    2.0668472147E-09    5.4612951063E-15    1.6273906403E-14    1.2945501386E-14   -2.0754209454E-15
     5.2903468171E-14    5.4612951063E-15    1.1635484500E-09   -7.2538270359E-10   -3.0398265823E-16    6.5154772818E-14
    -3.7496331914E-14    1.6273906403E-14   -7.2538270359E-10    6.7906062911E-10   -8.5766132893E-16   -2.5180236341E-14
    -5.3120398010E-17    1.2945501386E-14   -3.0398265823E-16   -8.5766132893E-16    1.8525916221E-11    2.0082795117E-17
     9.6453746850E-11   -2.0754209454E-15    6.5154772818E-14   -2.5180236341E-14    2.0082795117E-17    2.0568350801E-10

 The Generalized Shear Center of the Cross Section in the User Coordinate System
 ========================================================

  Xs2 =    1.0682149318E+00
  Xs3 =    2.3965321659E-05
