
 The 6X6 Mass Matrix
 ========================================================

     8.2505280000E+02    0.0000000000E+00    0.0000000000E+00    0.0000000000E+00   -4.4297898683E-14    1.3125056597E-12
     0.0000000000E+00    8.2505280000E+02    0.0000000000E+00    4.4297898683E-14    0.0000000000E+00    0.0000000000E+00
     0.0000000000E+00    0.0000000000E+00    8.2505280000E+02   -1.3125056597E-12    0.0000000000E+00    0.0000000000E+00
     0.0000000000E+00    4.4297898683E-14   -1.3125056597E-12    2.2391075699E+03    0.0000000000E+00    0.0000000000E+00
    -4.4297898683E-14    0.0000000000E+00    0.0000000000E+00    0.0000000000E+00    2.0022673709E+03   -3.6637359813E-15
     1.3125056597E-12    0.0000000000E+00    0.0000000000E+00    0.0000000000E+00   -3.6637359813E-15    2.3684019900E+02

 The Mass Center of the Cross Section
 ========================================================

  Xm2 =   -1.5908141391E-15
  Xm3 =   -5.3690986422E-17

 The 6X6 Mass Matrix at the Mass Center
 ========================================================

   8.250528000000E+02  0.000000000000E+00  0.000000000000E+00  0.000000000000E+00  0.000000000000E+00  0.000000000000E+00
   0.000000000000E+00  8.250528000000E+02  0.000000000000E+00  0.000000000000E+00  0.000000000000E+00  0.000000000000E+00
   0.000000000000E+00  0.000000000000E+00  8.250528000000E+02  0.000000000000E+00  0.000000000000E+00  0.000000000000E+00
   0.000000000000E+00  0.000000000000E+00  0.000000000000E+00  2.239107569882E+03  0.000000000000E+00  0.000000000000E+00
   0.000000000000E+00  0.000000000000E+00  0.000000000000E+00  0.000000000000E+00  2.002267370880E+03 -3.663735981263E-15
   0.000000000000E+00  0.000000000000E+00  0.000000000000E+00  0.000000000000E+00 -3.663735981263E-15  2.368401990016E+02

 The Mass Properties with respect to Principal Inertial Axes
 ========================================================

 Mass Per Unit Span                     =    8.2505280000E+02
 Mass Moments of Intertia about x1 axis =    2.2391075699E+03
 Mass Moments of Intertia about x2 axis =    2.0022673709E+03
 Mass Moments of Intertia about x3 axis =    2.3684019900E+02
 The user coordinate axes are the principal inertial axes.
 The mass-weighted radius of gyration   =    1.6473906921E+00

 The Geometric Center of the Cross Section
 ========================================================

  Xg2 =   -1.3912857132E-14
  Xg3 =   -1.2790783069E-16

 Classical Stiffness Matrix (1-extension; 2-twist; 3,4-bending)
 ========================================================

     1.5123987893E+10    1.9117346738E+04    5.0763574319E+01   -1.5210052524E+00
     1.9117346738E+04    5.6081599862E+08   -1.5265050489E+00   -1.5978341962E-01
     5.0763574319E+01   -1.5265050489E+00    4.0727852619E+10    2.4051505817E+01
    -1.5210052524E+00   -1.5978341962E-01    2.4051505817E+01    3.3692384267E+09

 Classical Flexibility Matrix (1-extension; 2-twist; 3,4-bending)
 ========================================================

     6.6120126990E-11   -2.2539324790E-15   -8.2412825768E-20    2.9849090373E-20
    -2.2539324790E-15    1.7831160354E-09    6.6835098623E-20    8.4561824302E-20
    -8.2412825768E-20    6.6835098623E-20    2.4553221830E-11   -1.7527461194E-19
     2.9849090373E-20    8.4561824302E-20   -1.7527461194E-19    2.9680297841E-10

 The Neutral Axes (or Tension Center) of the Cross Section
 ========================================================

  Xt2 =    1.0056870030E-10
  Xt3 =    3.3564974210E-09

 Classical Stiffness Matrix (correct up to the 2nd order) (1-extension; 2-twist; 3,4-bending)
 ========================================================

     1.5123987893E+10    1.9117346738E+04    5.0763574319E+01   -1.5210052524E+00
     1.9117346738E+04    5.6081599862E+08   -1.5265050489E+00   -1.5978341962E-01
     5.0763574319E+01   -1.5265050489E+00    4.0727852619E+10    2.4051505817E+01
    -1.5210052524E+00   -1.5978341962E-01    2.4051505817E+01    3.3692384267E+09

 Classical Flexibility Matrix (correct up to the 2nd order) (1-extension; 2-twist; 3,4-bending)
 ========================================================

     6.6120126990E-11   -2.2539324790E-15   -8.2412825768E-20    2.9849090373E-20
    -2.2539324790E-15    1.7831160354E-09    6.6835098623E-20    8.4561824302E-20
    -8.2412825768E-20    6.6835098623E-20    2.4553221830E-11   -1.7527461194E-19
     2.9849090373E-20    8.4561824302E-20   -1.7527461194E-19    2.9680297841E-10

 The Neutral Axes (or Tension Center) of the Cross Section, Corrected by Initial Curvature/Twist
 ========================================================

  Xt2 =    1.0056870030E-10
  Xt3 =    3.3564974210E-09

 Timoshenko Stiffness Matrix (1-extension; 2,3-shear, 4-twist; 5,6-bending)
 ========================================================

     1.5123987893E+10    1.0944047003E-01    1.3733439273E-01    1.9117346738E+04    5.0763573022E+01   -1.5210111244E+00
     1.0944047003E-01    6.4273975567E+08    7.3391779666E-01   -4.2101759667E+00   -7.6198803255E+03    7.9842758432E-02
     1.3733439273E-01    7.3391779666E-01    2.3028843230E+08   -3.3936535969E+00    1.0709019407E+00   -9.8464424032E+03
     1.9117346738E+04   -4.2101759667E+00   -3.3936535969E+00    5.6081599862E+08   -1.5264551518E+00   -1.5963831770E-01
     5.0763573022E+01   -7.6198803255E+03    1.0709019407E+00   -1.5264551518E+00    4.0727852619E+10    2.4051459081E+01
    -1.5210111244E+00    7.9842758432E-02   -9.8464424032E+03   -1.5963831770E-01    2.4051459081E+01    3.3692384271E+09

 Timoshenko Flexibility Matrix (1-extension; 2,3-shear, 4-twist; 5,6-bending)
 ========================================================

     6.6120126990E-11   -1.1274135626E-20   -3.9463217752E-20   -2.2539324790E-15   -8.2412825768E-20    2.9849090373E-20
    -1.1274135626E-20    1.5558396555E-09   -4.9583864712E-18    1.1680050827E-17    2.9108610491E-16   -3.6886184853E-20
    -3.9463217752E-20   -4.9583864712E-18    4.3423805102E-09    2.6276957207E-17   -1.1418737742E-19    1.2690404823E-14
    -2.2539324790E-15    1.1680050827E-17    2.6276957207E-17    1.7831160354E-09    6.6835098623E-20    8.4561824302E-20
    -8.2412825768E-20    2.9108610491E-16   -1.1418737742E-19    6.6835098623E-20    2.4553221830E-11   -1.7527461194E-19
     2.9849090373E-20   -3.6886184853E-20    1.2690404823E-14    8.4561824302E-20   -1.7527461194E-19    2.9680297841E-10

 The Generalized Shear Center of the Cross Section in the User Coordinate System
 ========================================================

  Xs2 =   -1.4736537996E-08
  Xs3 =    6.5503593681E-09
