
 The 6X6 Mass Matrix
 ========================================================

     4.7412120000E+02    0.0000000000E+00    0.0000000000E+00    0.0000000000E+00    4.9960036108E-15    5.7676086129E-14
     0.0000000000E+00    4.7412120000E+02    0.0000000000E+00   -4.9960036108E-15    0.0000000000E+00    0.0000000000E+00
     0.0000000000E+00    0.0000000000E+00    4.7412120000E+02   -5.7676086129E-14    0.0000000000E+00    0.0000000000E+00
     0.0000000000E+00   -4.9960036108E-15   -5.7676086129E-14    3.5553164274E+02    0.0000000000E+00    0.0000000000E+00
     4.9960036108E-15    0.0000000000E+00    0.0000000000E+00    0.0000000000E+00    2.3016534749E+02   -1.1102230246E-16
     5.7676086129E-14    0.0000000000E+00    0.0000000000E+00    0.0000000000E+00   -1.1102230246E-16    1.2536629525E+02

 The Mass Center of the Cross Section
 ========================================================

  Xm2 =   -1.2164840157E-16
  Xm3 =    1.0537397633E-17

 The Mass Properties with respect to Principal Inertial Axes
 ========================================================

 Mass Per Unit Span                     =    4.7412120000E+02
 Mass Moments of Intertia about x1 axis =    3.5553164274E+02
 Mass Moments of Intertia about x2 axis =    2.3016534749E+02
 Mass Moments of Intertia about x3 axis =    1.2536629525E+02
 The user coordinate axes are the principal inertial axes.
 The mass-weighted radius of gyration   =    8.6595324160E-01

 The Geometric Center of the Cross Section
 ========================================================

  Xg2 =   -1.1783953233E-15
  Xg3 =    1.7310674615E-17

 Classical Stiffness Matrix (1-extension; 2-twist; 3,4-bending)
 ========================================================

     9.0618563686E+09    6.3192362964E+03   -9.3297825785E+00    8.7452746461E-02
     6.3192362964E+03    1.9581251706E+08    1.6819174042E+00    2.5021662729E-04
    -9.3297825785E+00    1.6819174042E+00    4.7602687912E+09   -2.7120972190E-02
     8.7452746461E-02    2.5021662729E-04   -2.7120972190E-02    1.9358842439E+09

 Classical Flexibility Matrix (1-extension; 2-twist; 3,4-bending)
 ========================================================

     1.1035266499E-10   -3.5612869722E-15    2.1628450120E-19   -4.9851341917E-21
    -3.5612869722E-15    5.1069258239E-09   -1.8044066476E-18   -6.5991877568E-22
     2.1628450120E-19   -1.8044066476E-18    2.1007217110E-10    2.9430279779E-21
    -4.9851341917E-21   -6.5991877568E-22    2.9430279779E-21    5.1655981143E-10

 The Neutral Axes (or Tension Center) of the Cross Section
 ========================================================

  Xt2 =   -9.6506427415E-12
  Xt3 =   -1.0295723611E-09

 Classical Stiffness Matrix (correct up to the 2nd order) (1-extension; 2-twist; 3,4-bending)
 ========================================================

     9.0618563686E+09    6.3192362964E+03   -9.3297825785E+00    8.7452746461E-02
     6.3192362964E+03    1.9581251706E+08    1.6819174042E+00    2.5021662729E-04
    -9.3297825785E+00    1.6819174042E+00    4.7602687912E+09   -2.7120972190E-02
     8.7452746461E-02    2.5021662729E-04   -2.7120972190E-02    1.9358842439E+09

 Classical Flexibility Matrix (correct up to the 2nd order) (1-extension; 2-twist; 3,4-bending)
 ========================================================

     1.1035266499E-10   -3.5612869722E-15    2.1628450120E-19   -4.9851341917E-21
    -3.5612869722E-15    5.1069258239E-09   -1.8044066476E-18   -6.5991877568E-22
     2.1628450120E-19   -1.8044066476E-18    2.1007217110E-10    2.9430279779E-21
    -4.9851341917E-21   -6.5991877568E-22    2.9430279779E-21    5.1655981143E-10

 The Neutral Axes (or Tension Center) of the Cross Section, Corrected by Initial Curvature/Twist
 ========================================================

  Xt2 =   -9.6506427415E-12
  Xt3 =   -1.0295723611E-09

 Timoshenko Stiffness Matrix (1-extension; 2,3-shear, 4-twist; 5,6-bending)
 ========================================================

     9.0618563686E+09   -1.3541915945E+00    2.6740100641E-03    6.3192362964E+03   -9.3297811787E+00    8.7452642329E-02
    -1.3541915945E+00    4.5688807967E+08    3.3593959851E-02    1.1540477610E+00   -4.7227185686E+02    8.6185486182E-05
     2.6740100641E-03    3.3593959851E-02    8.7872014360E+07   -1.1718782247E-04   -8.7915403662E-04   -3.4219324863E+03
     6.3192362964E+03    1.1540477610E+00   -1.1718782247E-04    1.9581251706E+08    1.6819162113E+00    2.5022119107E-04
    -9.3297811787E+00   -4.7227185686E+02   -8.7915403662E-04    1.6819162113E+00    4.7602687912E+09   -2.7120938044E-02
     8.7452642329E-02    8.6185486182E-05   -3.4219324863E+03    2.5022119107E-04   -2.7120938044E-02    1.9358842441E+09

 Timoshenko Flexibility Matrix (1-extension; 2,3-shear, 4-twist; 5,6-bending)
 ========================================================

     1.1035266499E-10    3.2708855855E-19   -3.3583118113E-21   -3.5612869722E-15    2.1628450120E-19   -4.9851341917E-21
     3.2708855855E-19    2.1887198299E-09   -8.3675976676E-19   -1.2899531088E-17    2.1714546459E-16   -9.8917770966E-23
    -3.3583118113E-21   -8.3675976676E-19    1.1380187507E-08    6.8107829060E-21    2.1017905852E-21    2.0115992705E-14
    -3.5612869722E-15   -1.2899531088E-17    6.8107829060E-21    5.1069258239E-09   -1.8044066476E-18   -6.5991877568E-22
     2.1628450120E-19    2.1714546459E-16    2.1017905852E-21   -1.8044066476E-18    2.1007217110E-10    2.9430279779E-21
    -4.9851341917E-21   -9.8917770966E-23    2.0115992705E-14   -6.5991877568E-22    2.9430279779E-21    5.1655981143E-10

 The Generalized Shear Center of the Cross Section in the User Coordinate System
 ========================================================

  Xs2 =   -1.3336365439E-12
  Xs3 =   -2.5258896512E-09
