
 The 6X6 Mass Matrix
 ========================================================

     3.1511552000E+02    0.0000000000E+00    0.0000000000E+00    0.0000000000E+00    1.8041124150E-15   -4.4464432136E-13
     0.0000000000E+00    3.1511552000E+02    0.0000000000E+00   -1.8041124150E-15    0.0000000000E+00    0.0000000000E+00
     0.0000000000E+00    0.0000000000E+00    3.1511552000E+02    4.4464432136E-13    0.0000000000E+00    0.0000000000E+00
     0.0000000000E+00   -1.8041124150E-15    4.4464432136E-13    1.2303981156E+02    0.0000000000E+00    0.0000000000E+00
     1.8041124150E-15    0.0000000000E+00    0.0000000000E+00    0.0000000000E+00    4.4316913410E+01    1.1102230246E-16
    -4.4464432136E-13    0.0000000000E+00    0.0000000000E+00    0.0000000000E+00    1.1102230246E-16    7.8722898152E+01

 The Mass Center of the Cross Section
 ========================================================

  Xm2 =    1.4110517989E-15
  Xm3 =    5.7252413814E-18

 The 6X6 Mass Matrix at the Mass Center
 ========================================================

   3.151155200000E+02  0.000000000000E+00  0.000000000000E+00  0.000000000000E+00  0.000000000000E+00  0.000000000000E+00
   0.000000000000E+00  3.151155200000E+02  0.000000000000E+00  0.000000000000E+00  0.000000000000E+00  0.000000000000E+00
   0.000000000000E+00  0.000000000000E+00  3.151155200000E+02  0.000000000000E+00  0.000000000000E+00  0.000000000000E+00
   0.000000000000E+00  0.000000000000E+00  0.000000000000E+00  1.230398115618E+02  0.000000000000E+00  0.000000000000E+00
   0.000000000000E+00  0.000000000000E+00  0.000000000000E+00  0.000000000000E+00  4.431691340971E+01  1.110223024625E-16
   0.000000000000E+00  0.000000000000E+00  0.000000000000E+00  0.000000000000E+00  1.110223024625E-16  7.872289815211E+01

 The Mass Properties with respect to Principal Inertial Axes
 ========================================================

 Mass Per Unit Span                     =    3.1511552000E+02
 Mass Moments of Intertia about x1 axis =    1.2303981156E+02
 Mass Moments of Intertia about x2 axis =    4.4316913410E+01
 Mass Moments of Intertia about x3 axis =    7.8722898152E+01
 The user coordinate axes are the principal inertial axes.
 The mass-weighted radius of gyration   =    6.2486749248E-01

 The Geometric Center of the Cross Section
 ========================================================

  Xg2 =    6.3790909191E-15
  Xg3 =   -9.6359448847E-18

 Classical Stiffness Matrix (1-extension; 2-twist; 3,4-bending)
 ========================================================

     6.1813974802E+09    1.5797010280E+03   -2.7256853389E-02   -3.2237750984E-02
     1.5797010280E+03    6.6280641982E+07   -2.4423052393E-03   -3.0241104955E-04
    -2.7256853389E-02   -2.4423052393E-03    9.2564678146E+08    8.4417748416E-02
    -3.2237750984E-02   -3.0241104955E-04    8.4417748416E-02    1.2863817824E+09

 Classical Flexibility Matrix (1-extension; 2-twist; 3,4-bending)
 ========================================================

     1.6177571548E-10   -3.8556848032E-15    4.7636826809E-21    4.0542272407E-21
    -3.8556848032E-15    1.5087361409E-08    3.9807664717E-20    3.5467390466E-21
     4.7636826809E-21    3.9807664717E-20    1.0803256923E-09   -7.0895486661E-20
     4.0542272407E-21    3.5467390466E-21   -7.0895486661E-20    7.7737419298E-10

 The Neutral Axes (or Tension Center) of the Cross Section
 ========================================================

  Xt2 =    5.2152840648E-12
  Xt3 =   -4.4094875419E-12

 Classical Stiffness Matrix (correct up to the 2nd order) (1-extension; 2-twist; 3,4-bending)
 ========================================================

     6.1813974802E+09    1.5797010280E+03   -2.7256853389E-02   -3.2237750984E-02
     1.5797010280E+03    6.6280641982E+07   -2.4423052393E-03   -3.0241104955E-04
    -2.7256853389E-02   -2.4423052393E-03    9.2564678146E+08    8.4417748416E-02
    -3.2237750984E-02   -3.0241104955E-04    8.4417748416E-02    1.2863817824E+09

 Classical Flexibility Matrix (correct up to the 2nd order) (1-extension; 2-twist; 3,4-bending)
 ========================================================

     1.6177571548E-10   -3.8556848032E-15    4.7636826809E-21    4.0542272407E-21
    -3.8556848032E-15    1.5087361409E-08    3.9807664717E-20    3.5467390466E-21
     4.7636826809E-21    3.9807664717E-20    1.0803256923E-09   -7.0895486661E-20
     4.0542272407E-21    3.5467390466E-21   -7.0895486661E-20    7.7737419298E-10

 The Neutral Axes (or Tension Center) of the Cross Section, Corrected by Initial Curvature/Twist
 ========================================================

  Xt2 =    5.2152840648E-12
  Xt3 =   -4.4094875419E-12

 Timoshenko Stiffness Matrix (1-extension; 2,3-shear, 4-twist; 5,6-bending)
 ========================================================

     6.1813974802E+09   -1.2298823515E-03    5.5023015590E-05    1.5797010280E+03   -2.7256853207E-02   -3.2237752353E-02
    -1.2298823515E-03    3.2028392231E+08   -6.1508114657E-03    8.8424819444E-03   -4.7343997447E+01   -5.6828385025E-04
     5.5023015590E-05   -6.1508114657E-03    3.3768579128E+07   -1.0558314023E-02    1.3847743663E-03   -8.4031699013E+02
     1.5797010280E+03    8.8424819444E-03   -1.0558314023E-02    6.6280641982E+07   -2.4423065468E-03   -3.0214831033E-04
    -2.7256853207E-02   -4.7343997447E+01    1.3847743663E-03   -2.4423065468E-03    9.2564678146E+08    8.4417714041E-02
    -3.2237752353E-02   -5.6828385025E-04   -8.4031699013E+02   -3.0214831033E-04    8.4417714041E-02    1.2863817825E+09

 Timoshenko Flexibility Matrix (1-extension; 2,3-shear, 4-twist; 5,6-bending)
 ========================================================

     1.6177571548E-10    6.2132190491E-22   -2.6470436847E-22   -3.8556848032E-15    4.7636826809E-21    4.0542272407E-21
     6.2132190491E-22    3.1222297791E-09    5.6870167929E-19   -4.1653581208E-19    1.5969248924E-16    1.3796659694E-21
    -2.6470436847E-22    5.6870167929E-19    2.9613327710E-08    4.7173173061E-18   -4.4303490303E-20    1.9344632167E-14
    -3.8556848032E-15   -4.1653581208E-19    4.7173173061E-18    1.5087361409E-08    3.9807664717E-20    3.5467390466E-21
     4.7636826809E-21    1.5969248924E-16   -4.4303490303E-20    3.9807664717E-20    1.0803256923E-09   -7.0895486661E-20
     4.0542272407E-21    1.3796659694E-21    1.9344632167E-14    3.5467390466E-21   -7.0895486661E-20    7.7737419298E-10

 The Generalized Shear Center of the Cross Section in the User Coordinate System
 ========================================================

  Xs2 =   -3.1266681948E-10
  Xs3 =   -2.7608261033E-11
