
 The 6X6 Mass Matrix
 ========================================================

     4.0104104000E+02    0.0000000000E+00    0.0000000000E+00    0.0000000000E+00   -7.7382544816E-14   -8.5542684047E-14
     0.0000000000E+00    4.0104104000E+02    0.0000000000E+00    7.7382544816E-14    0.0000000000E+00    0.0000000000E+00
     0.0000000000E+00    0.0000000000E+00    4.0104104000E+02    8.5542684047E-14    0.0000000000E+00    0.0000000000E+00
     0.0000000000E+00    7.7382544816E-14    8.5542684047E-14    1.8762047642E+02    0.0000000000E+00    0.0000000000E+00
    -7.7382544816E-14    0.0000000000E+00    0.0000000000E+00    0.0000000000E+00    8.7900462978E+01    1.5543122345E-15
    -8.5542684047E-14    0.0000000000E+00    0.0000000000E+00    0.0000000000E+00    1.5543122345E-15    9.9720013438E+01

 The Mass Center of the Cross Section
 ========================================================

  Xm2 =    2.1330157145E-16
  Xm3 =   -1.9295417949E-16

 The Mass Properties with respect to Principal Inertial Axes
 ========================================================

 Mass Per Unit Span                     =    4.0104104000E+02
 Mass Moments of Intertia about x1 axis =    1.8762047642E+02
 Mass Moments of Intertia about x2 axis =    8.7900462978E+01
 Mass Moments of Intertia about x3 axis =    9.9720013438E+01
 The user coordinate axes are the principal inertial axes.
 The mass-weighted radius of gyration   =    6.8398363087E-01

 The Geometric Center of the Cross Section
 ========================================================

  Xg2 =   -8.7350833505E-16
  Xg3 =    3.5514612238E-18

 Classical Stiffness Matrix (1-extension; 2-twist; 3,4-bending)
 ========================================================

     7.8836290559E+09    4.0266478378E+03   -4.1502460670E+01   -1.8992055027E+00
     4.0266478378E+03    1.2072031717E+08    7.3460703079E-01    2.4850506340E-03
    -4.1502460670E+01    7.3460703079E-01    1.8374557958E+09    9.4497826831E-01
    -1.8992055027E+00    2.4850506340E-03    9.4497826831E-01    1.6374469875E+09

 Classical Flexibility Matrix (1-extension; 2-twist; 3,4-bending)
 ========================================================

     1.2684513603E-10   -4.2309422699E-15    2.8650421900E-18    1.4712231296E-19
    -4.2309422699E-15    8.2836097808E-09   -3.3118476067E-18   -1.2576420607E-20
     2.8650421900E-18   -3.3118476067E-18    5.4423077946E-10   -3.1407810940E-19
     1.4712231296E-19   -1.2576420607E-20   -3.1407810940E-19    6.1070679394E-10

 The Neutral Axes (or Tension Center) of the Cross Section
 ========================================================

  Xt2 =    2.4090499086E-10
  Xt3 =   -5.2643883775E-09

 Classical Stiffness Matrix (correct up to the 2nd order) (1-extension; 2-twist; 3,4-bending)
 ========================================================

     7.8836290559E+09    4.0266478378E+03   -4.1502460670E+01   -1.8992055027E+00
     4.0266478378E+03    1.2072031717E+08    7.3460703079E-01    2.4850506340E-03
    -4.1502460670E+01    7.3460703079E-01    1.8374557958E+09    9.4497826831E-01
    -1.8992055027E+00    2.4850506340E-03    9.4497826831E-01    1.6374469875E+09

 Classical Flexibility Matrix (correct up to the 2nd order) (1-extension; 2-twist; 3,4-bending)
 ========================================================

     1.2684513603E-10   -4.2309422699E-15    2.8650421900E-18    1.4712231296E-19
    -4.2309422699E-15    8.2836097808E-09   -3.3118476067E-18   -1.2576420607E-20
     2.8650421900E-18   -3.3118476067E-18    5.4423077946E-10   -3.1407810940E-19
     1.4712231296E-19   -1.2576420607E-20   -3.1407810940E-19    6.1070679394E-10

 The Neutral Axes (or Tension Center) of the Cross Section, Corrected by Initial Curvature/Twist
 ========================================================

  Xt2 =    2.4090499086E-10
  Xt3 =   -5.2643883775E-09

 Timoshenko Stiffness Matrix (1-extension; 2,3-shear, 4-twist; 5,6-bending)
 ========================================================

     7.8836290559E+09   -1.0790537790E+00   -4.7555309459E-03    4.0266478378E+03   -4.1502459930E+01   -1.8992053147E+00
    -1.0790537790E+00    4.1102562864E+08   -7.8176198962E-02    3.0759058009E+00   -2.8193188022E+02    3.7740872459E-03
    -4.7555309459E-03   -7.8176198962E-02    5.7963601913E+07    1.7775031907E-03    1.9576534651E-03   -2.2926270907E+03
     4.0266478378E+03    3.0759058009E+00    1.7775031907E-03    1.2072031717E+08    7.3460492095E-01    2.4849803569E-03
    -4.1502459930E+01   -2.8193188022E+02    1.9576534651E-03    7.3460492095E-01    1.8374557958E+09    9.4497818829E-01
    -1.8992053147E+00    3.7740872459E-03   -2.2926270907E+03    2.4849803569E-03    9.4497818829E-01    1.6374469876E+09

 Timoshenko Flexibility Matrix (1-extension; 2,3-shear, 4-twist; 5,6-bending)
 ========================================================

     1.2684513603E-10    3.3303652028E-19    1.0412755373E-20   -4.2309422699E-15    2.8650421900E-18    1.4712231296E-19
     3.3303652028E-19    2.4329383141E-09    3.2813325943E-18   -6.1990316663E-17    3.7330034005E-16   -5.6032046427E-21
     1.0412755373E-20    3.2813325943E-18    1.7252205989E-08   -2.5402487291E-19   -1.8392682603E-20    2.4155209373E-14
    -4.2309422699E-15   -6.1990316663E-17   -2.5402487291E-19    8.2836097808E-09   -3.3118476067E-18   -1.2576420607E-20
     2.8650421900E-18    3.7330034005E-16   -1.8392682603E-20   -3.3118476067E-18    5.4423077946E-10   -3.1407810940E-19
     1.4712231296E-19   -5.6032046427E-21    2.4155209373E-14   -1.2576420607E-20   -3.1407810940E-19    6.1070679394E-10

 The Generalized Shear Center of the Cross Section in the User Coordinate System
 ========================================================

  Xs2 =    3.0665963224E-11
  Xs3 =   -7.4834906886E-09
