
 The 6X6 Mass Matrix
 ========================================================

     1.3564552000E+02    0.0000000000E+00    0.0000000000E+00    0.0000000000E+00   -4.1633363423E-17   -1.5518142327E-13
     0.0000000000E+00    1.3564552000E+02    0.0000000000E+00    4.1633363423E-17    0.0000000000E+00    0.0000000000E+00
     0.0000000000E+00    0.0000000000E+00    1.3564552000E+02    1.5518142327E-13    0.0000000000E+00    0.0000000000E+00
     0.0000000000E+00    4.1633363423E-17    1.5518142327E-13    5.5350449773E+01    0.0000000000E+00    0.0000000000E+00
    -4.1633363423E-17    0.0000000000E+00    0.0000000000E+00    0.0000000000E+00    1.3228708194E+01    4.2327252814E-16
    -1.5518142327E-13    0.0000000000E+00    0.0000000000E+00    0.0000000000E+00    4.2327252814E-16    4.2121741579E+01

 The Mass Center of the Cross Section
 ========================================================

  Xm2 =    1.1440217360E-15
  Xm3 =   -3.0692767018E-19

 The 6X6 Mass Matrix at the Mass Center
 ========================================================

   1.356455200000E+02  0.000000000000E+00  0.000000000000E+00  0.000000000000E+00  0.000000000000E+00  0.000000000000E+00
   0.000000000000E+00  1.356455200000E+02  0.000000000000E+00  0.000000000000E+00  0.000000000000E+00  0.000000000000E+00
   0.000000000000E+00  0.000000000000E+00  1.356455200000E+02  0.000000000000E+00  0.000000000000E+00  0.000000000000E+00
   0.000000000000E+00  0.000000000000E+00  0.000000000000E+00  5.535044977265E+01  0.000000000000E+00  0.000000000000E+00
   0.000000000000E+00  0.000000000000E+00  0.000000000000E+00  0.000000000000E+00  1.322870819387E+01  4.232725281383E-16
   0.000000000000E+00  0.000000000000E+00  0.000000000000E+00  0.000000000000E+00  4.232725281383E-16  4.212174157877E+01

 The Mass Properties with respect to Principal Inertial Axes
 ========================================================

 Mass Per Unit Span                     =    1.3564552000E+02
 Mass Moments of Intertia about x1 axis =    5.5350449773E+01
 Mass Moments of Intertia about x2 axis =    1.3228708194E+01
 Mass Moments of Intertia about x3 axis =    4.2121741579E+01
 The user coordinate axes are the principal inertial axes.
 The mass-weighted radius of gyration   =    6.3878961894E-01

 The Geometric Center of the Cross Section
 ========================================================

  Xg2 =    2.9573033232E-15
  Xg3 =   -2.1985050194E-18

 Classical Stiffness Matrix (1-extension; 2-twist; 3,4-bending)
 ========================================================

     2.3761580214E+09    1.1204618071E+03   -1.2926851611E+00   -1.4985690372E-02
     1.1204618071E+03    3.7929094134E+07   -1.5929304502E-02    5.4403213221E-05
    -1.2926851611E+00   -1.5929304502E-02    2.6395413442E+08    1.7701223123E-02
    -1.4985690372E-02    5.4403213221E-05    1.7701223123E-02    5.5376250603E+08

 Classical Flexibility Matrix (1-extension; 2-twist; 3,4-bending)
 ========================================================

     4.2084743145E-10   -1.2432236633E-14    2.0610513750E-18    1.1388799120E-20
    -1.2432236633E-14    2.6364985056E-08    1.5910332494E-18   -2.5905080640E-21
     2.0610513750E-18    1.5910332494E-18    3.7885369828E-09   -1.2110198448E-19
     1.1388799120E-20   -2.5905080640E-21   -1.2110198448E-19    1.8058282912E-09

 The Neutral Axes (or Tension Center) of the Cross Section
 ========================================================

  Xt2 =    6.3066899779E-12
  Xt3 =   -5.4402303167E-10

 Classical Stiffness Matrix (correct up to the 2nd order) (1-extension; 2-twist; 3,4-bending)
 ========================================================

     2.3761580214E+09    1.1204618071E+03   -1.2926851611E+00   -1.4985690372E-02
     1.1204618071E+03    3.7929094134E+07   -1.5929304502E-02    5.4403213221E-05
    -1.2926851611E+00   -1.5929304502E-02    2.6395413442E+08    1.7701223123E-02
    -1.4985690372E-02    5.4403213221E-05    1.7701223123E-02    5.5376250603E+08

 Classical Flexibility Matrix (correct up to the 2nd order) (1-extension; 2-twist; 3,4-bending)
 ========================================================

     4.2084743145E-10   -1.2432236633E-14    2.0610513750E-18    1.1388799120E-20
    -1.2432236633E-14    2.6364985056E-08    1.5910332494E-18   -2.5905080640E-21
     2.0610513750E-18    1.5910332494E-18    3.7885369828E-09   -1.2110198448E-19
     1.1388799120E-20   -2.5905080640E-21   -1.2110198448E-19    1.8058282912E-09

 The Neutral Axes (or Tension Center) of the Cross Section, Corrected by Initial Curvature/Twist
 ========================================================

  Xt2 =    6.3066899779E-12
  Xt3 =   -5.4402303167E-10

 Timoshenko Stiffness Matrix (1-extension; 2,3-shear, 4-twist; 5,6-bending)
 ========================================================

     2.3761580214E+09   -5.2804289489E-02   -2.2104362288E-04    1.1204618071E+03   -1.2926851549E+00   -1.4985684008E-02
    -5.2804289489E-02    1.2156565391E+08    4.6989835719E-03   -1.3954144802E-02   -1.4091272695E+01    2.1406571520E-05
    -2.2104362288E-04    4.6989835719E-03    2.5395553853E+07    2.1767110443E-03    1.1053357401E-04   -7.3122029361E+02
     1.1204618071E+03   -1.3954144802E-02    2.1767110443E-03    3.7929094134E+07   -1.5929302885E-02    5.4340538654E-05
    -1.2926851549E+00   -1.4091272695E+01    1.1053357401E-04   -1.5929302885E-02    2.6395413442E+08    1.7701219938E-02
    -1.4985684008E-02    2.1406571520E-05   -7.3122029361E+02    5.4340538654E-05    1.7701219938E-02    5.5376250605E+08

 Timoshenko Flexibility Matrix (1-extension; 2,3-shear, 4-twist; 5,6-bending)
 ========================================================

     4.2084743145E-10    1.8280167504E-19    3.6644614836E-21   -1.2432236633E-14    2.0610513750E-18    1.1388799120E-20
     1.8280167504E-19    8.2260076578E-09   -1.5220725391E-18    3.0263497402E-18    4.3914795028E-16   -3.2001329184E-22
     3.6644614836E-21   -1.5220725391E-18    3.9376971490E-08   -2.2598033949E-18   -1.6493089860E-20    5.1995648567E-14
    -1.2432236633E-14    3.0263497402E-18   -2.2598033949E-18    2.6364985056E-08    1.5910332494E-18   -2.5905080640E-21
     2.0610513750E-18    4.3914795028E-16   -1.6493089860E-20    1.5910332494E-18    3.7885369828E-09   -1.2110198448E-19
     1.1388799120E-20   -3.2001329184E-22    5.1995648567E-14   -2.5905080640E-21   -1.2110198448E-19    1.8058282912E-09

 The Generalized Shear Center of the Cross Section in the User Coordinate System
 ========================================================

  Xs2 =    8.5712295687E-11
  Xs3 =    1.1478670418E-10
