
 The 6X6 Mass Matrix
 ========================================================

     7.0053968000E+02    0.0000000000E+00    0.0000000000E+00    0.0000000000E+00    1.2317924458E-13   -1.1912128800E+02
     0.0000000000E+00    7.0053968000E+02    0.0000000000E+00   -1.2317924458E-13    0.0000000000E+00    0.0000000000E+00
     0.0000000000E+00    0.0000000000E+00    7.0053968000E+02    1.1912128800E+02    0.0000000000E+00    0.0000000000E+00
     0.0000000000E+00   -1.2317924458E-13    1.1912128800E+02    3.8336830821E+02    0.0000000000E+00    0.0000000000E+00
     1.2317924458E-13    0.0000000000E+00    0.0000000000E+00    0.0000000000E+00    1.5877768218E+02    1.5820678101E-15
    -1.1912128800E+02    0.0000000000E+00    0.0000000000E+00    0.0000000000E+00    1.5820678101E-15    2.2459062603E+02

 The Mass Center of the Cross Section
 ========================================================

  Xm2 =    1.7004217092E-01
  Xm3 =    1.7583478581E-16

 The 6X6 Mass Matrix at the Mass Center
 ========================================================

   7.005396800000E+02  0.000000000000E+00  0.000000000000E+00  0.000000000000E+00  0.000000000000E+00  0.000000000000E+00
   0.000000000000E+00  7.005396800000E+02  0.000000000000E+00  0.000000000000E+00  0.000000000000E+00  0.000000000000E+00
   0.000000000000E+00  0.000000000000E+00  7.005396800000E+02  0.000000000000E+00  0.000000000000E+00  0.000000000000E+00
   0.000000000000E+00  0.000000000000E+00  0.000000000000E+00  3.631126657926E+02  0.000000000000E+00  0.000000000000E+00
   0.000000000000E+00  0.000000000000E+00  0.000000000000E+00  0.000000000000E+00  1.587776821788E+02  2.252773397063E-14
   0.000000000000E+00  0.000000000000E+00  0.000000000000E+00  0.000000000000E+00  2.252773397063E-14  2.043349836138E+02

 The Mass Properties with respect to Principal Inertial Axes
 ========================================================

 Mass Per Unit Span                     =    7.0053968000E+02
 Mass Moments of Intertia about x1 axis =    3.6311266579E+02
 Mass Moments of Intertia about x2 axis =    1.5877768218E+02
 Mass Moments of Intertia about x3 axis =    2.0433498361E+02
 The user coordinate axes are the principal inertial axes.
 The mass-weighted radius of gyration   =    7.1995330401E-01

 The Geometric Center of the Cross Section
 ========================================================

  Xg2 =    3.2105528395E-15
  Xg3 =   -7.4567523666E-17

 Classical Stiffness Matrix (1-extension; 2-twist; 3,4-bending)
 ========================================================

     1.3565608813E+10    4.3146575215E+03    5.0265698598E+00   -1.9924429331E+09
     4.3146575215E+03    2.4162392216E+08   -1.7995259025E-01    3.0075500743E+03
     5.0265698598E+00   -1.7995259025E-01    3.2747538326E+09    4.2998409050E+00
    -1.9924429331E+09    3.0075500743E+03    4.2998409050E+00    3.8283395503E+09

 Classical Flexibility Matrix (1-extension; 2-twist; 3,4-bending)
 ========================================================

     7.9817056645E-11   -1.9423500354E-15   -1.7705870339E-19    4.1540445503E-11
    -1.9423500354E-15    4.1386630557E-09    2.2743426387E-19   -4.2622285113E-15
    -1.7705870339E-19    2.2743426387E-19    3.0536646451E-10   -4.3512526502E-19
     4.1540445503E-11   -4.2622285113E-15   -4.3512526502E-19    2.8282939715E-10

 The Neutral Axes (or Tension Center) of the Cross Section
 ========================================================

  Xt2 =    1.4687456793E-01
  Xt3 =    3.7053796422E-10

 Classical Stiffness Matrix (correct up to the 2nd order) (1-extension; 2-twist; 3,4-bending)
 ========================================================

     1.3565608813E+10    4.3146575215E+03    5.0265698598E+00   -1.9924429331E+09
     4.3146575215E+03    2.4162392216E+08   -1.7995259025E-01    3.0075500743E+03
     5.0265698598E+00   -1.7995259025E-01    3.2747538326E+09    4.2998409050E+00
    -1.9924429331E+09    3.0075500743E+03    4.2998409050E+00    3.8283395503E+09

 Classical Flexibility Matrix (correct up to the 2nd order) (1-extension; 2-twist; 3,4-bending)
 ========================================================

     7.9817056645E-11   -1.9423500354E-15   -1.7705870339E-19    4.1540445503E-11
    -1.9423500354E-15    4.1386630557E-09    2.2743426387E-19   -4.2622285113E-15
    -1.7705870339E-19    2.2743426387E-19    3.0536646451E-10   -4.3512526502E-19
     4.1540445503E-11   -4.2622285113E-15   -4.3512526502E-19    2.8282939715E-10

 The Neutral Axes (or Tension Center) of the Cross Section, Corrected by Initial Curvature/Twist
 ========================================================

  Xt2 =    1.4687456793E-01
  Xt3 =    3.7053796422E-10

 Timoshenko Stiffness Matrix (1-extension; 2,3-shear, 4-twist; 5,6-bending)
 ========================================================

     1.3565608813E+10    5.9455564791E-02   -1.6671429402E+03    2.6856975375E+03    5.0265693282E+00   -1.9924429331E+09
     5.9455564791E-02    6.2136557399E+08    3.8318657062E-01   -1.1924500417E-01   -1.6204271964E+02    3.3341897090E-02
    -1.6671429402E+03    3.8318657062E-01    2.6847934876E+08    2.6233030481E+08    8.3108091921E-02   -2.2886902366E+03
     2.6856975375E+03   -1.1924500417E-01    2.6233030481E+08    4.9794601599E+08   -9.8747813228E-02    7.7127823376E+02
     5.0265693282E+00   -1.6204271964E+02    8.3108091921E-02   -9.8747813228E-02    3.2747538326E+09    4.2998401878E+00
    -1.9924429331E+09    3.3341897090E-02   -2.2886902366E+03    7.7127823376E+02    4.2998401878E+00    3.8283395504E+09

 Timoshenko Flexibility Matrix (1-extension; 2,3-shear, 4-twist; 5,6-bending)
 ========================================================

     7.9817056645E-11   -9.8684556288E-21    2.7476114449E-15   -1.9423500354E-15   -1.7705870339E-19    4.1540445503E-11
    -9.8684556288E-21    1.6093585513E-09   -5.5096849172E-18    3.2880378344E-18    7.9634943528E-17   -1.9156318107E-20
     2.7476114449E-15   -5.5096849172E-18    7.6759377943E-09   -4.0438743090E-09   -3.1675674843E-19    6.8335775298E-15
    -1.9423500354E-15    3.2880378344E-18   -4.0438743090E-09    4.1386630557E-09    2.2743426387E-19   -4.2622285113E-15
    -1.7705870339E-19    7.9634943528E-17   -3.1675674843E-19    2.2743426387E-19    3.0536646451E-10   -4.3512526502E-19
     4.1540445503E-11   -1.9156318107E-20    6.8335775298E-15   -4.2622285113E-15   -4.3512526502E-19    2.8282939715E-10

 The Generalized Shear Center of the Cross Section in the User Coordinate System
 ========================================================

  Xs2 =    9.7709677124E-01
  Xs3 =    7.9446859774E-10
