
 The 6X6 Mass Matrix
 ========================================================

     1.1809197600E+03    0.0000000000E+00    0.0000000000E+00    0.0000000000E+00   -3.0897550143E-13   -4.2822951600E+02
     0.0000000000E+00    1.1809197600E+03    0.0000000000E+00    3.0897550143E-13    0.0000000000E+00    0.0000000000E+00
     0.0000000000E+00    0.0000000000E+00    1.1809197600E+03    4.2822951600E+02    0.0000000000E+00    0.0000000000E+00
     0.0000000000E+00    3.0897550143E-13    4.2822951600E+02    3.3302981444E+03    0.0000000000E+00    0.0000000000E+00
    -3.0897550143E-13    0.0000000000E+00    0.0000000000E+00    0.0000000000E+00    2.7722825958E+03   -5.4054959293E-14
    -4.2822951600E+02    0.0000000000E+00    0.0000000000E+00    0.0000000000E+00   -5.4054959293E-14    5.5801554861E+02

 The Mass Center of the Cross Section
 ========================================================

  Xm2 =    3.6262371967E-01
  Xm3 =   -2.6163970822E-16

 The 6X6 Mass Matrix at the Mass Center
 ========================================================

   1.180919760000E+03  0.000000000000E+00  0.000000000000E+00  0.000000000000E+00  0.000000000000E+00  0.000000000000E+00
   0.000000000000E+00  1.180919760000E+03  0.000000000000E+00  0.000000000000E+00  0.000000000000E+00  0.000000000000E+00
   0.000000000000E+00  0.000000000000E+00  1.180919760000E+03  0.000000000000E+00  0.000000000000E+00  0.000000000000E+00
   0.000000000000E+00  0.000000000000E+00  0.000000000000E+00  3.175011964444E+03  0.000000000000E+00  0.000000000000E+00
   0.000000000000E+00  0.000000000000E+00  0.000000000000E+00  0.000000000000E+00  2.772282595796E+03 -1.660968049095E-13
   0.000000000000E+00  0.000000000000E+00  0.000000000000E+00  0.000000000000E+00 -1.660968049095E-13  4.027293686474E+02

 The Mass Properties with respect to Principal Inertial Axes
 ========================================================

 Mass Per Unit Span                     =    1.1809197600E+03
 Mass Moments of Intertia about x1 axis =    3.1750119644E+03
 Mass Moments of Intertia about x2 axis =    2.7722825958E+03
 Mass Moments of Intertia about x3 axis =    4.0272936865E+02
 The user coordinate axes are the principal inertial axes.
 The mass-weighted radius of gyration   =    1.6396927949E+00

 The Geometric Center of the Cross Section
 ========================================================

  Xg2 =   -2.5517714915E-14
  Xg3 =    1.2496199076E-16

 Classical Stiffness Matrix (1-extension; 2-twist; 3,4-bending)
 ========================================================

     1.9345494992E+10    4.5742706759E+05    2.8814850129E+01   -7.1639371078E+09
     4.5742706759E+05    1.2069300535E+09    8.3422462661E-03    2.6687041407E+04
     2.8814850129E+01    8.3422462661E-03    5.0626182541E+10    1.7743431923E+01
    -7.1639371078E+09    2.6687041407E+04    1.7743431923E+01    8.2630473591E+09

 Classical Flexibility Matrix (1-extension; 2-twist; 3,4-bending)
 ========================================================

     7.6135544554E-11   -3.0314952199E-14   -6.6468551073E-20    6.6008365916E-11
    -3.0314952199E-14    8.2854844138E-10   -1.0912555317E-22   -2.8958555742E-14
    -6.6468551073E-20   -1.0912555317E-22    1.9752625022E-11   -1.0004249499E-19
     6.6008365916E-11   -2.8958555742E-14   -1.0004249499E-19    1.7824898234E-10

 The Neutral Axes (or Tension Center) of the Cross Section
 ========================================================

  Xt2 =    3.7031552747E-01
  Xt3 =    1.4894861691E-09

 Classical Stiffness Matrix (correct up to the 2nd order) (1-extension; 2-twist; 3,4-bending)
 ========================================================

     1.9345494992E+10    4.5742706759E+05    2.8814850129E+01   -7.1639371078E+09
     4.5742706759E+05    1.2069300535E+09    8.3422462661E-03    2.6687041407E+04
     2.8814850129E+01    8.3422462661E-03    5.0626182541E+10    1.7743431923E+01
    -7.1639371078E+09    2.6687041407E+04    1.7743431923E+01    8.2630473591E+09

 Classical Flexibility Matrix (correct up to the 2nd order) (1-extension; 2-twist; 3,4-bending)
 ========================================================

     7.6135544554E-11   -3.0314952199E-14   -6.6468551073E-20    6.6008365916E-11
    -3.0314952199E-14    8.2854844138E-10   -1.0912555317E-22   -2.8958555742E-14
    -6.6468551073E-20   -1.0912555317E-22    1.9752625022E-11   -1.0004249499E-19
     6.6008365916E-11   -2.8958555742E-14   -1.0004249499E-19    1.7824898234E-10

 The Neutral Axes (or Tension Center) of the Cross Section, Corrected by Initial Curvature/Twist
 ========================================================

  Xt2 =    3.7031552747E-01
  Xt3 =    1.4894861691E-09

 Timoshenko Stiffness Matrix (1-extension; 2,3-shear, 4-twist; 5,6-bending)
 ========================================================

     1.9345495123E+10   -8.5522798456E-03    5.0568667364E+05    1.0210398171E+06    2.8815370853E+01   -7.1639371551E+09
    -8.5522798456E-03    4.9177786821E+08   -2.5897264472E-01   -2.9247538260E+00   -1.2201827415E+06    1.0046051810E-02
     5.0568667364E+05   -2.5897264472E-01    1.9575311999E+09    2.1817651115E+09    1.9342417248E+00   -1.8302461403E+05
     1.0210398171E+06   -2.9247538260E+00    2.1817651115E+09    3.6386149236E+09    2.1706907312E+00   -1.7730292179E+05
     2.8815370853E+01   -1.2201827415E+06    1.9342417248E+00    2.1706907312E+00    5.0626185568E+10    1.7743226210E+01
    -7.1639371551E+09    1.0046051810E-02   -1.8302461403E+05   -1.7730292179E+05    1.7743226210E+01    8.2630473762E+09

 Timoshenko Flexibility Matrix (1-extension; 2,3-shear, 4-twist; 5,6-bending)
 ========================================================

     7.6135544554E-11   -3.5890936618E-22    2.0291135329E-14   -3.0314952199E-14   -6.6468551073E-20    6.6008365916E-11
    -3.5890936618E-22    2.0334385186E-09   -4.6811195708E-18    4.4413339298E-18    4.9009550264E-14   -2.8970085636E-21
     2.0291135329E-14   -4.6811195708E-18    1.5400871739E-09   -9.2345811531E-10   -1.9381694153E-20    3.1889742958E-14
    -3.0314952199E-14    4.4413339298E-18   -9.2345811531E-10    8.2854844138E-10   -1.0912555317E-22   -2.8958555742E-14
    -6.6468551073E-20    4.9009550264E-14   -1.9381694153E-20   -1.0912555317E-22    1.9752625022E-11   -1.0004249499E-19
     6.6008365916E-11   -2.8970085636E-21    3.1889742958E-14   -2.8958555742E-14   -1.0004249499E-19    1.7824898234E-10

 The Generalized Shear Center of the Cross Section in the User Coordinate System
 ========================================================

  Xs2 =    1.1145493362E+00
  Xs3 =    5.3603793188E-09
