
 The 6X6 Mass Matrix
 ========================================================

     3.6890240000E+02    0.0000000000E+00    0.0000000000E+00    0.0000000000E+00    8.0491169285E-15    9.5895513752E-13
     0.0000000000E+00    3.6890240000E+02    0.0000000000E+00   -8.0491169285E-15    0.0000000000E+00    0.0000000000E+00
     0.0000000000E+00    0.0000000000E+00    3.6890240000E+02   -9.5895513752E-13    0.0000000000E+00    0.0000000000E+00
     0.0000000000E+00   -8.0491169285E-15   -9.5895513752E-13    3.5793236791E+02    0.0000000000E+00    0.0000000000E+00
     8.0491169285E-15    0.0000000000E+00    0.0000000000E+00    0.0000000000E+00    2.4533134315E+02   -3.2751579226E-15
     9.5895513752E-13    0.0000000000E+00    0.0000000000E+00    0.0000000000E+00   -3.2751579226E-15    1.1260102476E+02

 The Mass Center of the Cross Section
 ========================================================

  Xm2 =   -2.5994819701E-15
  Xm3 =    2.1819096131E-17

 The 6X6 Mass Matrix at the Mass Center
 ========================================================

   3.689024000000E+02  0.000000000000E+00  0.000000000000E+00  0.000000000000E+00  0.000000000000E+00  0.000000000000E+00
   0.000000000000E+00  3.689024000000E+02  0.000000000000E+00  0.000000000000E+00  0.000000000000E+00  0.000000000000E+00
   0.000000000000E+00  0.000000000000E+00  3.689024000000E+02  0.000000000000E+00  0.000000000000E+00  0.000000000000E+00
   0.000000000000E+00  0.000000000000E+00  0.000000000000E+00  3.579323679061E+02  0.000000000000E+00  0.000000000000E+00
   0.000000000000E+00  0.000000000000E+00  0.000000000000E+00  0.000000000000E+00  2.453313431467E+02 -3.275157922644E-15
   0.000000000000E+00  0.000000000000E+00  0.000000000000E+00  0.000000000000E+00 -3.275157922644E-15  1.126010247595E+02

 The Mass Properties with respect to Principal Inertial Axes
 ========================================================

 Mass Per Unit Span                     =    3.6890240000E+02
 Mass Moments of Intertia about x1 axis =    3.5793236791E+02
 Mass Moments of Intertia about x2 axis =    2.4533134315E+02
 Mass Moments of Intertia about x3 axis =    1.1260102476E+02
 The user coordinate axes are the principal inertial axes.
 The mass-weighted radius of gyration   =    9.8501931471E-01

 The Geometric Center of the Cross Section
 ========================================================

  Xg2 =   -1.1296814059E-14
  Xg3 =   -2.8320835799E-17

 Classical Stiffness Matrix (1-extension; 2-twist; 3,4-bending)
 ========================================================

     6.5299874515E+09    5.9701360233E+03   -3.6054883693E+01    8.2596015861E+00
     5.9701360233E+03    2.0181565034E+08    1.7493593513E+00   -6.2613628295E-02
    -3.6054883693E+01    1.7493593513E+00    4.9173605623E+09   -3.2528949968E+00
     8.2596015861E+00   -6.2613628295E-02   -3.2528949968E+00    1.5061412739E+09

 Classical Flexibility Matrix (1-extension; 2-twist; 3,4-bending)
 ========================================================

     1.5313965110E-10   -4.5301964745E-15    1.1228463241E-18   -8.3981018720E-19
    -4.5301964745E-15    4.9550171077E-09   -1.7627889472E-18    2.0601587424E-19
     1.1228463241E-18   -1.7627889472E-18    2.0336112988E-10    4.3921005555E-19
    -8.3981018720E-19    2.0601587424E-19    4.3921005555E-19    6.6394834094E-10

 The Neutral Axes (or Tension Center) of the Cross Section
 ========================================================

  Xt2 =   -1.2648727888E-09
  Xt3 =   -5.5214402342E-09

 Classical Stiffness Matrix (correct up to the 2nd order) (1-extension; 2-twist; 3,4-bending)
 ========================================================

     6.5299874515E+09    5.9701360233E+03   -3.6054883693E+01    8.2596015861E+00
     5.9701360233E+03    2.0181565034E+08    1.7493593513E+00   -6.2613628295E-02
    -3.6054883693E+01    1.7493593513E+00    4.9173605623E+09   -3.2528949968E+00
     8.2596015861E+00   -6.2613628295E-02   -3.2528949968E+00    1.5061412739E+09

 Classical Flexibility Matrix (correct up to the 2nd order) (1-extension; 2-twist; 3,4-bending)
 ========================================================

     1.5313965110E-10   -4.5301964745E-15    1.1228463241E-18   -8.3981018720E-19
    -4.5301964745E-15    4.9550171077E-09   -1.7627889472E-18    2.0601587424E-19
     1.1228463241E-18   -1.7627889472E-18    2.0336112988E-10    4.3921005555E-19
    -8.3981018720E-19    2.0601587424E-19    4.3921005555E-19    6.6394834094E-10

 The Neutral Axes (or Tension Center) of the Cross Section, Corrected by Initial Curvature/Twist
 ========================================================

  Xt2 =   -1.2648727888E-09
  Xt3 =   -5.5214402342E-09

 Timoshenko Stiffness Matrix (1-extension; 2,3-shear, 4-twist; 5,6-bending)
 ========================================================

     6.5299874515E+09   -1.3316233782E+00    7.0473314392E-02    5.9701360233E+03   -3.6054881178E+01    8.2595991462E+00
    -1.3316233782E+00    2.9876298801E+08    8.7571222835E-02    4.3061310540E+00   -5.6428555617E+02   -5.0971294193E-02
     7.0473314392E-02    8.7571222835E-02    9.3042097717E+07    5.8003126825E-03   -2.7165542694E-02   -3.2215169067E+03
     5.9701360233E+03    4.3061310540E+00    5.8003126825E-03    2.0181565034E+08    1.7493512182E+00   -6.2613829861E-02
    -3.6054881178E+01   -5.6428555617E+02   -2.7165542694E-02    1.7493512182E+00    4.9173605623E+09   -3.2528939599E+00
     8.2595991462E+00   -5.0971294193E-02   -3.2215169067E+03   -6.2613829861E-02   -3.2528939599E+00    1.5061412740E+09

 Timoshenko Flexibility Matrix (1-extension; 2,3-shear, 4-twist; 5,6-bending)
 ========================================================

     1.5313965110E-10    6.8262967273E-19   -1.1602208310E-19   -4.5301964745E-15    1.1228463241E-18   -8.3981018720E-19
     6.8262967273E-19    3.3471348196E-09   -3.1503192710E-18   -7.1417681988E-17    3.8409626659E-16    1.1326884606E-19
    -1.1602208310E-19   -3.1503192710E-18    1.0747823024E-08   -3.0888877324E-19    5.9390284718E-20    2.2988742279E-14
    -4.5301964745E-15   -7.1417681988E-17   -3.0888877324E-19    4.9550171077E-09   -1.7627889472E-18    2.0601587424E-19
     1.1228463241E-18    3.8409626659E-16    5.9390284718E-20   -1.7627889472E-18    2.0336112988E-10    4.3921005555E-19
    -8.3981018720E-19    1.1326884606E-19    2.2988742279E-14    2.0601587424E-19    4.3921005555E-19    6.6394834094E-10

 The Generalized Shear Center of the Cross Section in the User Coordinate System
 ========================================================

  Xs2 =    6.2338588653E-11
  Xs3 =   -1.4413205936E-08
