
 The 6X6 Mass Matrix
 ========================================================

     4.1719760000E+02    0.0000000000E+00    0.0000000000E+00    0.0000000000E+00    6.8722805224E-14   -6.7496008782E-13
     0.0000000000E+00    4.1719760000E+02    0.0000000000E+00   -6.8722805224E-14    0.0000000000E+00    0.0000000000E+00
     0.0000000000E+00    0.0000000000E+00    4.1719760000E+02    6.7496008782E-13    0.0000000000E+00    0.0000000000E+00
     0.0000000000E+00   -6.8722805224E-14    6.7496008782E-13    1.6914151458E+02    0.0000000000E+00    0.0000000000E+00
     6.8722805224E-14    0.0000000000E+00    0.0000000000E+00    0.0000000000E+00    6.9437094727E+01   -1.0824674490E-15
    -6.7496008782E-13    0.0000000000E+00    0.0000000000E+00    0.0000000000E+00   -1.0824674490E-15    9.9704419854E+01

 The Mass Center of the Cross Section
 ========================================================

  Xm2 =    1.6178426909E-15
  Xm3 =    1.6472483357E-16

 The 6X6 Mass Matrix at the Mass Center
 ========================================================

   4.171976000000E+02  0.000000000000E+00  0.000000000000E+00  0.000000000000E+00  0.000000000000E+00  0.000000000000E+00
   0.000000000000E+00  4.171976000000E+02  0.000000000000E+00  0.000000000000E+00  0.000000000000E+00  0.000000000000E+00
   0.000000000000E+00  0.000000000000E+00  4.171976000000E+02  0.000000000000E+00  0.000000000000E+00  0.000000000000E+00
   0.000000000000E+00  0.000000000000E+00  0.000000000000E+00  1.691415145805E+02  0.000000000000E+00  0.000000000000E+00
   0.000000000000E+00  0.000000000000E+00  0.000000000000E+00  0.000000000000E+00  6.943709472667E+01 -1.082467449009E-15
   0.000000000000E+00  0.000000000000E+00  0.000000000000E+00  0.000000000000E+00 -1.082467449009E-15  9.970441985387E+01

 The Mass Properties with respect to Principal Inertial Axes
 ========================================================

 Mass Per Unit Span                     =    4.1719760000E+02
 Mass Moments of Intertia about x1 axis =    1.6914151458E+02
 Mass Moments of Intertia about x2 axis =    6.9437094727E+01
 Mass Moments of Intertia about x3 axis =    9.9704419854E+01
 The user coordinate axes are the principal inertial axes.
 The mass-weighted radius of gyration   =    6.3672837910E-01

 The Geometric Center of the Cross Section
 ========================================================

  Xg2 =   -2.7203046876E-15
  Xg3 =   -8.0105032542E-18

 Classical Stiffness Matrix (1-extension; 2-twist; 3,4-bending)
 ========================================================

     8.3406362149E+09    3.0233882011E+03    1.9842381426E-01    1.9172918083E+01
     3.0233882011E+03    1.0195381279E+08   -2.5650923426E-04    1.7454026742E-02
     1.9842381426E-01   -2.5650923426E-04    1.4605107156E+09   -6.1905898945E-02
     1.9172918083E+01    1.7454026742E-02   -6.1905898945E-02    1.7033821394E+09

 Classical Flexibility Matrix (1-extension; 2-twist; 3,4-bending)
 ========================================================

     1.1989493058E-10   -3.5554228780E-15   -1.6288829776E-20   -1.3495125770E-18
    -3.5554228780E-15    9.8083629502E-09    1.7231240532E-21   -1.0046322398E-19
    -1.6288829776E-20    1.7231240532E-21    6.8469199802E-10    2.4883713976E-20
    -1.3495125770E-18   -1.0046322398E-19    2.4883713976E-20    5.8706732732E-10

 The Neutral Axes (or Tension Center) of the Cross Section
 ========================================================

  Xt2 =   -2.2987356206E-09
  Xt3 =    2.3790010349E-11

 Classical Stiffness Matrix (correct up to the 2nd order) (1-extension; 2-twist; 3,4-bending)
 ========================================================

     8.3406362149E+09    3.0233882011E+03    1.9842381426E-01    1.9172918083E+01
     3.0233882011E+03    1.0195381279E+08   -2.5650923426E-04    1.7454026742E-02
     1.9842381426E-01   -2.5650923426E-04    1.4605107156E+09   -6.1905898945E-02
     1.9172918083E+01    1.7454026742E-02   -6.1905898945E-02    1.7033821394E+09

 Classical Flexibility Matrix (correct up to the 2nd order) (1-extension; 2-twist; 3,4-bending)
 ========================================================

     1.1989493058E-10   -3.5554228780E-15   -1.6288829776E-20   -1.3495125770E-18
    -3.5554228780E-15    9.8083629502E-09    1.7231240532E-21   -1.0046322398E-19
    -1.6288829776E-20    1.7231240532E-21    6.8469199802E-10    2.4883713976E-20
    -1.3495125770E-18   -1.0046322398E-19    2.4883713976E-20    5.8706732732E-10

 The Neutral Axes (or Tension Center) of the Cross Section, Corrected by Initial Curvature/Twist
 ========================================================

  Xt2 =   -2.2987356206E-09
  Xt3 =    2.3790010349E-11

 Timoshenko Stiffness Matrix (1-extension; 2,3-shear, 4-twist; 5,6-bending)
 ========================================================

     8.3406362149E+09   -1.2296017522E-03   -1.8829061883E-02    3.0233882011E+03    1.9842381460E-01    1.9172918736E+01
    -1.2296017522E-03    4.3709166332E+08    3.9840286419E-02   -1.3207143307E-02   -1.1955624586E+02   -4.8852291306E-04
    -1.8829061883E-02    3.9840286419E-02    4.9579507955E+07   -2.5074680716E+01    1.7468552053E-04   -1.7193819334E+03
     3.0233882011E+03   -1.3207143307E-02   -2.5074680716E+01    1.0195381279E+08   -2.5650571010E-04    1.8323598765E-02
     1.9842381460E-01   -1.1955624586E+02    1.7468552053E-04   -2.5650571010E-04    1.4605107156E+09   -6.1905904870E-02
     1.9172918736E+01   -4.8852291306E-04   -1.7193819334E+03    1.8323598765E-02   -6.1905904870E-02    1.7033821395E+09

 Timoshenko Flexibility Matrix (1-extension; 2,3-shear, 4-twist; 5,6-bending)
 ========================================================

     1.1989493058E-10    3.3716980277E-22    4.3688163432E-20   -3.5554228780E-15   -1.6288829776E-20   -1.3495125770E-18
     3.3716980277E-22    2.2878496296E-09   -1.8384324444E-18    2.9636862051E-19    1.8728155150E-16    6.5429685696E-22
     4.3688163432E-20   -1.8384324444E-18    2.0169623324E-08    4.9605488079E-15   -2.4116901690E-21    2.0359075714E-14
    -3.5554228780E-15    2.9636862051E-19    4.9605488079E-15    9.8083629502E-09    1.7231240532E-21   -1.0046322398E-19
    -1.6288829776E-20    1.8728155150E-16   -2.4116901690E-21    1.7231240532E-21    6.8469199802E-10    2.4883713976E-20
    -1.3495125770E-18    6.5429685696E-22    2.0359075714E-14   -1.0046322398E-19    2.4883713976E-20    5.8706732732E-10

 The Generalized Shear Center of the Cross Section in the User Coordinate System
 ========================================================

  Xs2 =   -5.0574686450E-07
  Xs3 =    3.0215910853E-11
