
 The 6X6 Mass Matrix
 ========================================================

     5.3731760000E+02    0.0000000000E+00    0.0000000000E+00    0.0000000000E+00   -9.9920072216E-15   -9.5255160000E+01
     0.0000000000E+00    5.3731760000E+02    0.0000000000E+00    9.9920072216E-15    0.0000000000E+00    0.0000000000E+00
     0.0000000000E+00    0.0000000000E+00    5.3731760000E+02    9.5255160000E+01    0.0000000000E+00    0.0000000000E+00
     0.0000000000E+00    9.9920072216E-15    9.5255160000E+01    2.5303220146E+02    0.0000000000E+00    0.0000000000E+00
    -9.9920072216E-15    0.0000000000E+00    0.0000000000E+00    0.0000000000E+00    7.7726375727E+01   -2.7755575616E-17
    -9.5255160000E+01    0.0000000000E+00    0.0000000000E+00    0.0000000000E+00   -2.7755575616E-17    1.7530582573E+02

 The Mass Center of the Cross Section
 ========================================================

  Xm2 =    1.7727906177E-01
  Xm3 =   -1.8596091439E-17

 The 6X6 Mass Matrix at the Mass Center
 ========================================================

   5.373176000000E+02  0.000000000000E+00  0.000000000000E+00  0.000000000000E+00  0.000000000000E+00  0.000000000000E+00
   0.000000000000E+00  5.373176000000E+02  0.000000000000E+00  0.000000000000E+00  0.000000000000E+00  0.000000000000E+00
   0.000000000000E+00  0.000000000000E+00  5.373176000000E+02  0.000000000000E+00  0.000000000000E+00  0.000000000000E+00
   0.000000000000E+00  0.000000000000E+00  0.000000000000E+00  2.361454560671E+02  0.000000000000E+00  0.000000000000E+00
   0.000000000000E+00  0.000000000000E+00  0.000000000000E+00  0.000000000000E+00  7.772637572667E+01 -1.799129241055E-15
   0.000000000000E+00  0.000000000000E+00  0.000000000000E+00  0.000000000000E+00 -1.799129241055E-15  1.584190803404E+02

 The Mass Properties with respect to Principal Inertial Axes
 ========================================================

 Mass Per Unit Span                     =    5.3731760000E+02
 Mass Moments of Intertia about x1 axis =    2.3614545607E+02
 Mass Moments of Intertia about x2 axis =    7.7726375727E+01
 Mass Moments of Intertia about x3 axis =    1.5841908034E+02
 The user coordinate axes are the principal inertial axes.
 The mass-weighted radius of gyration   =    6.6294006037E-01

 The Geometric Center of the Cross Section
 ========================================================

  Xg2 =   -4.4125429430E-15
  Xg3 =   -8.4771345117E-18

 Classical Stiffness Matrix (1-extension; 2-twist; 3,4-bending)
 ========================================================

     1.0349727460E+10    2.7074208406E+03    2.6754408306E-01   -1.5932186885E+09
     2.7074208406E+03    1.5901081264E+08   -2.9325558313E-04    1.8327335864E+03
     2.6754408306E-01   -2.9325558313E-04    1.5990984969E+09   -3.9712825772E-01
    -1.5932186885E+09    1.8327335864E+03   -3.9712825772E-01    2.9678921806E+09

 Classical Flexibility Matrix (1-extension; 2-twist; 3,4-bending)
 ========================================================

     1.0532459439E-10   -2.4449976321E-15   -3.5803146173E-21    5.6540164515E-11
    -2.4449976321E-15    6.2888805071E-09    1.1524243053E-21   -5.1960305526E-15
    -3.5803146173E-21    1.1524243053E-21    6.2535234819E-10    8.1755282019E-20
     5.6540164515E-11   -5.1960305526E-15    8.1755282019E-20    3.6729125603E-10

 The Neutral Axes (or Tension Center) of the Cross Section
 ========================================================

  Xt2 =    1.5393822637E-01
  Xt3 =    2.5850351046E-11

 Classical Stiffness Matrix (correct up to the 2nd order) (1-extension; 2-twist; 3,4-bending)
 ========================================================

     1.0349727460E+10    2.7074208406E+03    2.6754408306E-01   -1.5932186885E+09
     2.7074208406E+03    1.5901081264E+08   -2.9325558313E-04    1.8327335864E+03
     2.6754408306E-01   -2.9325558313E-04    1.5990984969E+09   -3.9712825772E-01
    -1.5932186885E+09    1.8327335864E+03   -3.9712825772E-01    2.9678921806E+09

 Classical Flexibility Matrix (correct up to the 2nd order) (1-extension; 2-twist; 3,4-bending)
 ========================================================

     1.0532459439E-10   -2.4449976321E-15   -3.5803146173E-21    5.6540164515E-11
    -2.4449976321E-15    6.2888805071E-09    1.1524243053E-21   -5.1960305526E-15
    -3.5803146173E-21    1.1524243053E-21    6.2535234819E-10    8.1755282019E-20
     5.6540164515E-11   -5.1960305526E-15    8.1755282019E-20    3.6729125603E-10

 The Neutral Axes (or Tension Center) of the Cross Section, Corrected by Initial Curvature/Twist
 ========================================================

  Xt2 =    1.5393822637E-01
  Xt3 =    2.5850351046E-11

 Timoshenko Stiffness Matrix (1-extension; 2,3-shear, 4-twist; 5,6-bending)
 ========================================================

     1.0349727460E+10    1.6503654801E-04   -1.2517709203E+03    1.6483097477E+03    2.6754408268E-01   -1.5932186885E+09
     1.6503654801E-04    4.7217233217E+08    3.7077212768E-02    3.0634780438E-02   -9.1345112887E+01   -7.8362186866E-04
    -1.2517709203E+03    3.7077212768E-02    1.6558066431E+08    1.4009617533E+08    4.5803790359E-05   -1.5210466369E+03
     1.6483097477E+03    3.0634780438E-02    1.4009617533E+08    2.7754481191E+08   -2.5450130319E-04    5.4579095203E+02
     2.6754408268E-01   -9.1345112887E+01    4.5803790359E-05   -2.5450130319E-04    1.5990984969E+09   -3.9712825799E-01
    -1.5932186885E+09   -7.8362186866E-04   -1.5210466369E+03    5.4579095203E+02   -3.9712825799E-01    2.9678921806E+09

 Timoshenko Flexibility Matrix (1-extension; 2,3-shear, 4-twist; 5,6-bending)
 ========================================================

     1.0532459439E-10    5.6913109842E-23    3.3843161025E-15   -2.4449976321E-15   -3.5803146173E-21    5.6540164515E-11
     5.6913109842E-23    2.1178708108E-09   -4.8253138482E-19    9.8012778558E-21    1.2097888196E-16    5.8950714786E-22
     3.3843161025E-15   -4.8253138482E-19    1.0541364626E-08   -5.3209600882E-09   -1.1473462791E-21    8.1977353848E-15
    -2.4449976321E-15    9.8012778558E-21   -5.3209600882E-09    6.2888805071E-09    1.1524243053E-21   -5.1960305526E-15
    -3.5803146173E-21    1.2097888196E-16   -1.1473462791E-21    1.1524243053E-21    6.2535234819E-10    8.1755282019E-20
     5.6540164515E-11    5.8950714786E-22    8.1977353848E-15   -5.1960305526E-15    8.1755282019E-20    3.6729125603E-10

 The Generalized Shear Center of the Cross Section in the User Coordinate System
 ========================================================

  Xs2 =    8.4609018762E-01
  Xs3 =    1.5585091567E-12
