
 The 6X6 Mass Matrix
 ========================================================

     5.5906880000E+01    0.0000000000E+00    0.0000000000E+00    0.0000000000E+00    5.2995802191E-16   -1.4320142294E-14
     0.0000000000E+00    5.5906880000E+01    0.0000000000E+00   -5.2995802191E-16    0.0000000000E+00    0.0000000000E+00
     0.0000000000E+00    0.0000000000E+00    5.5906880000E+01    1.4320142294E-14    0.0000000000E+00    0.0000000000E+00
     0.0000000000E+00   -5.2995802191E-16    1.4320142294E-14    2.4878167604E+01    0.0000000000E+00    0.0000000000E+00
     5.2995802191E-16    0.0000000000E+00    0.0000000000E+00    0.0000000000E+00    2.4046672900E+00   -1.6046192153E-16
    -1.4320142294E-14    0.0000000000E+00    0.0000000000E+00    0.0000000000E+00   -1.6046192153E-16    2.2473500314E+01

 The Mass Center of the Cross Section
 ========================================================

  Xm2 =    2.5614275549E-16
  Xm3 =    9.4792988253E-18

 The Mass Properties with respect to Principal Inertial Axes
 ========================================================

 Mass Per Unit Span                     =    5.5906880000E+01
 Mass Moments of Intertia about x1 axis =    2.4878167604E+01
 Mass Moments of Intertia about x2 axis =    2.4046672900E+00
 Mass Moments of Intertia about x3 axis =    2.2473500314E+01
 The user coordinate axes are the principal inertial axes.
 The mass-weighted radius of gyration   =    6.6707792097E-01

 The Geometric Center of the Cross Section
 ========================================================

  Xg2 =    7.1579149005E-15
  Xg3 =   -5.1710908029E-18

 Classical Stiffness Matrix (1-extension; 2-twist; 3,4-bending)
 ========================================================

     8.0258976263E+08    4.9387269903E+02   -1.7730823038E-01   -2.6470342133E+00
     4.9387269903E+02    9.3613349246E+06    4.4362300880E-05    2.1734009710E-03
    -1.7730823038E-01    4.4362300880E-05    4.3431408191E+07   -1.5225835247E-03
    -2.6470342133E+00    2.1734009710E-03   -1.5225835247E-03    2.2825842244E+08

 Classical Flexibility Matrix (1-extension; 2-twist; 3,4-bending)
 ========================================================

     1.2459665530E-09   -6.5733025193E-14    5.0866443610E-18    1.4449045087E-17
    -6.5733025193E-14    1.0682237182E-07   -1.0938031727E-19   -1.0178894681E-18
     5.0866443610E-18   -1.0938031727E-19    2.3024811804E-08    1.5358562546E-19
     1.4449045087E-17   -1.0178894681E-18    1.5358562546E-19    4.3809993485E-09

 The Neutral Axes (or Tension Center) of the Cross Section
 ========================================================

  Xt2 =    3.2981162373E-09
  Xt3 =   -2.2092012754E-10

 Classical Stiffness Matrix (correct up to the 2nd order) (1-extension; 2-twist; 3,4-bending)
 ========================================================

     8.0258976263E+08    4.9387269903E+02   -1.7730823038E-01   -2.6470342133E+00
     4.9387269903E+02    9.3613349246E+06    4.4362300880E-05    2.1734009710E-03
    -1.7730823038E-01    4.4362300880E-05    4.3431408191E+07   -1.5225835247E-03
    -2.6470342133E+00    2.1734009710E-03   -1.5225835247E-03    2.2825842244E+08

 Classical Flexibility Matrix (correct up to the 2nd order) (1-extension; 2-twist; 3,4-bending)
 ========================================================

     1.2459665530E-09   -6.5733025193E-14    5.0866443610E-18    1.4449045087E-17
    -6.5733025193E-14    1.0682237182E-07   -1.0938031727E-19   -1.0178894681E-18
     5.0866443610E-18   -1.0938031727E-19    2.3024811804E-08    1.5358562546E-19
     1.4449045087E-17   -1.0178894681E-18    1.5358562546E-19    4.3809993485E-09

 The Neutral Axes (or Tension Center) of the Cross Section, Corrected by Initial Curvature/Twist
 ========================================================

  Xt2 =    3.2981162373E-09
  Xt3 =   -2.2092012754E-10

 Timoshenko Stiffness Matrix (1-extension; 2,3-shear, 4-twist; 5,6-bending)
 ========================================================

     8.0258976263E+08   -4.4282660064E-03   -2.0840459270E-03    4.9387269903E+02   -1.7730822921E-01   -2.6470341519E+00
    -4.4282660064E-03    3.8767787840E+07    3.1433850215E-03    2.6039288571E-03   -1.0271832918E+01    2.4420622121E-04
    -2.0840459270E-03    3.1433850215E-03    9.9968105580E+06    7.0303973548E-01   -2.2409566016E-05   -2.9445435288E+02
     4.9387269903E+02    2.6039288571E-03    7.0303973548E-01    9.3613349246E+06    4.4361609373E-05    2.1526930553E-03
    -1.7730822921E-01   -1.0271832918E+01   -2.2409566016E-05    4.4361609373E-05    4.3431408191E+07   -1.5225829294E-03
    -2.6470341519E+00    2.4420622121E-04   -2.9445435288E+02    2.1526930553E-03   -1.5225829294E-03    2.2825842245E+08

 Timoshenko Flexibility Matrix (1-extension; 2,3-shear, 4-twist; 5,6-bending)
 ========================================================

     1.2459665530E-09    1.4232678850E-19    2.6479635852E-19   -6.5733025193E-14    5.0866443610E-18    1.4449045087E-17
     1.4232678850E-19    2.5794610828E-08   -8.1108265271E-18   -7.1749805869E-18    6.1006065345E-15   -2.7607231127E-20
     2.6479635852E-19   -8.1108265271E-18    1.0003190460E-07   -7.5124332933E-15    5.1616680344E-20    1.2904158988E-13
    -6.5733025193E-14   -7.1749805869E-18   -7.5124332933E-15    1.0682237182E-07   -1.0938031727E-19   -1.0178894681E-18
     5.0866443610E-18    6.1006065345E-15    5.1616680344E-20   -1.0938031727E-19    2.3024811804E-08    1.5358562546E-19
     1.4449045087E-17   -2.7607231127E-20    1.2904158988E-13   -1.0178894681E-18    1.5358562546E-19    4.3809993485E-09

 The Generalized Shear Center of the Cross Section in the User Coordinate System
 ========================================================

  Xs2 =    7.0326404155E-08
  Xs3 =   -6.7167396349E-11
