
 The 6X6 Mass Matrix
 ========================================================

     4.6360928000E+02    0.0000000000E+00    0.0000000000E+00    0.0000000000E+00   -2.1593837829E-14    1.4416245975E-13
     0.0000000000E+00    4.6360928000E+02    0.0000000000E+00    2.1593837829E-14    0.0000000000E+00    0.0000000000E+00
     0.0000000000E+00    0.0000000000E+00    4.6360928000E+02   -1.4416245975E-13    0.0000000000E+00    0.0000000000E+00
     0.0000000000E+00    2.1593837829E-14   -1.4416245975E-13    2.9022024305E+02    0.0000000000E+00    0.0000000000E+00
    -2.1593837829E-14    0.0000000000E+00    0.0000000000E+00    0.0000000000E+00    1.7147497056E+02   -8.0491169285E-16
     1.4416245975E-13    0.0000000000E+00    0.0000000000E+00    0.0000000000E+00   -8.0491169285E-16    1.1874527249E+02

 The Mass Center of the Cross Section
 ========================================================

  Xm2 =   -3.1095680343E-16
  Xm3 =   -4.6577665203E-17

 The Mass Properties with respect to Principal Inertial Axes
 ========================================================

 Mass Per Unit Span                     =    4.6360928000E+02
 Mass Moments of Intertia about x1 axis =    2.9022024305E+02
 Mass Moments of Intertia about x2 axis =    1.7147497056E+02
 Mass Moments of Intertia about x3 axis =    1.1874527249E+02
 The user coordinate axes are the principal inertial axes.
 The mass-weighted radius of gyration   =    7.9120275431E-01

 The Geometric Center of the Cross Section
 ========================================================

  Xg2 =    1.2303292705E-15
  Xg3 =    9.3530894803E-17

 Classical Stiffness Matrix (1-extension; 2-twist; 3,4-bending)
 ========================================================

     8.9937931904E+09    6.0810166642E+03    1.5223740689E+00   -6.9262082271E-01
     6.0810166642E+03    1.7519566018E+08   -5.7439833206E-03    3.3931819611E-03
     1.5223740689E+00   -5.7439833206E-03    3.5667645734E+09    2.1166403968E+00
    -6.9262082271E-01    3.3931819611E-03    2.1166403968E+00    1.8929759367E+09

 Classical Flexibility Matrix (1-extension; 2-twist; 3,4-bending)
 ========================================================

     1.1118779128E-10   -3.8593125589E-15   -4.7457416656E-20    4.0682499534E-20
    -3.8593125589E-15    5.7079039457E-09    9.1937608228E-21   -1.0232898046E-20
    -4.7457416656E-20    9.1937608228E-21    2.8036613559E-10   -3.1349277981E-19
     4.0682499534E-20   -1.0232898046E-20   -3.1349277981E-19    5.2826873316E-10

 The Neutral Axes (or Tension Center) of the Cross Section
 ========================================================

  Xt2 =    7.7010992564E-11
  Xt3 =    1.6926943239E-10

 Classical Stiffness Matrix (correct up to the 2nd order) (1-extension; 2-twist; 3,4-bending)
 ========================================================

     8.9937931904E+09    6.0810166642E+03    1.5223740689E+00   -6.9262082271E-01
     6.0810166642E+03    1.7519566018E+08   -5.7439833206E-03    3.3931819611E-03
     1.5223740689E+00   -5.7439833206E-03    3.5667645734E+09    2.1166403968E+00
    -6.9262082271E-01    3.3931819611E-03    2.1166403968E+00    1.8929759367E+09

 Classical Flexibility Matrix (correct up to the 2nd order) (1-extension; 2-twist; 3,4-bending)
 ========================================================

     1.1118779128E-10   -3.8593125589E-15   -4.7457416656E-20    4.0682499534E-20
    -3.8593125589E-15    5.7079039457E-09    9.1937608228E-21   -1.0232898046E-20
    -4.7457416656E-20    9.1937608228E-21    2.8036613559E-10   -3.1349277981E-19
     4.0682499534E-20   -1.0232898046E-20   -3.1349277981E-19    5.2826873316E-10

 The Neutral Axes (or Tension Center) of the Cross Section, Corrected by Initial Curvature/Twist
 ========================================================

  Xt2 =    7.7010992564E-11
  Xt3 =    1.6926943239E-10

 Timoshenko Stiffness Matrix (1-extension; 2,3-shear, 4-twist; 5,6-bending)
 ========================================================

     8.9937931904E+09    3.8561076829E-03    1.1915841672E-03    6.0810166642E+03    1.5223740795E+00   -6.9262087280E-01
     3.8561076829E-03    4.6323484957E+08   -9.2620899653E-02   -4.1909900112E-02    1.2642838982E+03    4.6964253313E-04
     1.1915841672E-03   -9.2620899653E-02    7.9873439909E+07   -7.3140161477E-03    2.6607104064E-03   -3.3575371801E+03
     6.0810166642E+03   -4.1909900112E-02   -7.3140161477E-03    1.7519566018E+08   -5.7440977035E-03    3.3934894110E-03
     1.5223740795E+00    1.2642838982E+03    2.6607104064E-03   -5.7440977035E-03    3.5667645734E+09    2.1166402863E+00
    -6.9262087280E-01    4.6964253313E-04   -3.3575371801E+03    3.3934894110E-03    2.1166402863E+00    1.8929759369E+09

 Timoshenko Flexibility Matrix (1-extension; 2,3-shear, 4-twist; 5,6-bending)
 ========================================================

     1.1118779128E-10   -9.2578060677E-22   -1.6573875602E-21   -3.8593125589E-15   -4.7457416656E-20    4.0682499534E-20
    -9.2578060677E-22    2.1587322304E-09    2.5032566742E-18    5.1640693212E-19   -7.6518938751E-16   -5.3028041604E-22
    -1.6573875602E-21    2.5032566742E-18    1.2519806349E-08    5.2267276789E-19   -9.3535038868E-21    2.2206154069E-14
    -3.8593125589E-15    5.1640693212E-19    5.2267276789E-19    5.7079039457E-09    9.1937608228E-21   -1.0232898046E-20
    -4.7457416656E-20   -7.6518938751E-16   -9.3535038868E-21    9.1937608228E-21    2.8036613559E-10   -3.1349277981E-19
     4.0682499534E-20   -5.3028041604E-22    2.2206154069E-14   -1.0232898046E-20   -3.1349277981E-19    5.2826873316E-10

 The Generalized Shear Center of the Cross Section in the User Coordinate System
 ========================================================

  Xs2 =   -9.1570000627E-11
  Xs3 =    9.0472253393E-11
