
 The 6X6 Mass Matrix
 ========================================================

     5.5032368000E+02    0.0000000000E+00    0.0000000000E+00    0.0000000000E+00   -6.4975802516E-14    6.2033711501E-14
     0.0000000000E+00    5.5032368000E+02    0.0000000000E+00    6.4975802516E-14    0.0000000000E+00    0.0000000000E+00
     0.0000000000E+00    0.0000000000E+00    5.5032368000E+02   -6.2033711501E-14    0.0000000000E+00    0.0000000000E+00
     0.0000000000E+00    6.4975802516E-14   -6.2033711501E-14    2.7261365083E+02    0.0000000000E+00    0.0000000000E+00
    -6.4975802516E-14    0.0000000000E+00    0.0000000000E+00    0.0000000000E+00    1.4256632139E+02    1.2490009027E-16
     6.2033711501E-14    0.0000000000E+00    0.0000000000E+00    0.0000000000E+00    1.2490009027E-16    1.3004732944E+02

 The Mass Center of the Cross Section
 ========================================================

  Xm2 =   -1.1272222831E-16
  Xm3 =   -1.1806833847E-16

 The Mass Properties with respect to Principal Inertial Axes
 ========================================================

 Mass Per Unit Span                     =    5.5032368000E+02
 Mass Moments of Intertia about x1 axis =    2.7261365083E+02
 Mass Moments of Intertia about x2 axis =    1.4256632139E+02
 Mass Moments of Intertia about x3 axis =    1.3004732944E+02
 The user coordinate axes are the principal inertial axes.
 The mass-weighted radius of gyration   =    7.0382501645E-01

 The Geometric Center of the Cross Section
 ========================================================

  Xg2 =   -1.6416882226E-16
  Xg3 =    5.5083751353E-17

 Classical Stiffness Matrix (1-extension; 2-twist; 3,4-bending)
 ========================================================

     1.1053068924E+10    4.9245397942E+03   -6.9637186974E+00    1.4637026969E+01
     4.9245397942E+03    1.4682093826E+08   -1.3929733071E-03   -1.7088505755E-03
    -6.9637186974E+00   -1.3929733071E-03    3.0037015571E+09   -5.1512607915E+00
     1.4637026969E+01   -1.7088505755E-03   -5.1512607915E+00    2.2469585724E+09

 Classical Flexibility Matrix (1-extension; 2-twist; 3,4-bending)
 ========================================================

     9.0472610538E-11   -3.0345533556E-15    2.0974980049E-19   -5.8935222964E-19
    -3.0345533556E-15    6.8110176373E-09    3.1515894086E-21    5.1996634066E-21
     2.0974980049E-19    3.1515894086E-21    3.3292255605E-10    7.6324099946E-19
    -5.8935222964E-19    5.1996634066E-21    7.6324099946E-19    4.4504603347E-10

 The Neutral Axes (or Tension Center) of the Cross Section
 ========================================================

  Xt2 =   -1.3242500456E-09
  Xt3 =   -6.3002580538E-10

 Classical Stiffness Matrix (correct up to the 2nd order) (1-extension; 2-twist; 3,4-bending)
 ========================================================

     1.1053068924E+10    4.9245397942E+03   -6.9637186974E+00    1.4637026969E+01
     4.9245397942E+03    1.4682093826E+08   -1.3929733071E-03   -1.7088505755E-03
    -6.9637186974E+00   -1.3929733071E-03    3.0037015571E+09   -5.1512607915E+00
     1.4637026969E+01   -1.7088505755E-03   -5.1512607915E+00    2.2469585724E+09

 Classical Flexibility Matrix (correct up to the 2nd order) (1-extension; 2-twist; 3,4-bending)
 ========================================================

     9.0472610538E-11   -3.0345533556E-15    2.0974980049E-19   -5.8935222964E-19
    -3.0345533556E-15    6.8110176373E-09    3.1515894086E-21    5.1996634066E-21
     2.0974980049E-19    3.1515894086E-21    3.3292255605E-10    7.6324099946E-19
    -5.8935222964E-19    5.1996634066E-21    7.6324099946E-19    4.4504603347E-10

 The Neutral Axes (or Tension Center) of the Cross Section, Corrected by Initial Curvature/Twist
 ========================================================

  Xt2 =   -1.3242500456E-09
  Xt3 =   -6.3002580538E-10

 Timoshenko Stiffness Matrix (1-extension; 2,3-shear, 4-twist; 5,6-bending)
 ========================================================

     1.1053068924E+10   -5.5630473320E-02    1.3783087661E-03    4.9245397942E+03   -6.9637186695E+00    1.4637026914E+01
    -5.5630473320E-02    5.7723069102E+08    3.3140108548E-01    7.9981413423E-02   -2.9032531418E+02   -1.1822247267E-02
     1.3783087661E-03    3.3140108548E-01    6.6706367739E+07   -2.9280177472E+01   -4.8698630150E-03   -2.7050418125E+03
     4.9245397942E+03    7.9981413423E-02   -2.9280177472E+01    1.4682093826E+08   -1.3930113973E-03   -5.2149610080E-04
    -6.9637186695E+00   -2.9032531418E+02   -4.8698630150E-03   -1.3930113973E-03    3.0037015571E+09   -5.1512605881E+00
     1.4637026914E+01   -1.1822247267E-02   -2.7050418125E+03   -5.2149610080E-04   -5.1512605881E+00    2.2469585725E+09

 Timoshenko Flexibility Matrix (1-extension; 2,3-shear, 4-twist; 5,6-bending)
 ========================================================

     9.0472610538E-11    8.7198027108E-21   -3.2252644624E-21   -3.0345533556E-15    2.0974980049E-19   -5.8935222964E-19
     8.7198027108E-21    1.7324096164E-09   -8.6067110084E-18   -9.4374049166E-19    1.6744751654E-16    9.1049990989E-21
    -3.2252644624E-21   -8.6067110084E-18    1.4991072576E-08    2.9896367013E-15    2.4334954759E-20    1.8047274493E-14
    -3.0345533556E-15   -9.4374049166E-19    2.9896367013E-15    6.8110176373E-09    3.1515894086E-21    5.1996634066E-21
     2.0974980049E-19    1.6744751654E-16    2.4334954759E-20    3.1515894086E-21    3.3292255605E-10    7.6324099946E-19
    -5.8935222964E-19    9.1049990989E-21    1.8047274493E-14    5.1996634066E-21    7.6324099946E-19    4.4504603347E-10

 The Generalized Shear Center of the Cross Section in the User Coordinate System
 ========================================================

  Xs2 =   -4.3894126553E-07
  Xs3 =   -1.3856086446E-10
