
 The 6X6 Mass Matrix
 ========================================================

     1.2003092800E+03    0.0000000000E+00    0.0000000000E+00    0.0000000000E+00   -3.8613556796E-13   -2.6148064800E+02
     0.0000000000E+00    1.2003092800E+03    0.0000000000E+00    3.8613556796E-13    0.0000000000E+00    0.0000000000E+00
     0.0000000000E+00    0.0000000000E+00    1.2003092800E+03    2.6148064800E+02    0.0000000000E+00    0.0000000000E+00
     0.0000000000E+00    3.8613556796E-13    2.6148064800E+02    1.7068149469E+03    0.0000000000E+00    0.0000000000E+00
    -3.8613556796E-13    0.0000000000E+00    0.0000000000E+00    0.0000000000E+00    1.2770890209E+03    8.1046280798E-15
    -2.6148064800E+02    0.0000000000E+00    0.0000000000E+00    0.0000000000E+00    8.1046280798E-15    4.2972592603E+02

 The Mass Center of the Cross Section
 ========================================================

  Xm2 =    2.1784439424E-01
  Xm3 =   -3.2169672800E-16

 The 6X6 Mass Matrix at the Mass Center
 ========================================================

   1.200309280000E+03  0.000000000000E+00  0.000000000000E+00  0.000000000000E+00  0.000000000000E+00  0.000000000000E+00
   0.000000000000E+00  1.200309280000E+03  0.000000000000E+00  0.000000000000E+00  0.000000000000E+00  0.000000000000E+00
   0.000000000000E+00  0.000000000000E+00  1.200309280000E+03  0.000000000000E+00  0.000000000000E+00  0.000000000000E+00
   0.000000000000E+00  0.000000000000E+00  0.000000000000E+00  1.649852853560E+03  0.000000000000E+00  0.000000000000E+00
   0.000000000000E+00  0.000000000000E+00  0.000000000000E+00  0.000000000000E+00  1.277089020903E+03 -7.601284081729E-14
   0.000000000000E+00  0.000000000000E+00  0.000000000000E+00  0.000000000000E+00 -7.601284081729E-14  3.727638326569E+02

 The Mass Properties with respect to Principal Inertial Axes
 ========================================================

 Mass Per Unit Span                     =    1.2003092800E+03
 Mass Moments of Intertia about x1 axis =    1.6498528536E+03
 Mass Moments of Intertia about x2 axis =    1.2770890209E+03
 Mass Moments of Intertia about x3 axis =    3.7276383266E+02
 The user coordinate axes are the principal inertial axes.
 The mass-weighted radius of gyration   =    1.1724005790E+00

 The Geometric Center of the Cross Section
 ========================================================

  Xg2 =    2.3657026341E-14
  Xg3 =   -9.2009596205E-17

 Classical Stiffness Matrix (1-extension; 2-twist; 3,4-bending)
 ========================================================

     2.2431917365E+10    1.3153067992E+04    1.2755272448E+01   -4.3739748053E+09
     1.3153067992E+04    7.0828719744E+08   -8.3841825990E-03    9.4818019267E+03
     1.2755272448E+01   -8.3841825990E-03    2.5879380664E+10    4.0791636524E+00
    -4.3739748053E+09    9.4818019267E+03    4.0791636524E+00    7.0264164007E+09

 Classical Flexibility Matrix (1-extension; 2-twist; 3,4-bending)
 ========================================================

     5.0737986545E-11   -1.3650384730E-15   -2.9985867410E-20    3.1584617560E-11
    -1.3650384730E-15    1.4118566644E-09    4.5850840315E-22   -2.7549732362E-15
    -2.9985867410E-20    4.5850840315E-22    3.8640801069E-11   -4.1099127587E-20
     3.1584617560E-11   -2.7549732362E-15   -4.1099127587E-20    1.6198162144E-10

 The Neutral Axes (or Tension Center) of the Cross Section
 ========================================================

  Xt2 =    1.9498889615E-01
  Xt3 =    5.6862159378E-10

 Classical Stiffness Matrix (correct up to the 2nd order) (1-extension; 2-twist; 3,4-bending)
 ========================================================

     2.2431917365E+10    1.3153067992E+04    1.2755272448E+01   -4.3739748053E+09
     1.3153067992E+04    7.0828719744E+08   -8.3841825990E-03    9.4818019267E+03
     1.2755272448E+01   -8.3841825990E-03    2.5879380664E+10    4.0791636524E+00
    -4.3739748053E+09    9.4818019267E+03    4.0791636524E+00    7.0264164007E+09

 Classical Flexibility Matrix (correct up to the 2nd order) (1-extension; 2-twist; 3,4-bending)
 ========================================================

     5.0737986545E-11   -1.3650384730E-15   -2.9985867410E-20    3.1584617560E-11
    -1.3650384730E-15    1.4118566644E-09    4.5850840315E-22   -2.7549732362E-15
    -2.9985867410E-20    4.5850840315E-22    3.8640801069E-11   -4.1099127587E-20
     3.1584617560E-11   -2.7549732362E-15   -4.1099127587E-20    1.6198162144E-10

 The Neutral Axes (or Tension Center) of the Cross Section, Corrected by Initial Curvature/Twist
 ========================================================

  Xt2 =    1.9498889615E-01
  Xt3 =    5.6862159378E-10

 Timoshenko Stiffness Matrix (1-extension; 2,3-shear, 4-twist; 5,6-bending)
 ========================================================

     2.2431917365E+10    8.8280719011E-03   -3.1474784480E+03    9.4180220750E+03    1.2755272432E+01   -4.3739748053E+09
     8.8280719011E-03    8.7001964205E+08   -9.6269879937E-02   -3.1123083172E-01   -1.6541559779E+03    2.2123710066E-03
    -3.1474784480E+03   -9.6269879937E-02    1.0290975543E+09    1.2212082407E+09   -2.9219295057E-04   -6.2542951416E+03
     9.4180220750E+03   -3.1123083172E-01    1.2212082407E+09    2.1574691151E+09   -8.7305472429E-03    2.0599625346E+03
     1.2755272432E+01   -1.6541559779E+03   -2.9219295057E-04   -8.7305472429E-03    2.5879380664E+10    4.0791636500E+00
    -4.3739748053E+09    2.2123710066E-03   -6.2542951416E+03    2.0599625346E+03    4.0791636500E+00    7.0264164007E+09

 Timoshenko Flexibility Matrix (1-extension; 2,3-shear, 4-twist; 5,6-bending)
 ========================================================

     5.0737986545E-11   -5.9548145947E-22    1.9669976505E-15   -1.3650384730E-15   -2.9985867410E-20    3.1584617560E-11
    -5.9548145947E-22    1.1493993373E-09   -2.7182400673E-19    3.1967189319E-19    7.3467205786E-17   -7.3297348752E-22
     1.9669976505E-15   -2.7182400673E-19    2.9599109781E-09   -1.6754203585E-09   -5.3346548310E-22    4.3503055384E-15
    -1.3650384730E-15    3.1967189319E-19   -1.6754203585E-09    1.4118566644E-09    4.5850840315E-22   -2.7549732362E-15
    -2.9985867410E-20    7.3467205786E-17   -5.3346548310E-22    4.5850840315E-22    3.8640801069E-11   -4.1099127587E-20
     3.1584617560E-11   -7.3297348752E-22    4.3503055384E-15   -2.7549732362E-15   -4.1099127587E-20    1.6198162144E-10

 The Generalized Shear Center of the Cross Section in the User Coordinate System
 ========================================================

  Xs2 =    1.1866787902E+00
  Xs3 =    2.2641950932E-10
