
 The 6X6 Mass Matrix
 ========================================================

     4.1670976000E+02    0.0000000000E+00    0.0000000000E+00    0.0000000000E+00   -4.0318009348E-14    3.9099327075E-12
     0.0000000000E+00    4.1670976000E+02    0.0000000000E+00    4.0318009348E-14    0.0000000000E+00    0.0000000000E+00
     0.0000000000E+00    0.0000000000E+00    4.1670976000E+02   -3.9099327075E-12    0.0000000000E+00    0.0000000000E+00
     0.0000000000E+00    4.0318009348E-14   -3.9099327075E-12    1.5866833977E+03    0.0000000000E+00    0.0000000000E+00
    -4.0318009348E-14    0.0000000000E+00    0.0000000000E+00    0.0000000000E+00    1.3931267219E+03    1.6373187528E-14
     3.9099327075E-12    0.0000000000E+00    0.0000000000E+00    0.0000000000E+00    1.6373187528E-14    1.9355667574E+02

 The Mass Center of the Cross Section
 ========================================================

  Xm2 =   -9.3828680842E-15
  Xm3 =   -9.6753215830E-17

 The 6X6 Mass Matrix at the Mass Center
 ========================================================

   4.167097600001E+02  0.000000000000E+00  0.000000000000E+00  0.000000000000E+00  0.000000000000E+00  0.000000000000E+00
   0.000000000000E+00  4.167097600001E+02  0.000000000000E+00  0.000000000000E+00  0.000000000000E+00  0.000000000000E+00
   0.000000000000E+00  0.000000000000E+00  4.167097600001E+02  0.000000000000E+00  0.000000000000E+00  0.000000000000E+00
   0.000000000000E+00  0.000000000000E+00  0.000000000000E+00  1.586683397679E+03  0.000000000000E+00  0.000000000000E+00
   0.000000000000E+00  0.000000000000E+00  0.000000000000E+00  0.000000000000E+00  1.393126721939E+03  1.637318752801E-14
   0.000000000000E+00  0.000000000000E+00  0.000000000000E+00  0.000000000000E+00  1.637318752801E-14  1.935566757400E+02

 The Mass Properties with respect to Principal Inertial Axes
 ========================================================

 Mass Per Unit Span                     =    4.1670976000E+02
 Mass Moments of Intertia about x1 axis =    1.5866833977E+03
 Mass Moments of Intertia about x2 axis =    1.3931267219E+03
 Mass Moments of Intertia about x3 axis =    1.9355667574E+02
 The user coordinate axes are the principal inertial axes.
 The mass-weighted radius of gyration   =    1.9513191314E+00

 The Geometric Center of the Cross Section
 ========================================================

  Xg2 =   -1.4370658131E-14
  Xg3 =    9.3900986605E-18

 Classical Stiffness Matrix (1-extension; 2-twist; 3,4-bending)
 ========================================================

     4.4404006575E+09    4.1895111867E+05   -2.6728710355E+02    2.7920011394E+00
     4.1895111867E+05    7.6908438149E+08   -2.5614369311E+01   -3.3035624483E+00
    -2.6728710355E+02   -2.5614369311E+01    1.8769945240E+10    3.1394527916E+01
     2.7920011394E+00   -3.3035624483E+00    3.1394527916E+01    1.6007473463E+09

 Classical Flexibility Matrix (1-extension; 2-twist; 3,4-bending)
 ========================================================

     2.2520491472E-10   -1.2267815239E-13    3.2067875682E-18   -3.9305250487E-19
    -1.2267815239E-13    1.3002475092E-09    1.7726332762E-18    2.6836160727E-18
     3.2067875682E-18    1.7726332762E-18    5.3276660493E-11   -1.0448841987E-18
    -3.9305250487E-19    2.6836160727E-18   -1.0448841987E-18    6.2470820415E-10

 The Neutral Axes (or Tension Center) of the Cross Section
 ========================================================

  Xt2 =   -6.2917765344E-10
  Xt3 =   -6.0191227039E-08

 Classical Stiffness Matrix (correct up to the 2nd order) (1-extension; 2-twist; 3,4-bending)
 ========================================================

     4.4404006575E+09    4.1895111867E+05   -2.6728710355E+02    2.7920011394E+00
     4.1895111867E+05    7.6908438149E+08   -2.5614369311E+01   -3.3035624483E+00
    -2.6728710355E+02   -2.5614369311E+01    1.8769945240E+10    3.1394527916E+01
     2.7920011394E+00   -3.3035624483E+00    3.1394527916E+01    1.6007473463E+09

 Classical Flexibility Matrix (correct up to the 2nd order) (1-extension; 2-twist; 3,4-bending)
 ========================================================

     2.2520491472E-10   -1.2267815239E-13    3.2067875682E-18   -3.9305250487E-19
    -1.2267815239E-13    1.3002475092E-09    1.7726332762E-18    2.6836160727E-18
     3.2067875682E-18    1.7726332762E-18    5.3276660493E-11   -1.0448841987E-18
    -3.9305250487E-19    2.6836160727E-18   -1.0448841987E-18    6.2470820415E-10

 The Neutral Axes (or Tension Center) of the Cross Section, Corrected by Initial Curvature/Twist
 ========================================================

  Xt2 =   -6.2917765344E-10
  Xt3 =   -6.0191227039E-08

 Timoshenko Stiffness Matrix (1-extension; 2,3-shear, 4-twist; 5,6-bending)
 ========================================================

     4.4404006575E+09    4.6500685837E+00   -1.5263511730E+00    4.1895111867E+05   -2.6730592335E+02    2.7921697989E+00
     4.6500685837E+00    1.6506609740E+08   -1.5583867648E+00    3.0818162798E+01   -6.6805570566E+05   -4.3245120497E+00
    -1.5263511730E+00   -1.5583867648E+00    3.2086996486E+08   -8.1419533053E+00    6.3724091601E+00   -3.5481251767E+04
     4.1895111867E+05    3.0818162798E+01   -8.1419533053E+00    7.6908438149E+08   -2.5739096778E+01   -3.3026629325E+00
    -2.6730592335E+02   -6.6805570566E+05    6.3724091601E+00   -2.5739096778E+01    1.8769947943E+10    3.1411326133E+01
     2.7921697989E+00   -4.3245120497E+00   -3.5481251767E+04   -3.3026629325E+00    3.1411326133E+01    1.6007473502E+09

 Timoshenko Flexibility Matrix (1-extension; 2,3-shear, 4-twist; 5,6-bending)
 ========================================================

     2.2520491472E-10   -6.3083533646E-18    1.0681241850E-18   -1.2267815239E-13    3.2067875682E-18   -3.9305250487E-19
    -6.3083533646E-18    6.0581800856E-09    2.9420616642E-17   -2.4274811913E-16    2.1562136369E-13    1.6362946295E-17
     1.0681241850E-18    2.9420616642E-17    3.1165272914E-09    3.2992997922E-17   -1.0571313912E-18    6.9079164460E-14
    -1.2267815239E-13   -2.4274811913E-16    3.2992997922E-17    1.3002475092E-09    1.7726332762E-18    2.6836160727E-18
     3.2067875682E-18    2.1562136369E-13   -1.0571313912E-18    1.7726332762E-18    5.3276660493E-11   -1.0448841987E-18
    -3.9305250487E-19    1.6362946295E-17    6.9079164460E-14    2.6836160727E-18   -1.0448841987E-18    6.2470820415E-10

 The Generalized Shear Center of the Cross Section in the User Coordinate System
 ========================================================

  Xs2 =   -2.5374398096E-08
  Xs3 =   -1.8669377746E-07
