
 The 6X6 Mass Matrix
 ========================================================

     2.3831456000E+02    0.0000000000E+00    0.0000000000E+00    0.0000000000E+00    2.0705659409E-14    6.2924665478E-13
     0.0000000000E+00    2.3831456000E+02    0.0000000000E+00   -2.0705659409E-14    0.0000000000E+00    0.0000000000E+00
     0.0000000000E+00    0.0000000000E+00    2.3831456000E+02   -6.2924665478E-13    0.0000000000E+00    0.0000000000E+00
     0.0000000000E+00   -2.0705659409E-14   -6.2924665478E-13    9.4162874620E+01    0.0000000000E+00    0.0000000000E+00
     2.0705659409E-14    0.0000000000E+00    0.0000000000E+00    0.0000000000E+00    3.0689909561E+01   -4.5102810375E-16
     6.2924665478E-13    0.0000000000E+00    0.0000000000E+00    0.0000000000E+00   -4.5102810375E-16    6.3472965059E+01

 The Mass Center of the Cross Section
 ========================================================

  Xm2 =   -2.6404037369E-15
  Xm3 =    8.6883736391E-17

 The 6X6 Mass Matrix at the Mass Center
 ========================================================

   2.383145600000E+02  0.000000000000E+00  0.000000000000E+00  0.000000000000E+00  0.000000000000E+00  0.000000000000E+00
   0.000000000000E+00  2.383145600000E+02  0.000000000000E+00  0.000000000000E+00  0.000000000000E+00  0.000000000000E+00
   0.000000000000E+00  0.000000000000E+00  2.383145600000E+02  0.000000000000E+00  0.000000000000E+00  0.000000000000E+00
   0.000000000000E+00  0.000000000000E+00  0.000000000000E+00  9.416287461973E+01  0.000000000000E+00  0.000000000000E+00
   0.000000000000E+00  0.000000000000E+00  0.000000000000E+00  0.000000000000E+00  3.068990956075E+01 -4.510281037540E-16
   0.000000000000E+00  0.000000000000E+00  0.000000000000E+00  0.000000000000E+00 -4.510281037540E-16  6.347296505899E+01

 The Mass Properties with respect to Principal Inertial Axes
 ========================================================

 Mass Per Unit Span                     =    2.3831456000E+02
 Mass Moments of Intertia about x1 axis =    9.4162874620E+01
 Mass Moments of Intertia about x2 axis =    3.0689909561E+01
 Mass Moments of Intertia about x3 axis =    6.3472965059E+01
 The user coordinate axes are the principal inertial axes.
 The mass-weighted radius of gyration   =    6.2858579981E-01

 The Geometric Center of the Cross Section
 ========================================================

  Xg2 =    6.6628682618E-15
  Xg3 =    6.3334602572E-17

 Classical Stiffness Matrix (1-extension; 2-twist; 3,4-bending)
 ========================================================

     4.5389484655E+09    2.8735367703E+03   -1.4520808643E-01   -2.5854230430E+01
     2.8735367703E+03    6.8588321901E+07    1.1064514395E-03    9.0397246335E-01
    -1.4520808643E-01    1.1064514395E-03    6.3385674521E+08   -5.0160691431E-01
    -2.5854230430E+01    9.0397246335E-01   -5.0160691431E-01    9.7300357414E+08

 Classical Flexibility Matrix (1-extension; 2-twist; 3,4-bending)
 ========================================================

     2.2031534564E-10   -9.2302046359E-15    5.0471314132E-20    5.8541327173E-18
    -9.2302046359E-15    1.4579741453E-08   -2.5452317318E-20   -1.3545606395E-17
     5.0471314132E-20   -2.5452317318E-20    1.5776435410E-09    8.1331346651E-19
     5.8541327173E-18   -1.3545606395E-17    8.1331346651E-19    1.0277454540E-09

 The Neutral Axes (or Tension Center) of the Cross Section
 ========================================================

  Xt2 =    5.6960920574E-09
  Xt3 =   -3.1991579966E-11

 Classical Stiffness Matrix (correct up to the 2nd order) (1-extension; 2-twist; 3,4-bending)
 ========================================================

     4.5389484655E+09    2.8735367703E+03   -1.4520808643E-01   -2.5854230430E+01
     2.8735367703E+03    6.8588321901E+07    1.1064514395E-03    9.0397246335E-01
    -1.4520808643E-01    1.1064514395E-03    6.3385674521E+08   -5.0160691431E-01
    -2.5854230430E+01    9.0397246335E-01   -5.0160691431E-01    9.7300357414E+08

 Classical Flexibility Matrix (correct up to the 2nd order) (1-extension; 2-twist; 3,4-bending)
 ========================================================

     2.2031534564E-10   -9.2302046359E-15    5.0471314132E-20    5.8541327173E-18
    -9.2302046359E-15    1.4579741453E-08   -2.5452317318E-20   -1.3545606395E-17
     5.0471314132E-20   -2.5452317318E-20    1.5776435410E-09    8.1331346651E-19
     5.8541327173E-18   -1.3545606395E-17    8.1331346651E-19    1.0277454540E-09

 The Neutral Axes (or Tension Center) of the Cross Section, Corrected by Initial Curvature/Twist
 ========================================================

  Xt2 =    5.6960920574E-09
  Xt3 =   -3.1991579966E-11

 Timoshenko Stiffness Matrix (1-extension; 2,3-shear, 4-twist; 5,6-bending)
 ========================================================

     4.5389484655E+09    2.9593624418E-03   -1.0633213716E+00    2.8735367709E+03   -1.4520808761E-01   -2.5854180102E+01
     2.9593624418E-03    2.3696147553E+08    1.4798376210E-02   -1.8760348006E-02   -9.4970059829E+01   -1.2452780176E-03
    -1.0633213716E+00    1.4798376210E-02    3.8190739572E+07   -2.1215224819E+01   -4.2173395119E-04   -1.8076233369E+03
     2.8735367709E+03   -1.8760348006E-02   -2.1215224819E+01    6.8588321901E+07    1.1064591926E-03    9.0497661085E-01
    -1.4520808761E-01   -9.4970059829E+01   -4.2173395119E-04    1.1064591926E-03    6.3385674521E+08   -5.0160689385E-01
    -2.5854180102E+01   -1.2452780176E-03   -1.8076233369E+03    9.0497661085E-01   -5.0160689385E-01    9.7300357422E+08

 Timoshenko Flexibility Matrix (1-extension; 2,3-shear, 4-twist; 5,6-bending)
 ========================================================

     2.2031534564E-10   -2.7521832812E-21    6.1292548751E-18   -9.2302046359E-15    5.0471314132E-20    5.8541327173E-18
    -2.7521832812E-21    4.2200952613E-09   -1.6352268510E-18    1.1542843744E-18    6.3229223713E-16    5.3982864733E-21
     6.1292548751E-18   -1.6352268510E-18    2.6184358075E-08    8.0991481679E-15    1.7459891398E-20    4.8644689460E-14
    -9.2302046359E-15    1.1542843744E-18    8.0991481679E-15    1.4579741453E-08   -2.5452317318E-20   -1.3545606395E-17
     5.0471314132E-20    6.3229223713E-16    1.7459891398E-20   -2.5452317318E-20    1.5776435410E-09    8.1331346651E-19
     5.8541327173E-18    5.3982864733E-21    4.8644689460E-14   -1.3545606395E-17    8.1331346651E-19    1.0277454540E-09

 The Generalized Shear Center of the Cross Section in the User Coordinate System
 ========================================================

  Xs2 =   -5.5550698165E-07
  Xs3 =    7.9170428232E-11
