
 The 6X6 Mass Matrix
 ========================================================

     1.0704327200E+03    0.0000000000E+00    0.0000000000E+00    0.0000000000E+00    5.4745097344E-13   -2.1741205200E+02
     0.0000000000E+00    1.0704327200E+03    0.0000000000E+00   -5.4745097344E-13    0.0000000000E+00    0.0000000000E+00
     0.0000000000E+00    0.0000000000E+00    1.0704327200E+03    2.1741205200E+02    0.0000000000E+00    0.0000000000E+00
     0.0000000000E+00   -5.4745097344E-13    2.1741205200E+02    1.1670456760E+03    0.0000000000E+00    0.0000000000E+00
     5.4745097344E-13    0.0000000000E+00    0.0000000000E+00    0.0000000000E+00    7.9616528033E+02    1.2212453271E-15
    -2.1741205200E+02    0.0000000000E+00    0.0000000000E+00    0.0000000000E+00    1.2212453271E-15    3.7088039566E+02

 The Mass Center of the Cross Section
 ========================================================

  Xm2 =    2.0310669502E-01
  Xm3 =    5.1142959591E-16

 The 6X6 Mass Matrix at the Mass Center
 ========================================================

   1.070432720000E+03  0.000000000000E+00  0.000000000000E+00  0.000000000000E+00  0.000000000000E+00  0.000000000000E+00
   0.000000000000E+00  1.070432720000E+03  0.000000000000E+00  0.000000000000E+00  0.000000000000E+00  0.000000000000E+00
   0.000000000000E+00  0.000000000000E+00  1.070432720000E+03  0.000000000000E+00  0.000000000000E+00  0.000000000000E+00
   0.000000000000E+00  0.000000000000E+00  0.000000000000E+00  1.122887832646E+03  0.000000000000E+00  0.000000000000E+00
   0.000000000000E+00  0.000000000000E+00  0.000000000000E+00  0.000000000000E+00  7.961652803264E+02  1.124122032283E-13
   0.000000000000E+00  0.000000000000E+00  0.000000000000E+00  0.000000000000E+00  1.124122032283E-13  3.267225523194E+02

 The Mass Properties with respect to Principal Inertial Axes
 ========================================================

 Mass Per Unit Span                     =    1.0704327200E+03
 Mass Moments of Intertia about x1 axis =    1.1228878326E+03
 Mass Moments of Intertia about x2 axis =    7.9616528033E+02
 Mass Moments of Intertia about x3 axis =    3.2672255232E+02
 The user coordinate axes are the principal inertial axes.
 The mass-weighted radius of gyration   =    1.0242087932E+00

 The Geometric Center of the Cross Section
 ========================================================

  Xg2 =   -1.0369264621E-15
  Xg3 =   -1.0952165751E-16

 Classical Stiffness Matrix (1-extension; 2-twist; 3,4-bending)
 ========================================================

     2.0228004929E+10    1.0111499528E+04   -3.5186961965E+02   -3.6368315596E+09
     1.0111499528E+04    5.6445134414E+08   -2.5649461412E+00    6.8922482550E+03
    -3.5186961965E+02   -2.5649461412E+00    1.6227231405E+10    2.9864200883E+02
    -3.6368315596E+09    6.8922482550E+03    2.9864200883E+02    6.1378735986E+09

 Classical Flexibility Matrix (1-extension; 2-twist; 3,4-bending)
 ========================================================

     5.5330855671E-11   -1.3915086905E-15    5.9642477931E-19    3.2784807132E-11
    -1.3915086905E-15    1.7716318872E-09    2.8005338502E-19   -2.8138750704E-15
     5.9642477931E-19    2.8005338502E-19    6.1624806786E-11   -2.6449977018E-18
     3.2784807132E-11   -2.8138750704E-15   -2.6449977018E-18    1.8234862665E-10

 The Neutral Axes (or Tension Center) of the Cross Section
 ========================================================

  Xt2 =    1.7979190594E-01
  Xt3 =   -1.7395169466E-08

 Classical Stiffness Matrix (correct up to the 2nd order) (1-extension; 2-twist; 3,4-bending)
 ========================================================

     2.0228004929E+10    1.0111499528E+04   -3.5186961965E+02   -3.6368315596E+09
     1.0111499528E+04    5.6445134414E+08   -2.5649461412E+00    6.8922482550E+03
    -3.5186961965E+02   -2.5649461412E+00    1.6227231405E+10    2.9864200883E+02
    -3.6368315596E+09    6.8922482550E+03    2.9864200883E+02    6.1378735986E+09

 Classical Flexibility Matrix (correct up to the 2nd order) (1-extension; 2-twist; 3,4-bending)
 ========================================================

     5.5330855671E-11   -1.3915086905E-15    5.9642477931E-19    3.2784807132E-11
    -1.3915086905E-15    1.7716318872E-09    2.8005338502E-19   -2.8138750704E-15
     5.9642477931E-19    2.8005338502E-19    6.1624806786E-11   -2.6449977018E-18
     3.2784807132E-11   -2.8138750704E-15   -2.6449977018E-18    1.8234862665E-10

 The Neutral Axes (or Tension Center) of the Cross Section, Corrected by Initial Curvature/Twist
 ========================================================

  Xt2 =    1.7979190594E-01
  Xt3 =   -1.7395169466E-08

 Timoshenko Stiffness Matrix (1-extension; 2,3-shear, 4-twist; 5,6-bending)
 ========================================================

     2.0228004930E+10    4.1709170674E+00   -1.4258572958E+03    8.4619802157E+03   -3.5186961883E+02   -3.6368315595E+09
     4.1709170674E+00    8.3287095791E+08   -2.0741213205E+01   -2.0965475063E+00   -9.8037271254E+02   -2.7213720702E+00
    -1.4258572958E+03   -2.0741213205E+01    7.7405328730E+08    8.9547239399E+08   -3.1076750811E+00   -5.7819202241E+03
     8.4619802157E+03   -2.0965475063E+00    8.9547239399E+08    1.6003888197E+09   -6.1601213605E+00    2.0336774774E+02
    -3.5186961883E+02   -9.8037271254E+02   -3.1076750811E+00   -6.1601213605E+00    1.6227231405E+10    2.9864203524E+02
    -3.6368315595E+09   -2.7213720702E+00   -5.7819202241E+03    2.0336774774E+02    2.9864203524E+02    6.1378735986E+09

 Timoshenko Flexibility Matrix (1-extension; 2,3-shear, 4-twist; 5,6-bending)
 ========================================================

     5.5330855671E-11   -1.6992128362E-19    1.9565974163E-15   -1.3915086905E-15    5.9642477931E-19    3.2784807132E-11
    -1.6992128362E-19    1.2006661902E-09    8.6059658130E-17   -4.6580425750E-17    7.2538582843E-17    4.3174068449E-19
     1.9565974163E-15    8.6059658130E-17    3.6629259399E-09   -2.0495326011E-09   -7.6587927318E-20    4.6777388247E-15
    -1.3915086905E-15   -4.6580425750E-17   -2.0495326011E-09    1.7716318872E-09    2.8005338502E-19   -2.8138750704E-15
     5.9642477931E-19    7.2538582843E-17   -7.6587927318E-20    2.8005338502E-19    6.1624806786E-11   -2.6449977018E-18
     3.2784807132E-11    4.3174068449E-19    4.6777388247E-15   -2.8138750704E-15   -2.6449977018E-18    1.8234862665E-10

 The Generalized Shear Center of the Cross Section in the User Coordinate System
 ========================================================

  Xs2 =    1.1568614315E+00
  Xs3 =   -2.6292383924E-08
