
 The 6X6 Mass Matrix
 ========================================================

     4.0104104000E+02    0.0000000000E+00    0.0000000000E+00    0.0000000000E+00    1.1102230246E-15   -1.7330581414E-13
     0.0000000000E+00    4.0104104000E+02    0.0000000000E+00   -1.1102230246E-15    0.0000000000E+00    0.0000000000E+00
     0.0000000000E+00    0.0000000000E+00    4.0104104000E+02    1.7330581414E-13    0.0000000000E+00    0.0000000000E+00
     0.0000000000E+00   -1.1102230246E-15    1.7330581414E-13    1.8762047642E+02    0.0000000000E+00    0.0000000000E+00
     1.1102230246E-15    0.0000000000E+00    0.0000000000E+00    0.0000000000E+00    8.7900462978E+01   -5.5511151231E-17
    -1.7330581414E-13    0.0000000000E+00    0.0000000000E+00    0.0000000000E+00   -5.5511151231E-17    9.9720013438E+01

 The Mass Center of the Cross Section
 ========================================================

  Xm2 =    4.3213984819E-16
  Xm3 =    2.7683526470E-18

 The Mass Properties with respect to Principal Inertial Axes
 ========================================================

 Mass Per Unit Span                     =    4.0104104000E+02
 Mass Moments of Intertia about x1 axis =    1.8762047642E+02
 Mass Moments of Intertia about x2 axis =    8.7900462978E+01
 Mass Moments of Intertia about x3 axis =    9.9720013438E+01
 The user coordinate axes are the principal inertial axes.
 The mass-weighted radius of gyration   =    6.8398363087E-01

 The Geometric Center of the Cross Section
 ========================================================

  Xg2 =   -7.0016680212E-16
  Xg3 =    2.3802346500E-18

 Classical Stiffness Matrix (1-extension; 2-twist; 3,4-bending)
 ========================================================

     7.8834110343E+09    3.1985840619E+03    1.4516533638E+01   -3.7885020482E-02
     3.1985840619E+03    1.0575690238E+08   -1.0107023791E+00   -4.9041854701E-04
     1.4516533638E+01   -1.0107023791E+00    1.8374223317E+09    6.5926936685E-02
    -3.7885020482E-02   -4.9041854701E-04    6.5926936685E-02    1.6373104298E+09

 Classical Flexibility Matrix (1-extension; 2-twist; 3,4-bending)
 ========================================================

     1.2684864403E-10   -3.8364971168E-15   -1.0021683386E-18    2.9350950034E-21
    -3.8364971168E-15    9.4556475987E-09    5.2012545244E-18    2.8321320034E-21
    -1.0021683386E-18    5.2012545244E-18    5.4424069128E-10   -2.1914061608E-20
     2.9350950034E-21    2.8321320034E-21   -2.1914061608E-20    6.1075772913E-10

 The Neutral Axes (or Tension Center) of the Cross Section
 ========================================================

  Xt2 =    4.8056615956E-12
  Xt3 =    1.8414064855E-09

 Classical Stiffness Matrix (correct up to the 2nd order) (1-extension; 2-twist; 3,4-bending)
 ========================================================

     7.8834110343E+09    3.1985840619E+03    1.4516533638E+01   -3.7885020482E-02
     3.1985840619E+03    1.0575690238E+08   -1.0107023791E+00   -4.9041854701E-04
     1.4516533638E+01   -1.0107023791E+00    1.8374223317E+09    6.5926936685E-02
    -3.7885020482E-02   -4.9041854701E-04    6.5926936685E-02    1.6373104298E+09

 Classical Flexibility Matrix (correct up to the 2nd order) (1-extension; 2-twist; 3,4-bending)
 ========================================================

     1.2684864403E-10   -3.8364971168E-15   -1.0021683386E-18    2.9350950034E-21
    -3.8364971168E-15    9.4556475987E-09    5.2012545244E-18    2.8321320034E-21
    -1.0021683386E-18    5.2012545244E-18    5.4424069128E-10   -2.1914061608E-20
     2.9350950034E-21    2.8321320034E-21   -2.1914061608E-20    6.1075772913E-10

 The Neutral Axes (or Tension Center) of the Cross Section, Corrected by Initial Curvature/Twist
 ========================================================

  Xt2 =    4.8056615956E-12
  Xt3 =    1.8414064855E-09

 Timoshenko Stiffness Matrix (1-extension; 2,3-shear, 4-twist; 5,6-bending)
 ========================================================

     7.8834110343E+09    2.8974004573E+00   -2.0940777726E-04    3.1985840622E+03    1.4516533139E+01   -3.7885013232E-02
     2.8974004573E+00    4.0775509132E+08    1.2573854933E-02    5.2128511363E+01   -7.0250828748E+01   -4.1692815499E-04
    -2.0940777726E-04    1.2573854933E-02    5.0504063443E+07    1.0224484153E-03    4.3912397631E-04   -1.7491022985E+03
     3.1985840622E+03    5.2128511363E+01    1.0224484153E-03    1.0575690238E+08   -1.0107113601E+00   -4.9045401061E-04
     1.4516533139E+01   -7.0250828748E+01    4.3912397631E-04   -1.0107113601E+00    1.8374223317E+09    6.5926921549E-02
    -3.7885013232E-02   -4.1692815499E-04   -1.7491022985E+03   -4.9045401061E-04    6.5926921549E-02    1.6373104299E+09

 Timoshenko Flexibility Matrix (1-extension; 2,3-shear, 4-twist; 5,6-bending)
 ========================================================

     1.2684864403E-10   -9.0086281337E-19    5.2613906589E-22   -3.8364971168E-15   -1.0021683386E-18    2.9350950034E-21
    -9.0086281337E-19    2.4524525169E-09   -6.1058017491E-19   -1.2088354807E-15    9.3765498326E-17    6.2384121459E-22
     5.2613906589E-22   -6.1058017491E-19    1.9800386976E-08   -1.9142801382E-19   -4.7328597856E-21    2.1152312804E-14
    -3.8364971168E-15   -1.2088354807E-15   -1.9142801382E-19    9.4556475987E-09    5.2012545244E-18    2.8321320034E-21
    -1.0021683386E-18    9.3765498326E-17   -4.7328597856E-21    5.2012545244E-18    5.4424069128E-10   -2.1914061608E-20
     2.9350950034E-21    6.2384121459E-22    2.1152312804E-14    2.8321320034E-21   -2.1914061608E-20    6.1075772913E-10

 The Generalized Shear Center of the Cross Section in the User Coordinate System
 ========================================================

  Xs2 =    2.0244833770E-11
  Xs3 =   -1.2784269592E-07
