
 The 6X6 Mass Matrix
 ========================================================

     4.2493952000E+02    0.0000000000E+00    0.0000000000E+00    0.0000000000E+00    1.8873791419E-15   -8.7090432000E+01
     0.0000000000E+00    4.2493952000E+02    0.0000000000E+00   -1.8873791419E-15    0.0000000000E+00    0.0000000000E+00
     0.0000000000E+00    0.0000000000E+00    4.2493952000E+02    8.7090432000E+01    0.0000000000E+00    0.0000000000E+00
     0.0000000000E+00   -1.8873791419E-15    8.7090432000E+01    1.9849633099E+02    0.0000000000E+00    0.0000000000E+00
     1.8873791419E-15    0.0000000000E+00    0.0000000000E+00    0.0000000000E+00    5.0652147458E+01    1.8041124150E-15
    -8.7090432000E+01    0.0000000000E+00    0.0000000000E+00    0.0000000000E+00    1.8041124150E-15    1.4784418353E+02

 The Mass Center of the Cross Section
 ========================================================

  Xm2 =    2.0494782881E-01
  Xm3 =    4.4415241535E-18

 The 6X6 Mass Matrix at the Mass Center
 ========================================================

   4.249395200000E+02  0.000000000000E+00  0.000000000000E+00  0.000000000000E+00  0.000000000000E+00  0.000000000000E+00
   0.000000000000E+00  4.249395200000E+02  0.000000000000E+00  0.000000000000E+00  0.000000000000E+00  0.000000000000E+00
   0.000000000000E+00  0.000000000000E+00  4.249395200000E+02  0.000000000000E+00  0.000000000000E+00  0.000000000000E+00
   0.000000000000E+00  0.000000000000E+00  0.000000000000E+00  1.806473360372E+02  0.000000000000E+00  0.000000000000E+00
   0.000000000000E+00  0.000000000000E+00  0.000000000000E+00  0.000000000000E+00  5.065214745771E+01  2.190926672284E-15
   0.000000000000E+00  0.000000000000E+00  0.000000000000E+00  0.000000000000E+00  2.190926672284E-15  1.299951885795E+02

 The Mass Properties with respect to Principal Inertial Axes
 ========================================================

 Mass Per Unit Span                     =    4.2493952000E+02
 Mass Moments of Intertia about x1 axis =    1.8064733604E+02
 Mass Moments of Intertia about x2 axis =    5.0652147458E+01
 Mass Moments of Intertia about x3 axis =    1.2999518858E+02
 The user coordinate axes are the principal inertial axes.
 The mass-weighted radius of gyration   =    6.5200694127E-01

 The Geometric Center of the Cross Section
 ========================================================

  Xg2 =    5.3801964345E-15
  Xg3 =   -7.3557559466E-17

 Classical Stiffness Matrix (1-extension; 2-twist; 3,4-bending)
 ========================================================

     8.0186127420E+09    2.2855467803E+03    7.4970874603E-02   -1.4566678642E+09
     2.2855467803E+03    1.2211111532E+08    1.0699938317E-03    1.5281230078E+03
     7.4970874603E-02    1.0699938317E-03    1.0315946034E+09   -4.1053148827E-01
    -1.4566678642E+09    1.5281230078E+03   -4.1053148827E-01    2.4427083887E+09

 Classical Flexibility Matrix (1-extension; 2-twist; 3,4-bending)
 ========================================================

     1.3986104984E-10   -3.6615028530E-15    2.3026849697E-20    8.3403773330E-11
    -3.6615028530E-15    8.1892626845E-09   -8.4967346639E-21   -7.3065595337E-15
     2.3026849697E-20   -8.4967346639E-21    9.6937304318E-10    1.7664844688E-19
     8.3403773330E-11   -7.3065595337E-15    1.7664844688E-19    4.5911808448E-10

 The Neutral Axes (or Tension Center) of the Cross Section
 ========================================================

  Xt2 =    1.8166083226E-01
  Xt3 =    9.3496041010E-12

 Classical Stiffness Matrix (correct up to the 2nd order) (1-extension; 2-twist; 3,4-bending)
 ========================================================

     8.0186127420E+09    2.2855467803E+03    7.4970874603E-02   -1.4566678642E+09
     2.2855467803E+03    1.2211111532E+08    1.0699938317E-03    1.5281230078E+03
     7.4970874603E-02    1.0699938317E-03    1.0315946034E+09   -4.1053148827E-01
    -1.4566678642E+09    1.5281230078E+03   -4.1053148827E-01    2.4427083887E+09

 Classical Flexibility Matrix (correct up to the 2nd order) (1-extension; 2-twist; 3,4-bending)
 ========================================================

     1.3986104984E-10   -3.6615028530E-15    2.3026849697E-20    8.3403773330E-11
    -3.6615028530E-15    8.1892626845E-09   -8.4967346639E-21   -7.3065595337E-15
     2.3026849697E-20   -8.4967346639E-21    9.6937304318E-10    1.7664844688E-19
     8.3403773330E-11   -7.3065595337E-15    1.7664844688E-19    4.5911808448E-10

 The Neutral Axes (or Tension Center) of the Cross Section, Corrected by Initial Curvature/Twist
 ========================================================

  Xt2 =    1.8166083226E-01
  Xt3 =    9.3496041010E-12

 Timoshenko Stiffness Matrix (1-extension; 2,3-shear, 4-twist; 5,6-bending)
 ========================================================

     8.0186127420E+09   -4.3674680563E-03   -1.2200243305E+03    1.3845085049E+03    7.4970874860E-02   -1.4566678642E+09
    -4.3674680563E-03    3.4967319508E+08   -8.1288271734E-03   -1.8777664732E-02   -5.9959680121E+01   -2.1257048408E-03
    -1.2200243305E+03   -8.1288271734E-03    1.2699399905E+08    9.3790304856E+07    5.1280941672E-05   -1.4048646366E+03
     1.3845085049E+03   -1.8777664732E-02    9.3790304856E+07    1.9137912287E+08    1.1078691122E-03    4.9057254446E+02
     7.4970874860E-02   -5.9959680121E+01    5.1280941672E-05    1.1078691122E-03    1.0315946034E+09   -4.1053148847E-01
    -1.4566678642E+09   -2.1257048408E-03   -1.4048646366E+03    4.9057254446E+02   -4.1053148847E-01    2.4427083888E+09

 Timoshenko Flexibility Matrix (1-extension; 2,3-shear, 4-twist; 5,6-bending)
 ========================================================

     1.3986104984E-10    2.2538287565E-21    4.9704582025E-15   -3.6615028530E-15    2.3026849697E-20    8.3403773330E-11
     2.2538287565E-21    2.8598131458E-09   -3.7892819540E-20    2.9916840197E-19    1.6622177051E-16    3.8326583939E-21
     4.9704582025E-15   -3.7892819540E-20    1.2341165105E-08   -6.0481081745E-09    5.8859362584E-21    1.1276421331E-14
    -3.6615028530E-15    2.9916840197E-19   -6.0481081745E-09    8.1892626845E-09   -8.4967346639E-21   -7.3065595337E-15
     2.3026849697E-20    1.6622177051E-16    5.8859362584E-21   -8.4967346639E-21    9.6937304318E-10    1.7664844688E-19
     8.3403773330E-11    3.8326583939E-21    1.1276421331E-14   -7.3065595337E-15    1.7664844688E-19    4.5911808448E-10

 The Generalized Shear Center of the Cross Section in the User Coordinate System
 ========================================================

  Xs2 =    7.3854123472E-01
  Xs3 =    3.6531787231E-11
