
 The 6X6 Mass Matrix
 ========================================================

     8.6577360000E+01    0.0000000000E+00    0.0000000000E+00    0.0000000000E+00   -8.7083118494E-16   -1.6853879403E-13
     0.0000000000E+00    8.6577360000E+01    0.0000000000E+00    8.7083118494E-16    0.0000000000E+00    0.0000000000E+00
     0.0000000000E+00    0.0000000000E+00    8.6577360000E+01    1.6853879403E-13    0.0000000000E+00    0.0000000000E+00
     0.0000000000E+00    8.7083118494E-16    1.6853879403E-13    3.8168429453E+01    0.0000000000E+00    0.0000000000E+00
    -8.7083118494E-16    0.0000000000E+00    0.0000000000E+00    0.0000000000E+00    6.5688060188E+00    3.2786273696E-16
    -1.6853879403E-13    0.0000000000E+00    0.0000000000E+00    0.0000000000E+00    3.2786273696E-16    3.1599623434E+01

 The Mass Center of the Cross Section
 ========================================================

  Xm2 =    1.9466843761E-15
  Xm3 =   -1.0058416946E-17

 The 6X6 Mass Matrix at the Mass Center
 ========================================================

   8.657736000000E+01  0.000000000000E+00  0.000000000000E+00  0.000000000000E+00  0.000000000000E+00  0.000000000000E+00
   0.000000000000E+00  8.657736000000E+01  0.000000000000E+00  0.000000000000E+00  0.000000000000E+00  0.000000000000E+00
   0.000000000000E+00  0.000000000000E+00  8.657736000000E+01  0.000000000000E+00  0.000000000000E+00  0.000000000000E+00
   0.000000000000E+00  0.000000000000E+00  0.000000000000E+00  3.816842945270E+01  0.000000000000E+00  0.000000000000E+00
   0.000000000000E+00  0.000000000000E+00  0.000000000000E+00  0.000000000000E+00  6.568806018780E+00  3.278627369596E-16
   0.000000000000E+00  0.000000000000E+00  0.000000000000E+00  0.000000000000E+00  3.278627369596E-16  3.159962343392E+01

 The Mass Properties with respect to Principal Inertial Axes
 ========================================================

 Mass Per Unit Span                     =    8.6577360000E+01
 Mass Moments of Intertia about x1 axis =    3.8168429453E+01
 Mass Moments of Intertia about x2 axis =    6.5688060188E+00
 Mass Moments of Intertia about x3 axis =    3.1599623434E+01
 The user coordinate axes are the principal inertial axes.
 The mass-weighted radius of gyration   =    6.6397232150E-01

 The Geometric Center of the Cross Section
 ========================================================

  Xg2 =   -1.1188938802E-15
  Xg3 =   -2.8110093780E-17

 Classical Stiffness Matrix (1-extension; 2-twist; 3,4-bending)
 ========================================================

     1.3535824537E+09    8.1606294238E+02   -9.3870771783E-01   -6.8433437925E-01
     8.1606294238E+02    2.2573005562E+07   -2.4613454881E-03   -1.8248149338E-03
    -9.3870771783E-01   -2.4613454881E-03    1.2423318787E+08    1.0873331201E+00
    -6.8433437925E-01   -1.8248149338E-03    1.0873331201E+00    3.5344629232E+08

 Classical Flexibility Matrix (1-extension; 2-twist; 3,4-bending)
 ========================================================

     7.3878026218E-10   -2.6708503344E-14    5.5822335276E-18    1.4304087730E-18
    -2.6708503344E-14    4.4300702327E-08    8.7749709989E-19    2.2866926726E-19
     5.5822335276E-18    8.7749709989E-19    8.0493788908E-09   -2.4762903022E-17
     1.4304087730E-18    2.2866926726E-19   -2.4762903022E-17    2.8292841705E-09

 The Neutral Axes (or Tension Center) of the Cross Section
 ========================================================

  Xt2 =    5.0557268338E-10
  Xt3 =   -6.9349866814E-10

 Classical Stiffness Matrix (correct up to the 2nd order) (1-extension; 2-twist; 3,4-bending)
 ========================================================

     1.3535824537E+09    8.1606294238E+02   -9.3870771783E-01   -6.8433437925E-01
     8.1606294238E+02    2.2573005562E+07   -2.4613454881E-03   -1.8248149338E-03
    -9.3870771783E-01   -2.4613454881E-03    1.2423318787E+08    1.0873331201E+00
    -6.8433437925E-01   -1.8248149338E-03    1.0873331201E+00    3.5344629232E+08

 Classical Flexibility Matrix (correct up to the 2nd order) (1-extension; 2-twist; 3,4-bending)
 ========================================================

     7.3878026218E-10   -2.6708503344E-14    5.5822335276E-18    1.4304087730E-18
    -2.6708503344E-14    4.4300702327E-08    8.7749709989E-19    2.2866926726E-19
     5.5822335276E-18    8.7749709989E-19    8.0493788908E-09   -2.4762903022E-17
     1.4304087730E-18    2.2866926726E-19   -2.4762903022E-17    2.8292841705E-09

 The Neutral Axes (or Tension Center) of the Cross Section, Corrected by Initial Curvature/Twist
 ========================================================

  Xt2 =    5.0557268338E-10
  Xt3 =   -6.9349866814E-10

 Timoshenko Stiffness Matrix (1-extension; 2,3-shear, 4-twist; 5,6-bending)
 ========================================================

     1.3535824537E+09    1.5984932271E-03   -1.7296133699E-03    8.1606294238E+02   -9.3870771818E-01   -6.8433432932E-01
     1.5984932271E-03    6.7094836509E+07   -4.6267364200E-02    4.8541014737E-02   -1.4935745674E+01    9.2192536259E-04
    -1.7296133699E-03   -4.6267364200E-02    1.8856653830E+07   -5.4000271771E-02    2.2532626929E-03   -5.4438573822E+02
     8.1606294238E+02    4.8541014737E-02   -5.4000271771E-02    2.2573005562E+07   -2.4613563001E-03   -1.8232559620E-03
    -9.3870771818E-01   -1.4935745674E+01    2.2532626929E-03   -2.4613563001E-03    1.2423318787E+08    1.0873330548E+00
    -6.8433432932E-01    9.2192536259E-04   -5.4438573822E+02   -1.8232559620E-03    1.0873330548E+00    3.5344629234E+08

 Timoshenko Flexibility Matrix (1-extension; 2,3-shear, 4-twist; 5,6-bending)
 ========================================================

     7.3878026218E-10   -1.7580420078E-20    6.7728911221E-20   -2.6708503344E-14    5.5822335276E-18    1.4304087730E-18
    -1.7580420078E-20    1.4904276574E-08    3.6569667752E-17   -3.2050170993E-17    1.7918439362E-15   -3.8825335780E-20
     6.7728911221E-20    3.6569667752E-17    5.3031678318E-08    1.2686503468E-16   -9.6256541219E-19    8.1680555082E-14
    -2.6708503344E-14   -3.2050170993E-17    1.2686503468E-16    4.4300702327E-08    8.7749709989E-19    2.2866926726E-19
     5.5822335276E-18    1.7918439362E-15   -9.6256541219E-19    8.7749709989E-19    8.0493788908E-09   -2.4762903022E-17
     1.4304087730E-18   -3.8825335780E-20    8.1680555082E-14    2.2866926726E-19   -2.4762903022E-17    2.8292841705E-09

 The Generalized Shear Center of the Cross Section in the User Coordinate System
 ========================================================

  Xs2 =   -2.8637251335E-09
  Xs3 =   -7.2346868805E-10
