
 The 6X6 Mass Matrix
 ========================================================

     7.9626872000E+02    0.0000000000E+00    0.0000000000E+00    0.0000000000E+00   -6.8334227166E-14    1.5447643165E-12
     0.0000000000E+00    7.9626872000E+02    0.0000000000E+00    6.8334227166E-14    0.0000000000E+00    0.0000000000E+00
     0.0000000000E+00    0.0000000000E+00    7.9626872000E+02   -1.5447643165E-12    0.0000000000E+00    0.0000000000E+00
     0.0000000000E+00    6.8334227166E-14   -1.5447643165E-12    8.9593136209E+02    0.0000000000E+00    0.0000000000E+00
    -6.8334227166E-14    0.0000000000E+00    0.0000000000E+00    0.0000000000E+00    6.9760494446E+02    4.5241588253E-15
     1.5447643165E-12    0.0000000000E+00    0.0000000000E+00    0.0000000000E+00    4.5241588253E-15    1.9832641762E+02

 The Mass Center of the Cross Section
 ========================================================

  Xm2 =   -1.9400037671E-15
  Xm3 =   -8.5818047914E-17

 The 6X6 Mass Matrix at the Mass Center
 ========================================================

   7.962687200000E+02  0.000000000000E+00  0.000000000000E+00  0.000000000000E+00  0.000000000000E+00  0.000000000000E+00
   0.000000000000E+00  7.962687200000E+02  0.000000000000E+00  0.000000000000E+00  0.000000000000E+00  0.000000000000E+00
   0.000000000000E+00  0.000000000000E+00  7.962687200000E+02  0.000000000000E+00  0.000000000000E+00  0.000000000000E+00
   0.000000000000E+00  0.000000000000E+00  0.000000000000E+00  8.959313620859E+02  0.000000000000E+00  0.000000000000E+00
   0.000000000000E+00  0.000000000000E+00  0.000000000000E+00  0.000000000000E+00  6.976049444634E+02  4.524158825348E-15
   0.000000000000E+00  0.000000000000E+00  0.000000000000E+00  0.000000000000E+00  4.524158825348E-15  1.983264176225E+02

 The Mass Properties with respect to Principal Inertial Axes
 ========================================================

 Mass Per Unit Span                     =    7.9626872000E+02
 Mass Moments of Intertia about x1 axis =    8.9593136209E+02
 Mass Moments of Intertia about x2 axis =    6.9760494446E+02
 Mass Moments of Intertia about x3 axis =    1.9832641762E+02
 The user coordinate axes are the principal inertial axes.
 The mass-weighted radius of gyration   =    1.0607365700E+00

 The Geometric Center of the Cross Section
 ========================================================

  Xg2 =    2.2356762964E-14
  Xg3 =    3.1384064712E-17

 Classical Stiffness Matrix (1-extension; 2-twist; 3,4-bending)
 ========================================================

     1.5641825775E+10    1.1073158768E+04    3.2656701385E+01    6.0700242840E+00
     1.1073158768E+04    3.1882101327E+08   -5.1382801383E-01    1.3838052835E-02
     3.2656701385E+01   -5.1382801383E-01    1.4578985777E+10    9.1911528548E+00
     6.0700242840E+00    1.3838052835E-02    9.1911528548E+00    3.2513512615E+09

 Classical Flexibility Matrix (1-extension; 2-twist; 3,4-bending)
 ========================================================

     6.3931155762E-11   -2.2204302995E-15   -1.4320487274E-19   -1.1935457129E-19
    -2.2204302995E-15    3.1365561189E-09    1.1055109989E-19   -1.3345328989E-20
    -1.4320487274E-19    1.1055109989E-19    6.8591877056E-11   -1.9390043556E-19
    -1.1935457129E-19   -1.3345328989E-20   -1.9390043556E-19    3.0756443077E-10

 The Neutral Axes (or Tension Center) of the Cross Section
 ========================================================

  Xt2 =   -3.8806363726E-10
  Xt3 =    2.0877818039E-09

 Classical Stiffness Matrix (correct up to the 2nd order) (1-extension; 2-twist; 3,4-bending)
 ========================================================

     1.5641825775E+10    1.1073158768E+04    3.2656701385E+01    6.0700242840E+00
     1.1073158768E+04    3.1882101327E+08   -5.1382801383E-01    1.3838052835E-02
     3.2656701385E+01   -5.1382801383E-01    1.4578985777E+10    9.1911528548E+00
     6.0700242840E+00    1.3838052835E-02    9.1911528548E+00    3.2513512615E+09

 Classical Flexibility Matrix (correct up to the 2nd order) (1-extension; 2-twist; 3,4-bending)
 ========================================================

     6.3931155762E-11   -2.2204302995E-15   -1.4320487274E-19   -1.1935457129E-19
    -2.2204302995E-15    3.1365561189E-09    1.1055109989E-19   -1.3345328989E-20
    -1.4320487274E-19    1.1055109989E-19    6.8591877056E-11   -1.9390043556E-19
    -1.1935457129E-19   -1.3345328989E-20   -1.9390043556E-19    3.0756443077E-10

 The Neutral Axes (or Tension Center) of the Cross Section, Corrected by Initial Curvature/Twist
 ========================================================

  Xt2 =   -3.8806363726E-10
  Xt3 =    2.0877818039E-09

 Timoshenko Stiffness Matrix (1-extension; 2,3-shear, 4-twist; 5,6-bending)
 ========================================================

     1.5641825775E+10    1.8248297497E-01   -4.3996802732E-02    1.1073158768E+04    3.2656701007E+01    6.0700261891E+00
     1.8248297497E-01    7.8711585764E+08    2.7842933743E-01   -2.4512207796E+00   -1.6341836379E+03    3.4238305156E-02
    -4.3996802732E-02    2.7842933743E-01    1.3335193489E+08   -3.3200054252E+01   -6.8167202288E-04   -5.7742487485E+03
     1.1073158768E+04   -2.4512207796E+00   -3.3200054252E+01    3.1882101327E+08   -5.1382292452E-01    1.5275642455E-02
     3.2656701007E+01   -1.6341836379E+03   -6.8167202288E-04   -5.1382292452E-01    1.4578985777E+10    9.1911528132E+00
     6.0700261891E+00    3.4238305156E-02   -5.7742487485E+03    1.5275642455E-02    9.1911528132E+00    3.2513512618E+09

 Timoshenko Flexibility Matrix (1-extension; 2,3-shear, 4-twist; 5,6-bending)
 ========================================================

     6.3931155762E-11   -1.4828851652E-20    2.0534826625E-20   -2.2204302995E-15   -1.4320487274E-19   -1.1935457129E-19
    -1.4828851652E-20    1.2704610005E-09   -2.6526301832E-18    9.7678020701E-18    1.4240816278E-16   -1.3383683835E-20
     2.0534826625E-20   -2.6526301832E-18    7.4989538088E-09    7.8089480455E-16    3.4196389926E-22    1.3317793483E-14
    -2.2204302995E-15    9.7678020701E-18    7.8089480455E-16    3.1365561189E-09    1.1055109989E-19   -1.3345328989E-20
    -1.4320487274E-19    1.4240816278E-16    3.4196389926E-22    1.1055109989E-19    6.8591877056E-11   -1.9390043556E-19
    -1.1935457129E-19   -1.3383683835E-20    1.3317793483E-14   -1.3345328989E-20   -1.9390043556E-19    3.0756443077E-10

 The Generalized Shear Center of the Cross Section in the User Coordinate System
 ========================================================

  Xs2 =   -2.4896567284E-07
  Xs3 =    3.1141805533E-09
