
 The 6X6 Mass Matrix
 ========================================================

     1.4407289600E+03    0.0000000000E+00    0.0000000000E+00    0.0000000000E+00   -7.1158356985E-15   -5.5122381600E+02
     0.0000000000E+00    1.4407289600E+03    0.0000000000E+00    7.1158356985E-15    0.0000000000E+00    0.0000000000E+00
     0.0000000000E+00    0.0000000000E+00    1.4407289600E+03    5.5122381600E+02    0.0000000000E+00    0.0000000000E+00
     0.0000000000E+00    7.1158356985E-15    5.5122381600E+02    6.2586885539E+03    0.0000000000E+00    0.0000000000E+00
    -7.1158356985E-15    0.0000000000E+00    0.0000000000E+00    0.0000000000E+00    5.5393743628E+03   -1.0616507673E-13
    -5.5122381600E+02    0.0000000000E+00    0.0000000000E+00    0.0000000000E+00   -1.0616507673E-13    7.1931419111E+02

 The Mass Center of the Cross Section
 ========================================================

  Xm2 =    3.8260063572E-01
  Xm3 =   -4.9390523103E-18

 The 6X6 Mass Matrix at the Mass Center
 ========================================================

   1.440728960000E+03  0.000000000000E+00  0.000000000000E+00  0.000000000000E+00  0.000000000000E+00  0.000000000000E+00
   0.000000000000E+00  1.440728960000E+03  0.000000000000E+00  0.000000000000E+00  0.000000000000E+00  0.000000000000E+00
   0.000000000000E+00  0.000000000000E+00  1.440728960000E+03  0.000000000000E+00  0.000000000000E+00  0.000000000000E+00
   0.000000000000E+00  0.000000000000E+00  0.000000000000E+00  6.047789971446E+03  0.000000000000E+00  0.000000000000E+00
   0.000000000000E+00  0.000000000000E+00  0.000000000000E+00  0.000000000000E+00  5.539374362761E+03 -1.088875999917E-13
   0.000000000000E+00  0.000000000000E+00  0.000000000000E+00  0.000000000000E+00 -1.088875999917E-13  5.084156086848E+02

 The Mass Properties with respect to Principal Inertial Axes
 ========================================================

 Mass Per Unit Span                     =    1.4407289600E+03
 Mass Moments of Intertia about x1 axis =    6.0477899714E+03
 Mass Moments of Intertia about x2 axis =    5.5393743628E+03
 Mass Moments of Intertia about x3 axis =    5.0841560868E+02
 The user coordinate axes are the principal inertial axes.
 The mass-weighted radius of gyration   =    2.0488360508E+00

 The Geometric Center of the Cross Section
 ========================================================

  Xg2 =    1.0427576394E-14
  Xg3 =    1.9551583404E-17

 Classical Stiffness Matrix (1-extension; 2-twist; 3,4-bending)
 ========================================================

     1.9702559144E+10    2.7908608273E+06    7.8702796263E+01   -9.2220518564E+09
     2.7908608273E+06    1.7250226602E+09    5.9072569506E+00   -1.4807882270E+05
     7.8702796263E+01    5.9072569506E+00    7.5215121111E+10   -2.5861453532E+00
    -9.2220518564E+09   -1.4807882270E+05   -2.5861453532E+00    9.8497911140E+09

 Classical Flexibility Matrix (1-extension; 2-twist; 3,4-bending)
 ========================================================

     9.0348634711E-11   -1.3891086418E-13   -9.1618625489E-20    8.4590603420E-11
    -1.3891086418E-13    5.7970274409E-10   -4.5387604921E-20   -1.2134282638E-13
    -9.1618625489E-20   -4.5387604921E-20    1.3295198960E-11   -8.2289574451E-20
     8.4590603420E-11   -1.2134282638E-13   -8.2289574451E-20    1.8072453443E-10

 The Neutral Axes (or Tension Center) of the Cross Section
 ========================================================

  Xt2 =    4.6806375064E-01
  Xt3 =    3.9940627282E-09

 Classical Stiffness Matrix (correct up to the 2nd order) (1-extension; 2-twist; 3,4-bending)
 ========================================================

     1.9702559144E+10    2.7908608273E+06    7.8702796263E+01   -9.2220518564E+09
     2.7908608273E+06    1.7250226602E+09    5.9072569506E+00   -1.4807882270E+05
     7.8702796263E+01    5.9072569506E+00    7.5215121111E+10   -2.5861453532E+00
    -9.2220518564E+09   -1.4807882270E+05   -2.5861453532E+00    9.8497911140E+09

 Classical Flexibility Matrix (correct up to the 2nd order) (1-extension; 2-twist; 3,4-bending)
 ========================================================

     9.0348634711E-11   -1.3891086418E-13   -9.1618625489E-20    8.4590603420E-11
    -1.3891086418E-13    5.7970274409E-10   -4.5387604921E-20   -1.2134282638E-13
    -9.1618625489E-20   -4.5387604921E-20    1.3295198960E-11   -8.2289574451E-20
     8.4590603420E-11   -1.2134282638E-13   -8.2289574451E-20    1.8072453443E-10

 The Neutral Axes (or Tension Center) of the Cross Section, Corrected by Initial Curvature/Twist
 ========================================================

  Xt2 =    4.6806375064E-01
  Xt3 =    3.9940627282E-09

 Timoshenko Stiffness Matrix (1-extension; 2,3-shear, 4-twist; 5,6-bending)
 ========================================================

     1.9702559386E+10    1.1110545691E+01   -8.6313624488E+05    1.8404085320E+06    7.8736361409E+01   -9.2220518982E+09
     1.1110545691E+01    6.4088143837E+08   -1.5094657958E+01   -8.6708979460E+01    2.1339874618E+06   -2.8517494878E+01
    -8.6313624488E+05   -1.5094657958E+01    3.0783630121E+09    3.3897744512E+09    1.2184247017E+01    1.4900620711E+05
     1.8404085320E+06   -8.6708979460E+01    3.3897744512E+09    5.4577113602E+09    1.9090704529E+01    1.6001057406E+04
     7.8736361409E+01    2.1339874618E+06    1.2184247017E+01    1.9090704529E+01    7.5215128217E+10   -2.6805098341E+00
    -9.2220518982E+09   -2.8517494878E+01    1.4900620711E+05    1.6001057406E+04   -2.6805098341E+00    9.8497911212E+09

 Timoshenko Flexibility Matrix (1-extension; 2,3-shear, 4-twist; 5,6-bending)
 ========================================================

     9.0348634711E-11    2.1833518436E-18    1.7420140269E-13   -1.3891086418E-13   -9.1618625489E-20    8.4590603420E-11
     2.1833518436E-18    1.5603511579E-09   -6.2155345464E-17    6.3393931559E-17   -4.4269947896E-14    6.5626182189E-18
     1.7420140269E-13   -6.2155345464E-17    1.0277703150E-09   -6.3834630461E-10   -2.8824742580E-21    1.4858837287E-13
    -1.3891086418E-13    6.3393931559E-17   -6.3834630461E-10    5.7970274409E-10   -4.5387604921E-20   -1.2134282638E-13
    -9.1618625489E-20   -4.4269947896E-14   -2.8824742580E-21   -4.5387604921E-20    1.3295198960E-11   -8.2289574451E-20
     8.4590603420E-11    6.5626182189E-18    1.4858837287E-13   -1.2134282638E-13   -8.2289574451E-20    1.8072453443E-10

 The Generalized Shear Center of the Cross Section in the User Coordinate System
 ========================================================

  Xs2 =    1.1011614334E+00
  Xs3 =    1.0935592803E-07
