
 The 6X6 Mass Matrix
 ========================================================

     8.2505280000E+02    0.0000000000E+00    0.0000000000E+00    0.0000000000E+00    2.8066438063E-13   -5.7668314568E-12
     0.0000000000E+00    8.2505280000E+02    0.0000000000E+00   -2.8066438063E-13    0.0000000000E+00    0.0000000000E+00
     0.0000000000E+00    0.0000000000E+00    8.2505280000E+02    5.7668314568E-12    0.0000000000E+00    0.0000000000E+00
     0.0000000000E+00   -2.8066438063E-13    5.7668314568E-12    2.2391075699E+03    0.0000000000E+00    0.0000000000E+00
     2.8066438063E-13    0.0000000000E+00    0.0000000000E+00    0.0000000000E+00    2.0022673709E+03   -3.0531133177E-15
    -5.7668314568E-12    0.0000000000E+00    0.0000000000E+00    0.0000000000E+00   -3.0531133177E-15    2.3684019900E+02

 The Mass Center of the Cross Section
 ========================================================

  Xm2 =    6.9896513978E-15
  Xm3 =    3.4017747788E-16

 The 6X6 Mass Matrix at the Mass Center
 ========================================================

   8.250528000000E+02  0.000000000000E+00  0.000000000000E+00  0.000000000000E+00  0.000000000000E+00  0.000000000000E+00
   0.000000000000E+00  8.250528000000E+02  0.000000000000E+00  0.000000000000E+00  0.000000000000E+00  0.000000000000E+00
   0.000000000000E+00  0.000000000000E+00  8.250528000000E+02  0.000000000000E+00  0.000000000000E+00  0.000000000000E+00
   0.000000000000E+00  0.000000000000E+00  0.000000000000E+00  2.239107569882E+03  0.000000000000E+00  0.000000000000E+00
   0.000000000000E+00  0.000000000000E+00  0.000000000000E+00  0.000000000000E+00  2.002267370880E+03 -3.053113317717E-15
   0.000000000000E+00  0.000000000000E+00  0.000000000000E+00  0.000000000000E+00 -3.053113317717E-15  2.368401990016E+02

 The Mass Properties with respect to Principal Inertial Axes
 ========================================================

 Mass Per Unit Span                     =    8.2505280000E+02
 Mass Moments of Intertia about x1 axis =    2.2391075699E+03
 Mass Moments of Intertia about x2 axis =    2.0022673709E+03
 Mass Moments of Intertia about x3 axis =    2.3684019900E+02
 The user coordinate axes are the principal inertial axes.
 The mass-weighted radius of gyration   =    1.6473906921E+00

 The Geometric Center of the Cross Section
 ========================================================

  Xg2 =    1.2680536761E-14
  Xg3 =    9.4330570312E-17

 Classical Stiffness Matrix (1-extension; 2-twist; 3,4-bending)
 ========================================================

     1.5123954187E+10    2.0052876635E+04   -5.4484741260E+02    5.0129008709E+00
     2.0052876635E+04    5.6077998181E+08    2.3710013201E+01    6.6121754749E-02
    -5.4484741260E+02    2.3710013201E+01    4.0727816049E+10    4.2179715659E+01
     5.0129008709E+00    6.6121754749E-02    4.2179715659E+01    3.3692193181E+09

 Classical Flexibility Matrix (1-extension; 2-twist; 3,4-bending)
 ========================================================

     6.6120274346E-11   -2.3643884367E-15    8.8454329145E-19   -9.8377170059E-20
    -2.3643884367E-15    1.7832305583E-09   -1.0381530955E-18   -3.4992805832E-20
     8.8454329145E-19   -1.0381530955E-18    2.4553243876E-11   -3.0738540646E-19
    -9.8377170059E-20   -3.4992805832E-20   -3.0738540646E-19    2.9680466173E-10

 The Neutral Axes (or Tension Center) of the Cross Section
 ========================================================

  Xt2 =   -3.3145422451E-10
  Xt3 =   -3.6025516457E-08

 Classical Stiffness Matrix (correct up to the 2nd order) (1-extension; 2-twist; 3,4-bending)
 ========================================================

     1.5123954187E+10    2.0052876635E+04   -5.4484741260E+02    5.0129008709E+00
     2.0052876635E+04    5.6077998181E+08    2.3710013201E+01    6.6121754749E-02
    -5.4484741260E+02    2.3710013201E+01    4.0727816049E+10    4.2179715659E+01
     5.0129008709E+00    6.6121754749E-02    4.2179715659E+01    3.3692193181E+09

 Classical Flexibility Matrix (correct up to the 2nd order) (1-extension; 2-twist; 3,4-bending)
 ========================================================

     6.6120274346E-11   -2.3643884367E-15    8.8454329145E-19   -9.8377170059E-20
    -2.3643884367E-15    1.7832305583E-09   -1.0381530955E-18   -3.4992805832E-20
     8.8454329145E-19   -1.0381530955E-18    2.4553243876E-11   -3.0738540646E-19
    -9.8377170059E-20   -3.4992805832E-20   -3.0738540646E-19    2.9680466173E-10

 The Neutral Axes (or Tension Center) of the Cross Section, Corrected by Initial Curvature/Twist
 ========================================================

  Xt2 =   -3.3145422451E-10
  Xt3 =   -3.6025516457E-08

 Timoshenko Stiffness Matrix (1-extension; 2,3-shear, 4-twist; 5,6-bending)
 ========================================================

     1.5123954187E+10   -5.3164396310E+00   -7.5535193728E-03    2.0052876635E+04   -5.4484734543E+02    5.0129012087E+00
    -5.3164396310E+00    6.4271225561E+08   -1.7038254378E+00    4.5422379406E+01   -8.1204845831E+03    5.1202371466E-02
    -7.5535193728E-03   -1.7038254378E+00    2.3027271957E+08   -3.5163157922E+01   -7.9106015262E-02   -1.0312079287E+04
     2.0052876635E+04    4.5422379406E+01   -3.5163157922E+01    5.6077998181E+08    2.3709439314E+01    6.7696435871E-02
    -5.4484734543E+02   -8.1204845831E+03   -7.9106015262E-02    2.3709439314E+01    4.0727816049E+10    4.2179718555E+01
     5.0129012087E+00    5.1202371466E-02   -1.0312079287E+04    6.7696435871E-02    4.2179718555E+01    3.3692193186E+09

 Timoshenko Flexibility Matrix (1-extension; 2,3-shear, 4-twist; 5,6-bending)
 ========================================================

     6.6120274346E-11    5.4711734988E-19    1.8034613000E-21   -2.3643884367E-15    8.8454329145E-19   -9.8377170059E-20
     5.4711734988E-19    1.5559062260E-09    1.1512383929E-17   -1.2602621907E-16    3.1022317790E-16   -2.3613912823E-20
     1.8034613000E-21    1.1512383929E-17    4.3426768138E-09    2.7230328132E-16    8.4231930461E-21    1.3291514558E-14
    -2.3643884367E-15   -1.2602621907E-16    2.7230328132E-16    1.7832305583E-09   -1.0381530955E-18   -3.4992805832E-20
     8.8454329145E-19    3.1022317790E-16    8.4231930461E-21   -1.0381530955E-18    2.4553243876E-11   -3.0738540646E-19
    -9.8377170059E-20   -2.3613912823E-20    1.3291514558E-14   -3.4992805832E-20   -3.0738540646E-19    2.9680466173E-10

 The Generalized Shear Center of the Cross Section in the User Coordinate System
 ========================================================

  Xs2 =   -1.5270222914E-07
  Xs3 =   -7.0672980835E-08
