
 The 6X6 Mass Matrix
 ========================================================

     9.4818904000E+02    0.0000000000E+00    0.0000000000E+00    0.0000000000E+00    4.1888714719E-13    1.2321255127E-12
     0.0000000000E+00    9.4818904000E+02    0.0000000000E+00   -4.1888714719E-13    0.0000000000E+00    0.0000000000E+00
     0.0000000000E+00    0.0000000000E+00    9.4818904000E+02   -1.2321255127E-12    0.0000000000E+00    0.0000000000E+00
     0.0000000000E+00   -4.1888714719E-13   -1.2321255127E-12    2.0907376039E+03    0.0000000000E+00    0.0000000000E+00
     4.1888714719E-13    0.0000000000E+00    0.0000000000E+00    0.0000000000E+00    1.8400386226E+03    6.6613381478E-16
     1.2321255127E-12    0.0000000000E+00    0.0000000000E+00    0.0000000000E+00    6.6613381478E-16    2.5069898124E+02

 The Mass Center of the Cross Section
 ========================================================

  Xm2 =   -1.2994513338E-15
  Xm3 =    4.4177598508E-16

 The 6X6 Mass Matrix at the Mass Center
 ========================================================

   9.481890400001E+02  0.000000000000E+00  0.000000000000E+00  0.000000000000E+00  0.000000000000E+00  0.000000000000E+00
   0.000000000000E+00  9.481890400001E+02  0.000000000000E+00  0.000000000000E+00  0.000000000000E+00  0.000000000000E+00
   0.000000000000E+00  0.000000000000E+00  9.481890400001E+02  0.000000000000E+00  0.000000000000E+00  0.000000000000E+00
   0.000000000000E+00  0.000000000000E+00  0.000000000000E+00  2.090737603862E+03  0.000000000000E+00  0.000000000000E+00
   0.000000000000E+00  0.000000000000E+00  0.000000000000E+00  0.000000000000E+00  1.840038622622E+03  6.661338147745E-16
   0.000000000000E+00  0.000000000000E+00  0.000000000000E+00  0.000000000000E+00  6.661338147745E-16  2.506989812402E+02

 The Mass Properties with respect to Principal Inertial Axes
 ========================================================

 Mass Per Unit Span                     =    9.4818904000E+02
 Mass Moments of Intertia about x1 axis =    2.0907376039E+03
 Mass Moments of Intertia about x2 axis =    1.8400386226E+03
 Mass Moments of Intertia about x3 axis =    2.5069898124E+02
 The user coordinate axes are the principal inertial axes.
 The mass-weighted radius of gyration   =    1.4849174118E+00

 The Geometric Center of the Cross Section
 ========================================================

  Xg2 =    9.4457409692E-15
  Xg3 =   -5.3499779300E-17

 Classical Stiffness Matrix (1-extension; 2-twist; 3,4-bending)
 ========================================================

     1.8123895486E+10    1.7686323858E+04   -5.2757362963E+01    1.1026752934E+01
     1.7686323858E+04    5.0026837232E+08    1.6794236460E+00    3.5806033267E-02
    -5.2757362963E+01    1.6794236460E+00    3.8057271053E+10   -1.2534073957E+01
     1.1026752934E+01    3.5806033267E-02   -1.2534073957E+01    3.8718728557E+09

 Classical Flexibility Matrix (1-extension; 2-twist; 3,4-bending)
 ========================================================

     5.5175776136E-11   -1.9506662820E-15    7.6488188508E-20   -1.5713573334E-19
    -1.9506662820E-15    1.9989270867E-09   -8.8213059827E-20   -1.8479982174E-20
     7.6488188508E-20   -8.8213059827E-20    2.6276187764E-11    8.5061594787E-20
    -1.5713573334E-19   -1.8479982174E-20    8.5061594787E-20    2.5827294368E-10

 The Neutral Axes (or Tension Center) of the Cross Section
 ========================================================

  Xt2 =   -6.0840958154E-10
  Xt3 =   -2.9109317244E-09

 Classical Stiffness Matrix (correct up to the 2nd order) (1-extension; 2-twist; 3,4-bending)
 ========================================================

     1.8123895486E+10    1.7686323858E+04   -5.2757362963E+01    1.1026752934E+01
     1.7686323858E+04    5.0026837232E+08    1.6794236460E+00    3.5806033267E-02
    -5.2757362963E+01    1.6794236460E+00    3.8057271053E+10   -1.2534073957E+01
     1.1026752934E+01    3.5806033267E-02   -1.2534073957E+01    3.8718728557E+09

 Classical Flexibility Matrix (correct up to the 2nd order) (1-extension; 2-twist; 3,4-bending)
 ========================================================

     5.5175776136E-11   -1.9506662820E-15    7.6488188508E-20   -1.5713573334E-19
    -1.9506662820E-15    1.9989270867E-09   -8.8213059827E-20   -1.8479982174E-20
     7.6488188508E-20   -8.8213059827E-20    2.6276187764E-11    8.5061594787E-20
    -1.5713573334E-19   -1.8479982174E-20    8.5061594787E-20    2.5827294368E-10

 The Neutral Axes (or Tension Center) of the Cross Section, Corrected by Initial Curvature/Twist
 ========================================================

  Xt2 =   -6.0840958154E-10
  Xt3 =   -2.9109317244E-09

 Timoshenko Stiffness Matrix (1-extension; 2,3-shear, 4-twist; 5,6-bending)
 ========================================================

     1.8123895486E+10   -1.1632130091E+00   -3.7664799617E-02    1.7686323858E+04   -5.2757354545E+01    1.1026754607E+01
    -1.1632130091E+00    8.3840444299E+08    7.0588450020E-01    6.0651157544E+00   -6.0672028324E+03   -8.7203707207E-03
    -3.7664799617E-02    7.0588450020E-01    2.0408216644E+08   -3.4167152004E+01   -9.6845854291E-03   -9.0679573019E+03
     1.7686323858E+04    6.0651157544E+00   -3.4167152004E+01    5.0026837232E+08    1.6793797568E+00    3.7324177983E-02
    -5.2757354545E+01   -6.0672028324E+03   -9.6845854291E-03    1.6793797568E+00    3.8057271053E+10   -1.2534073464E+01
     1.1026754607E+01   -8.7203707207E-03   -9.0679573019E+03    3.7324177983E-02   -1.2534073464E+01    3.8718728561E+09

 Timoshenko Flexibility Matrix (1-extension; 2,3-shear, 4-twist; 5,6-bending)
 ========================================================

     5.5175776136E-11    7.6566239844E-20    9.8495175847E-21   -1.9506662820E-15    7.6488188508E-20   -1.5713573334E-19
     7.6566239844E-20    1.1927417708E-09   -4.1254873535E-18   -1.4460475856E-17    1.9015042461E-16    2.6772892894E-21
     9.8495175847E-21   -4.1254873535E-18    4.8999871843E-09    3.3465758706E-16    1.2500263456E-21    1.1475809310E-14
    -1.9506662820E-15   -1.4460475856E-17    3.3465758706E-16    1.9989270867E-09   -8.8213059827E-20   -1.8479982174E-20
     7.6488188508E-20    1.9015042461E-16    1.2500263456E-21   -8.8213059827E-20    2.6276187764E-11    8.5061594787E-20
    -1.5713573334E-19    2.6772892894E-21    1.1475809310E-14   -1.8479982174E-20    8.5061594787E-20    2.5827294368E-10

 The Generalized Shear Center of the Cross Section in the User Coordinate System
 ========================================================

  Xs2 =   -1.6741860636E-07
  Xs3 =   -7.2341187194E-09
