
 The 6X6 Mass Matrix
 ========================================================

     8.7057328000E+02    0.0000000000E+00    0.0000000000E+00    0.0000000000E+00    1.7491563753E-13   -3.2562841312E-13
     0.0000000000E+00    8.7057328000E+02    0.0000000000E+00   -1.7491563753E-13    0.0000000000E+00    0.0000000000E+00
     0.0000000000E+00    0.0000000000E+00    8.7057328000E+02    3.2562841312E-13    0.0000000000E+00    0.0000000000E+00
     0.0000000000E+00   -1.7491563753E-13    3.2562841312E-13    1.3278221040E+03    0.0000000000E+00    0.0000000000E+00
     1.7491563753E-13    0.0000000000E+00    0.0000000000E+00    0.0000000000E+00    1.1056261910E+03   -3.0531133177E-15
    -3.2562841312E-13    0.0000000000E+00    0.0000000000E+00    0.0000000000E+00   -3.0531133177E-15    2.2219591296E+02

 The Mass Center of the Cross Section
 ========================================================

  Xm2 =    3.7403906208E-16
  Xm3 =    2.0092006216E-16

 The Mass Properties with respect to Principal Inertial Axes
 ========================================================

 Mass Per Unit Span                     =    8.7057328000E+02
 Mass Moments of Intertia about x1 axis =    1.3278221040E+03
 Mass Moments of Intertia about x2 axis =    1.1056261910E+03
 Mass Moments of Intertia about x3 axis =    2.2219591296E+02
 The user coordinate axes are the principal inertial axes.
 The mass-weighted radius of gyration   =    1.2350009175E+00

 The Geometric Center of the Cross Section
 ========================================================

  Xg2 =   -5.0253829238E-15
  Xg3 =    7.6286015681E-18

 Classical Stiffness Matrix (1-extension; 2-twist; 3,4-bending)
 ========================================================

     1.6916165060E+10    1.3401598976E+04   -9.0098201040E+00    1.5979475578E+01
     1.3401598976E+04    3.9479237430E+08    1.1669198860E-02   -3.5066229838E-01
    -9.0098201040E+00    1.1669198860E-02    2.3011822844E+10   -6.0852110531E+00
     1.5979475578E+01   -3.5066229838E-01   -6.0852110531E+00    3.5548357637E+09

 Classical Flexibility Matrix (1-extension; 2-twist; 3,4-bending)
 ========================================================

     5.9115053353E-11   -2.0067161629E-15    2.3145320627E-20   -2.6573049155E-19
    -2.0067161629E-15    2.5329769903E-09   -1.2852476329E-21    2.4987134666E-19
     2.3145320627E-20   -1.2852476329E-21    4.3455922930E-11    7.4388376777E-20
    -2.6573049155E-19    2.4987134666E-19    7.4388376777E-20    2.8130694819E-10

 The Neutral Axes (or Tension Center) of the Cross Section
 ========================================================

  Xt2 =   -9.4462825501E-10
  Xt3 =   -5.3261601956E-10

 Classical Stiffness Matrix (correct up to the 2nd order) (1-extension; 2-twist; 3,4-bending)
 ========================================================

     1.6916165060E+10    1.3401598976E+04   -9.0098201040E+00    1.5979475578E+01
     1.3401598976E+04    3.9479237430E+08    1.1669198860E-02   -3.5066229838E-01
    -9.0098201040E+00    1.1669198860E-02    2.3011822844E+10   -6.0852110531E+00
     1.5979475578E+01   -3.5066229838E-01   -6.0852110531E+00    3.5548357637E+09

 Classical Flexibility Matrix (correct up to the 2nd order) (1-extension; 2-twist; 3,4-bending)
 ========================================================

     5.9115053353E-11   -2.0067161629E-15    2.3145320627E-20   -2.6573049155E-19
    -2.0067161629E-15    2.5329769903E-09   -1.2852476329E-21    2.4987134666E-19
     2.3145320627E-20   -1.2852476329E-21    4.3455922930E-11    7.4388376777E-20
    -2.6573049155E-19    2.4987134666E-19    7.4388376777E-20    2.8130694819E-10

 The Neutral Axes (or Tension Center) of the Cross Section, Corrected by Initial Curvature/Twist
 ========================================================

  Xt2 =   -9.4462825501E-10
  Xt3 =   -5.3261601956E-10

 Timoshenko Stiffness Matrix (1-extension; 2,3-shear, 4-twist; 5,6-bending)
 ========================================================

     1.6916165060E+10   -8.1841285180E-03    3.1276554190E-01    1.3401598976E+04   -9.0098200732E+00    1.5979462273E+01
    -8.1841285180E-03    8.2712508128E+08    1.4599552262E-01    8.8263134246E-01   -3.1213635583E+03   -5.9141079041E-03
     3.1276554190E-01    1.4599552262E-01    1.6286261414E+08   -3.3244816720E+01   -7.6928842569E-03   -6.9278507389E+03
     1.3401598976E+04    8.8263134246E-01   -3.3244816720E+01    3.9479237430E+08    1.1665869600E-02   -3.4924813019E-01
    -9.0098200732E+00   -3.1213635583E+03   -7.6928842569E-03    1.1665869600E-02    2.3011822844E+10   -6.0852107035E+00
     1.5979462273E+01   -5.9141079041E-03   -6.9278507389E+03   -3.4924813019E-01   -6.0852107035E+00    3.5548357639E+09

 Timoshenko Flexibility Matrix (1-extension; 2,3-shear, 4-twist; 5,6-bending)
 ========================================================

     5.9115053353E-11    5.8715260313E-22   -1.1394699542E-19   -2.0067161629E-15    2.3145320627E-20   -2.6573049155E-19
     5.8715260313E-22    1.2090069841E-09   -1.0837949649E-18   -2.7029587518E-18    1.6399180402E-16    2.0095686093E-21
    -1.1394699542E-19   -1.0837949649E-18    6.1401445958E-09    5.1705149522E-16    2.0556758632E-21    1.1966236445E-14
    -2.0067161629E-15   -2.7029587518E-18    5.1705149522E-16    2.5329769903E-09   -1.2852476329E-21    2.4987134666E-19
     2.3145320627E-20    1.6399180402E-16    2.0556758632E-21   -1.2852476329E-21    4.3455922930E-11    7.4388376777E-20
    -2.6573049155E-19    2.0095686093E-21    1.1966236445E-14    2.4987134666E-19    7.4388376777E-20    2.8130694819E-10

 The Generalized Shear Center of the Cross Section in the User Coordinate System
 ========================================================

  Xs2 =   -2.0412798743E-07
  Xs3 =   -1.0671075032E-09
