
 The 6X6 Mass Matrix
 ========================================================

     5.8043976000E+02    0.0000000000E+00    0.0000000000E+00    0.0000000000E+00    7.2381337035E-15    9.1386494726E-12
     0.0000000000E+00    5.8043976000E+02    0.0000000000E+00   -7.2381337035E-15    0.0000000000E+00    0.0000000000E+00
     0.0000000000E+00    0.0000000000E+00    5.8043976000E+02   -9.1386494726E-12    0.0000000000E+00    0.0000000000E+00
     0.0000000000E+00   -7.2381337035E-15   -9.1386494726E-12    2.5386729279E+03    0.0000000000E+00    0.0000000000E+00
     7.2381337035E-15    0.0000000000E+00    0.0000000000E+00    0.0000000000E+00    2.3109010429E+03   -1.2478733324E-14
     9.1386494726E-12    0.0000000000E+00    0.0000000000E+00    0.0000000000E+00   -1.2478733324E-14    2.2777188497E+02

 The Mass Center of the Cross Section
 ========================================================

  Xm2 =   -1.5744354716E-14
  Xm3 =    1.2470085963E-17

 The 6X6 Mass Matrix at the Mass Center
 ========================================================

   5.804397600000E+02  0.000000000000E+00  0.000000000000E+00  0.000000000000E+00  0.000000000000E+00  0.000000000000E+00
   0.000000000000E+00  5.804397600000E+02  0.000000000000E+00  0.000000000000E+00  0.000000000000E+00  0.000000000000E+00
   0.000000000000E+00  0.000000000000E+00  5.804397600000E+02  0.000000000000E+00  0.000000000000E+00  0.000000000000E+00
   0.000000000000E+00  0.000000000000E+00  0.000000000000E+00  2.538672927855E+03  0.000000000000E+00  0.000000000000E+00
   0.000000000000E+00  0.000000000000E+00  0.000000000000E+00  0.000000000000E+00  2.310901042888E+03 -1.247873332444E-14
   0.000000000000E+00  0.000000000000E+00  0.000000000000E+00  0.000000000000E+00 -1.247873332444E-14  2.277718849667E+02

 The Mass Properties with respect to Principal Inertial Axes
 ========================================================

 Mass Per Unit Span                     =    5.8043976000E+02
 Mass Moments of Intertia about x1 axis =    2.5386729279E+03
 Mass Moments of Intertia about x2 axis =    2.3109010429E+03
 Mass Moments of Intertia about x3 axis =    2.2777188497E+02
 The user coordinate axes are the principal inertial axes.
 The mass-weighted radius of gyration   =    2.0913407459E+00

 The Geometric Center of the Cross Section
 ========================================================

  Xg2 =    1.7022224400E-14
  Xg3 =    2.2827579550E-18

 Classical Stiffness Matrix (1-extension; 2-twist; 3,4-bending)
 ========================================================

     7.2364952718E+09    2.7126514080E+05   -2.2720208862E+01    1.7538406640E+01
     2.7126514080E+05    8.0404190739E+08   -2.7450021446E-01    5.8009176511E-01
    -2.2720208862E+01   -2.7450021446E-01    3.4374599184E+10   -1.2070355925E+01
     1.7538406640E+01    5.8009176511E-01   -1.2070355925E+01    2.1666314108E+09

 Classical Flexibility Matrix (1-extension; 2-twist; 3,4-bending)
 ========================================================

     1.3818844276E-10   -4.6621584071E-14    9.1336555049E-20   -1.1185926891E-18
    -4.6621584071E-14    1.2437162833E-09    9.9009483284E-21   -3.3261398411E-19
     9.1336555049E-20    9.9009483284E-21    2.9091248298E-11    1.6206804623E-19
    -1.1185926891E-18   -3.3261398411E-19    1.6206804623E-19    4.6154597179E-10

 The Neutral Axes (or Tension Center) of the Cross Section
 ========================================================

  Xt2 =   -2.4235780573E-09
  Xt3 =   -3.1396574842E-09

 Classical Stiffness Matrix (correct up to the 2nd order) (1-extension; 2-twist; 3,4-bending)
 ========================================================

     7.2364952718E+09    2.7126514080E+05   -2.2720208862E+01    1.7538406640E+01
     2.7126514080E+05    8.0404190739E+08   -2.7450021446E-01    5.8009176511E-01
    -2.2720208862E+01   -2.7450021446E-01    3.4374599184E+10   -1.2070355925E+01
     1.7538406640E+01    5.8009176511E-01   -1.2070355925E+01    2.1666314108E+09

 Classical Flexibility Matrix (correct up to the 2nd order) (1-extension; 2-twist; 3,4-bending)
 ========================================================

     1.3818844276E-10   -4.6621584071E-14    9.1336555049E-20   -1.1185926891E-18
    -4.6621584071E-14    1.2437162833E-09    9.9009483284E-21   -3.3261398411E-19
     9.1336555049E-20    9.9009483284E-21    2.9091248298E-11    1.6206804623E-19
    -1.1185926891E-18   -3.3261398411E-19    1.6206804623E-19    4.6154597179E-10

 The Neutral Axes (or Tension Center) of the Cross Section, Corrected by Initial Curvature/Twist
 ========================================================

  Xt2 =   -2.4235780573E-09
  Xt3 =   -3.1396574842E-09

 Timoshenko Stiffness Matrix (1-extension; 2,3-shear, 4-twist; 5,6-bending)
 ========================================================

     7.2364952718E+09   -4.4375656639E-01    2.4110536715E-01    2.7126514080E+05   -2.2721639802E+01    1.7538454480E+01
    -4.4375656639E-01    3.1095149516E+08   -1.2799339784E-01    3.2801358331E+00    1.0026955470E+06    4.3600186855E-01
     2.4110536715E-01   -1.2799339784E-01    3.2482697228E+08   -1.8189634424E+01   -1.1713836036E+00    6.4452334405E+04
     2.7126514080E+05    3.2801358331E+00   -1.8189634424E+01    8.0404190739E+08   -2.6392300858E-01    5.7648257312E-01
    -2.2721639802E+01    1.0026955470E+06   -1.1713836036E+00   -2.6392300858E-01    3.4374602418E+10   -1.2069182336E+01
     1.7538454480E+01    4.3600186855E-01    6.4452334405E+04    5.7648257312E-01   -1.2069182336E+01    2.1666314236E+09

 Timoshenko Flexibility Matrix (1-extension; 2,3-shear, 4-twist; 5,6-bending)
 ========================================================

     1.3818844276E-10    1.9740497369E-19   -1.0496021472E-19   -4.6621584071E-14    9.1336555049E-20   -1.1185926891E-18
     1.9740497369E-19    3.2159359567E-09    1.2669828213E-18   -1.3119695572E-17   -9.3807766099E-14   -6.4771880899E-19
    -1.0496021472E-19    1.2669828213E-18    3.0785621000E-09    6.9645624063E-17    1.0483907400E-19   -9.1580188396E-14
    -4.6621584071E-14   -1.3119695572E-17    6.9645624063E-17    1.2437162833E-09    9.9009483284E-21   -3.3261398411E-19
     9.1336555049E-20   -9.3807766099E-14    1.0483907400E-19    9.9009483284E-21    2.9091248298E-11    1.6206804623E-19
    -1.1185926891E-18   -6.4771880899E-19   -9.1580188396E-14   -3.3261398411E-19    1.6206804623E-19    4.6154597179E-10

 The Generalized Shear Center of the Cross Section in the User Coordinate System
 ========================================================

  Xs2 =   -5.5997999705E-08
  Xs3 =   -1.0548784919E-08
