
 The 6X6 Mass Matrix
 ========================================================

     6.9607240000E+02    0.0000000000E+00    0.0000000000E+00    0.0000000000E+00   -1.2663481375E-14   -2.1677061188E-12
     0.0000000000E+00    6.9607240000E+02    0.0000000000E+00    1.2663481375E-14    0.0000000000E+00    0.0000000000E+00
     0.0000000000E+00    0.0000000000E+00    6.9607240000E+02    2.1677061188E-12    0.0000000000E+00    0.0000000000E+00
     0.0000000000E+00    1.2663481375E-14    2.1677061188E-12    3.8431742996E+03    0.0000000000E+00    0.0000000000E+00
    -1.2663481375E-14    0.0000000000E+00    0.0000000000E+00    0.0000000000E+00    3.5729146641E+03    4.1095599146E-15
    -2.1677061188E-12    0.0000000000E+00    0.0000000000E+00    0.0000000000E+00    4.1095599146E-15    2.7025963547E+02

 The Mass Center of the Cross Section
 ========================================================

  Xm2 =    3.1141963376E-15
  Xm3 =   -1.8192764682E-17

 The 6X6 Mass Matrix at the Mass Center
 ========================================================

   6.960724000001E+02  0.000000000000E+00  0.000000000000E+00  0.000000000000E+00  0.000000000000E+00  0.000000000000E+00
   0.000000000000E+00  6.960724000001E+02  0.000000000000E+00  0.000000000000E+00  0.000000000000E+00  0.000000000000E+00
   0.000000000000E+00  0.000000000000E+00  6.960724000001E+02  0.000000000000E+00  0.000000000000E+00  0.000000000000E+00
   0.000000000000E+00  0.000000000000E+00  0.000000000000E+00  3.843174299597E+03  0.000000000000E+00  0.000000000000E+00
   0.000000000000E+00  0.000000000000E+00  0.000000000000E+00  0.000000000000E+00  3.572914664131E+03  4.109559914589E-15
   0.000000000000E+00  0.000000000000E+00  0.000000000000E+00  0.000000000000E+00  4.109559914589E-15  2.702596354661E+02

 The Mass Properties with respect to Principal Inertial Axes
 ========================================================

 Mass Per Unit Span                     =    6.9607240000E+02
 Mass Moments of Intertia about x1 axis =    3.8431742996E+03
 Mass Moments of Intertia about x2 axis =    3.5729146641E+03
 Mass Moments of Intertia about x3 axis =    2.7025963547E+02
 The user coordinate axes are the principal inertial axes.
 The mass-weighted radius of gyration   =    2.3497293078E+00

 The Geometric Center of the Cross Section
 ========================================================

  Xg2 =    2.1565939210E-15
  Xg3 =   -2.1861481278E-17

 Classical Stiffness Matrix (1-extension; 2-twist; 3,4-bending)
 ========================================================

     7.4853572497E+09    2.2423626185E+06   -1.1884948511E+02   -1.8330570068E+00
     2.2423626185E+06    9.2049456507E+08   -1.7633319738E+00   -2.0564763734E-01
    -1.1884948511E+02   -1.7633319738E+00    4.4044797327E+10    8.2768355259E-01
    -1.8330570068E+00   -2.0564763734E-01    8.2768355259E-01    2.3934233679E+09

 Classical Flexibility Matrix (1-extension; 2-twist; 3,4-bending)
 ========================================================

     1.3359425561E-10   -3.2544110112E-13    3.6047468930E-19    1.0228819652E-19
    -3.2544110112E-13    1.0863733125E-09    4.2614755973E-20    9.3094082660E-20
     3.6047468930E-19    4.2614755973E-20    2.2704157146E-11   -7.8514553789E-21
     1.0228819652E-19    9.3094082660E-20   -7.8514553789E-21    4.1781158044E-10

 The Neutral Axes (or Tension Center) of the Cross Section
 ========================================================

  Xt2 =    2.4481896012E-10
  Xt3 =   -1.5877034632E-08

 Classical Stiffness Matrix (correct up to the 2nd order) (1-extension; 2-twist; 3,4-bending)
 ========================================================

     7.4853572497E+09    2.2423626185E+06   -1.1884948511E+02   -1.8330570068E+00
     2.2423626185E+06    9.2049456507E+08   -1.7633319738E+00   -2.0564763734E-01
    -1.1884948511E+02   -1.7633319738E+00    4.4044797327E+10    8.2768355259E-01
    -1.8330570068E+00   -2.0564763734E-01    8.2768355259E-01    2.3934233679E+09

 Classical Flexibility Matrix (correct up to the 2nd order) (1-extension; 2-twist; 3,4-bending)
 ========================================================

     1.3359425561E-10   -3.2544110112E-13    3.6047468930E-19    1.0228819652E-19
    -3.2544110112E-13    1.0863733125E-09    4.2614755973E-20    9.3094082660E-20
     3.6047468930E-19    4.2614755973E-20    2.2704157146E-11   -7.8514553789E-21
     1.0228819652E-19    9.3094082660E-20   -7.8514553789E-21    4.1781158044E-10

 The Neutral Axes (or Tension Center) of the Cross Section, Corrected by Initial Curvature/Twist
 ========================================================

  Xt2 =    2.4481896012E-10
  Xt3 =   -1.5877034632E-08

 Timoshenko Stiffness Matrix (1-extension; 2,3-shear, 4-twist; 5,6-bending)
 ========================================================

     7.4853572497E+09    1.3005595278E+00    3.3385745850E-01    2.2423626185E+06   -1.1884237262E+02   -1.8329261244E+00
     1.3005595278E+00    3.3389423087E+08    8.7459283697E-01    1.0726732506E+01    1.8259970686E+06   -8.0894245423E-02
     3.3385745850E-01    8.7459283697E-01    3.6788526897E+08   -3.8797601387E-01   -3.0462109780E-02    1.4422269445E+05
     2.2423626185E+06    1.0726732506E+01   -3.8797601387E-01    9.2049456507E+08   -1.7046697379E+00   -2.0579973885E-01
    -1.1884237262E+02    1.8259970686E+06   -3.0462109780E-02   -1.7046697379E+00    4.4044807313E+10    8.2722734186E-01
    -1.8329261244E+00   -8.0894245423E-02    1.4422269445E+05   -2.0579973885E-01    8.2722734186E-01    2.3934234245E+09

 Timoshenko Flexibility Matrix (1-extension; 2,3-shear, 4-twist; 5,6-bending)
 ========================================================

     1.3359425561E-10   -5.1188242314E-19   -1.2162067249E-19   -3.2544110112E-13    3.6047468930E-19    1.0228819652E-19
    -5.1188242314E-19    2.9949610813E-09   -7.1201273667E-18   -3.4899945574E-17   -1.2416424293E-13    1.0169730193E-19
    -1.2162067249E-19   -7.1201273667E-18    2.7182388314E-09    1.1459606516E-18    2.1782387248E-21   -1.6379539216E-13
    -3.2544110112E-13   -3.4899945574E-17    1.1459606516E-18    1.0863733125E-09    4.2614755973E-20    9.3094082660E-20
     3.6047468930E-19   -1.2416424293E-13    2.1782387248E-21    4.2614755973E-20    2.2704157146E-11   -7.8514553789E-21
     1.0228819652E-19    1.0169730193E-19   -1.6379539216E-13    9.3094082660E-20   -7.8514553789E-21    4.1781158044E-10

 The Generalized Shear Center of the Cross Section in the User Coordinate System
 ========================================================

  Xs2 =   -1.0548497818E-09
  Xs3 =   -3.2125186778E-08
