
 The 6X6 Mass Matrix
 ========================================================

     4.1540640000E+02    0.0000000000E+00    0.0000000000E+00    0.0000000000E+00   -1.9928503292E-14    1.3353207429E-12
     0.0000000000E+00    4.1540640000E+02    0.0000000000E+00    1.9928503292E-14    0.0000000000E+00    0.0000000000E+00
     0.0000000000E+00    0.0000000000E+00    4.1540640000E+02   -1.3353207429E-12    0.0000000000E+00    0.0000000000E+00
     0.0000000000E+00    1.9928503292E-14   -1.3353207429E-12    3.7115296974E+02    0.0000000000E+00    0.0000000000E+00
    -1.9928503292E-14    0.0000000000E+00    0.0000000000E+00    0.0000000000E+00    2.5219287024E+02   -1.6375789613E-15
     1.3353207429E-12    0.0000000000E+00    0.0000000000E+00    0.0000000000E+00   -1.6375789613E-15    1.1896009950E+02

 The Mass Center of the Cross Section
 ========================================================

  Xm2 =   -3.2144924654E-15
  Xm3 =   -4.7973510500E-17

 The 6X6 Mass Matrix at the Mass Center
 ========================================================

   4.154064000000E+02  0.000000000000E+00  0.000000000000E+00  0.000000000000E+00  0.000000000000E+00  0.000000000000E+00
   0.000000000000E+00  4.154064000000E+02  0.000000000000E+00  0.000000000000E+00  0.000000000000E+00  0.000000000000E+00
   0.000000000000E+00  0.000000000000E+00  4.154064000000E+02  0.000000000000E+00  0.000000000000E+00  0.000000000000E+00
   0.000000000000E+00  0.000000000000E+00  0.000000000000E+00  3.711529697408E+02  0.000000000000E+00  0.000000000000E+00
   0.000000000000E+00  0.000000000000E+00  0.000000000000E+00  0.000000000000E+00  2.521928702400E+02 -1.637578961322E-15
   0.000000000000E+00  0.000000000000E+00  0.000000000000E+00  0.000000000000E+00 -1.637578961322E-15  1.189600995008E+02

 The Mass Properties with respect to Principal Inertial Axes
 ========================================================

 Mass Per Unit Span                     =    4.1540640000E+02
 Mass Moments of Intertia about x1 axis =    3.7115296974E+02
 Mass Moments of Intertia about x2 axis =    2.5219287024E+02
 Mass Moments of Intertia about x3 axis =    1.1896009950E+02
 The user coordinate axes are the principal inertial axes.
 The mass-weighted radius of gyration   =    9.4523518297E-01

 The Geometric Center of the Cross Section
 ========================================================

  Xg2 =    8.5198666160E-15
  Xg3 =   -4.0604215927E-18

 Classical Stiffness Matrix (1-extension; 2-twist; 3,4-bending)
 ========================================================

     7.6243847644E+09    7.7235135465E+03    4.3628451436E+00    5.4731764683E+00
     7.7235135465E+03    2.2126042251E+08    1.0344952936E-02    1.3119063754E-02
     4.3628451436E+00    1.0344952936E-02    5.1323453958E+09    2.8897247290E+00
     5.4731764683E+00    1.3119063754E-02    2.8897247290E+00    1.6961869572E+09

 Classical Flexibility Matrix (1-extension; 2-twist; 3,4-bending)
 ========================================================

     1.3115812370E-10   -4.5783223841E-15   -1.1149337979E-19   -4.2321484245E-19
    -4.5783223841E-15    4.5195611067E-09   -9.1059094281E-21   -3.4941521073E-20
    -1.1149337979E-19   -9.1059094281E-21    1.9484269333E-10   -3.3194557131E-19
    -4.2321484245E-19   -3.4941521073E-20   -3.3194557131E-19    5.8955765210E-10

 The Neutral Axes (or Tension Center) of the Cross Section
 ========================================================

  Xt2 =   -7.1785149617E-10
  Xt3 =    5.7222253566E-10

 Classical Stiffness Matrix (correct up to the 2nd order) (1-extension; 2-twist; 3,4-bending)
 ========================================================

     7.6243847644E+09    7.7235135465E+03    4.3628451436E+00    5.4731764683E+00
     7.7235135465E+03    2.2126042251E+08    1.0344952936E-02    1.3119063754E-02
     4.3628451436E+00    1.0344952936E-02    5.1323453958E+09    2.8897247290E+00
     5.4731764683E+00    1.3119063754E-02    2.8897247290E+00    1.6961869572E+09

 Classical Flexibility Matrix (correct up to the 2nd order) (1-extension; 2-twist; 3,4-bending)
 ========================================================

     1.3115812370E-10   -4.5783223841E-15   -1.1149337979E-19   -4.2321484245E-19
    -4.5783223841E-15    4.5195611067E-09   -9.1059094281E-21   -3.4941521073E-20
    -1.1149337979E-19   -9.1059094281E-21    1.9484269333E-10   -3.3194557131E-19
    -4.2321484245E-19   -3.4941521073E-20   -3.3194557131E-19    5.8955765210E-10

 The Neutral Axes (or Tension Center) of the Cross Section, Corrected by Initial Curvature/Twist
 ========================================================

  Xt2 =   -7.1785149617E-10
  Xt3 =    5.7222253566E-10

 Timoshenko Stiffness Matrix (1-extension; 2,3-shear, 4-twist; 5,6-bending)
 ========================================================

     7.6243847644E+09    4.5839213885E-04   -1.1211622169E-02    7.7235135465E+03    4.3628451427E+00    5.4731769408E+00
     4.5839213885E-04    3.7274664239E+08   -1.2708518001E-01   -2.0955547807E-01   -7.5209232367E+02   -2.1076937420E-03
    -1.1211622169E-02   -1.2708518001E-01    1.0018562778E+08    1.1041149558E-02   -5.0204196363E-03   -4.2227292839E+03
     7.7235135465E+03   -2.0955547807E-01    1.1041149558E-02    2.2126042251E+08    1.0345375757E-02    1.3118598382E-02
     4.3628451427E+00   -7.5209232367E+02   -5.0204196363E-03    1.0345375757E-02    5.1323453958E+09    2.8897249448E+00
     5.4731769408E+00   -2.1076937420E-03   -4.2227292839E+03    1.3118598382E-02    2.8897249448E+00    1.6961869574E+09

 Timoshenko Flexibility Matrix (1-extension; 2,3-shear, 4-twist; 5,6-bending)
 ========================================================

     1.3115812370E-10   -1.6409300788E-22    1.4660373822E-20   -4.5783223841E-15   -1.1149337979E-19   -4.2321484245E-19
    -1.6409300788E-22    2.6827874118E-09    3.4031082578E-18    2.5408646943E-18    3.9313484632E-16    3.3414527422E-21
     1.4660373822E-20    3.4031082578E-18    9.9814716167E-09   -4.9808889533E-19    9.7503040043E-21    2.4849296423E-14
    -4.5783223841E-15    2.5408646943E-18   -4.9808889533E-19    4.5195611067E-09   -9.1059094281E-21   -3.4941521073E-20
    -1.1149337979E-19    3.9313484632E-16    9.7503040043E-21   -9.1059094281E-21    1.9484269333E-10   -3.3194557131E-19
    -4.2321484245E-19    3.3414527422E-21    2.4849296423E-14   -3.4941521073E-20   -3.3194557131E-19    5.8955765210E-10

 The Generalized Shear Center of the Cross Section in the User Coordinate System
 ========================================================

  Xs2 =    1.1020735943E-10
  Xs3 =    5.6219279579E-10
