
 The 6X6 Mass Matrix
 ========================================================

     4.4258544000E+02    0.0000000000E+00    0.0000000000E+00    0.0000000000E+00   -1.4710455076E-15    9.8088204226E-14
     0.0000000000E+00    4.4258544000E+02    0.0000000000E+00    1.4710455076E-15    0.0000000000E+00    0.0000000000E+00
     0.0000000000E+00    0.0000000000E+00    4.4258544000E+02   -9.8088204226E-14    0.0000000000E+00    0.0000000000E+00
     0.0000000000E+00    1.4710455076E-15   -9.8088204226E-14    1.8638178393E+02    0.0000000000E+00    0.0000000000E+00
    -1.4710455076E-15    0.0000000000E+00    0.0000000000E+00    0.0000000000E+00    8.0878556966E+01   -1.1102230246E-16
     9.8088204226E-14    0.0000000000E+00    0.0000000000E+00    0.0000000000E+00   -1.1102230246E-16    1.0550322697E+02

 The Mass Center of the Cross Section
 ========================================================

  Xm2 =   -2.2162546564E-16
  Xm3 =   -3.3237548610E-18

 The Mass Properties with respect to Principal Inertial Axes
 ========================================================

 Mass Per Unit Span                     =    4.4258544000E+02
 Mass Moments of Intertia about x1 axis =    1.8638178393E+02
 Mass Moments of Intertia about x2 axis =    8.0878556966E+01
 Mass Moments of Intertia about x3 axis =    1.0550322697E+02
 The user coordinate axes are the principal inertial axes.
 The mass-weighted radius of gyration   =    6.4893794747E-01

 The Geometric Center of the Cross Section
 ========================================================

  Xg2 =    1.0256957616E-15
  Xg3 =   -1.6200234587E-18

 Classical Stiffness Matrix (1-extension; 2-twist; 3,4-bending)
 ========================================================

     8.8574319733E+09    3.2533116689E+03    2.6968583134E-01    1.9036415846E-01
     3.2533116689E+03    1.0546963365E+08    1.4190001506E-03    1.0339072913E-03
     2.6968583134E-01    1.4190001506E-03    1.7018061533E+09    2.6979899215E-01
     1.9036415846E-01    1.0339072913E-03    2.6979899215E-01    1.8070103258E+09

 Classical Flexibility Matrix (1-extension; 2-twist; 3,4-bending)
 ========================================================

     1.1289954052E-10   -3.4824942487E-15   -1.7891227764E-20   -1.1893690983E-20
    -3.4824942487E-15    9.4814020434E-09   -7.9052315801E-21   -5.4245554773E-21
    -1.7891227764E-20   -7.9052315801E-21    5.8761099086E-10   -8.7734337123E-20
    -1.1893690983E-20   -5.4245554773E-21   -8.7734337123E-20    5.5340026880E-10

 The Neutral Axes (or Tension Center) of the Cross Section
 ========================================================

  Xt2 =   -2.1492022422E-11
  Xt3 =    3.0447401502E-11

 Classical Stiffness Matrix (correct up to the 2nd order) (1-extension; 2-twist; 3,4-bending)
 ========================================================

     8.8574319733E+09    3.2533116689E+03    2.6968583134E-01    1.9036415846E-01
     3.2533116689E+03    1.0546963365E+08    1.4190001506E-03    1.0339072913E-03
     2.6968583134E-01    1.4190001506E-03    1.7018061533E+09    2.6979899215E-01
     1.9036415846E-01    1.0339072913E-03    2.6979899215E-01    1.8070103258E+09

 Classical Flexibility Matrix (correct up to the 2nd order) (1-extension; 2-twist; 3,4-bending)
 ========================================================

     1.1289954052E-10   -3.4824942487E-15   -1.7891227764E-20   -1.1893690983E-20
    -3.4824942487E-15    9.4814020434E-09   -7.9052315801E-21   -5.4245554773E-21
    -1.7891227764E-20   -7.9052315801E-21    5.8761099086E-10   -8.7734337123E-20
    -1.1893690983E-20   -5.4245554773E-21   -8.7734337123E-20    5.5340026880E-10

 The Neutral Axes (or Tension Center) of the Cross Section, Corrected by Initial Curvature/Twist
 ========================================================

  Xt2 =   -2.1492022422E-11
  Xt3 =    3.0447401502E-11

 Timoshenko Stiffness Matrix (1-extension; 2,3-shear, 4-twist; 5,6-bending)
 ========================================================

     8.8574319733E+09   -2.5098116508E-03   -5.0532962721E-04    3.2533116689E+03    2.6968583208E-01    1.9036417675E-01
    -2.5098116508E-03    4.6297650526E+08   -1.6668217399E-02    1.0640155380E-03   -1.3680942794E+02   -5.1665458543E-04
    -5.0532962721E-04   -1.6668217399E-02    5.0309607756E+07    5.3019020212E-04   -1.0563916243E-03   -1.8208494352E+03
     3.2533116689E+03    1.0640155380E-03    5.3019020212E-04    1.0546963365E+08    1.4189998361E-03    1.0338881022E-03
     2.6968583208E-01   -1.3680942794E+02   -1.0563916243E-03    1.4189998361E-03    1.7018061533E+09    2.6979903054E-01
     1.9036417675E-01   -5.1665458543E-04   -1.8208494352E+03    1.0338881022E-03    2.6979903054E-01    1.8070103258E+09

 Timoshenko Flexibility Matrix (1-extension; 2,3-shear, 4-twist; 5,6-bending)
 ========================================================

     1.1289954052E-10    6.1203503140E-22    1.1336139363E-21   -3.4824942487E-15   -1.7891227764E-20   -1.1893690983E-20
     6.1203503140E-22    2.1599368189E-09    7.1561475791E-19   -2.1790239474E-20    1.7363888361E-16    6.1825736399E-22
     1.1336139363E-21    7.1561475791E-19    1.9876919035E-08   -9.9920439204E-20    1.2335426572E-20    2.0029147748E-14
    -3.4824942487E-15   -2.1790239474E-20   -9.9920439204E-20    9.4814020434E-09   -7.9052315801E-21   -5.4245554773E-21
    -1.7891227764E-20    1.7363888361E-16    1.2335426572E-20   -7.9052315801E-21    5.8761099086E-10   -8.7734337123E-20
    -1.1893690983E-20    6.1825736399E-22    2.0029147748E-14   -5.4245554773E-21   -8.7734337123E-20    5.5340026880E-10

 The Generalized Shear Center of the Cross Section in the User Coordinate System
 ========================================================

  Xs2 =    1.0538572117E-11
  Xs3 =   -2.2982085744E-12
