
 The 6X6 Mass Matrix
 ========================================================

     1.2911242400E+03    0.0000000000E+00    0.0000000000E+00    0.0000000000E+00    1.1825609936E-14   -5.2432208400E+02
     0.0000000000E+00    1.2911242400E+03    0.0000000000E+00   -1.1825609936E-14    0.0000000000E+00    0.0000000000E+00
     0.0000000000E+00    0.0000000000E+00    1.2911242400E+03    5.2432208400E+02    0.0000000000E+00    0.0000000000E+00
     0.0000000000E+00   -1.1825609936E-14    5.2432208400E+02    4.8989502886E+03    0.0000000000E+00    0.0000000000E+00
     1.1825609936E-14    0.0000000000E+00    0.0000000000E+00    0.0000000000E+00    4.2352128267E+03    4.7965104111E-15
    -5.2432208400E+02    0.0000000000E+00    0.0000000000E+00    0.0000000000E+00    4.7965104111E-15    6.6373746194E+02

 The Mass Center of the Cross Section
 ========================================================

  Xm2 =    4.0609731253E-01
  Xm3 =    9.1591572440E-18

 The 6X6 Mass Matrix at the Mass Center
 ========================================================

   1.291124240000E+03  0.000000000000E+00  0.000000000000E+00  0.000000000000E+00  0.000000000000E+00  0.000000000000E+00
   0.000000000000E+00  1.291124240000E+03  0.000000000000E+00  0.000000000000E+00  0.000000000000E+00  0.000000000000E+00
   0.000000000000E+00  0.000000000000E+00  1.291124240000E+03  0.000000000000E+00  0.000000000000E+00  0.000000000000E+00
   0.000000000000E+00  0.000000000000E+00  0.000000000000E+00  4.686024499425E+03  0.000000000000E+00  0.000000000000E+00
   0.000000000000E+00  0.000000000000E+00  0.000000000000E+00  0.000000000000E+00  4.235212826691E+03  9.598858824947E-15
   0.000000000000E+00  0.000000000000E+00  0.000000000000E+00  0.000000000000E+00  9.598858824947E-15  4.508116727340E+02

 The Mass Properties with respect to Principal Inertial Axes
 ========================================================

 Mass Per Unit Span                     =    1.2911242400E+03
 Mass Moments of Intertia about x1 axis =    4.6860244994E+03
 Mass Moments of Intertia about x2 axis =    4.2352128267E+03
 Mass Moments of Intertia about x3 axis =    4.5081167273E+02
 The user coordinate axes are the principal inertial axes.
 The mass-weighted radius of gyration   =    1.9051021188E+00

 The Geometric Center of the Cross Section
 ========================================================

  Xg2 =    4.7839830246E-15
  Xg3 =    1.3058961035E-17

 Classical Stiffness Matrix (1-extension; 2-twist; 3,4-bending)
 ========================================================

     1.8236685217E+10    7.7988032804E+05   -4.3593973909E+02   -8.7719860304E+09
     7.7988032804E+05    1.5984553882E+09   -4.5436459408E+01   -1.2148605006E+05
    -4.3593973909E+02   -4.5436459408E+01    6.1089206685E+10    2.9394721053E+01
    -8.7719860304E+09   -1.2148605006E+05    2.9394721053E+01    9.2081288756E+09

 Classical Flexibility Matrix (1-extension; 2-twist; 3,4-bending)
 ========================================================

     1.0121269141E-10   -4.2053255873E-14    6.7583986449E-19    9.6418753698E-11
    -4.2053255873E-14    6.2560396511E-10    4.6502210452E-19   -3.1807593311E-14
     6.7583986449E-19    4.6502210452E-19    1.6369503784E-11    5.9157918182E-19
     9.6418753698E-11   -3.1807593311E-14    5.9157918182E-19    2.0045157725E-10

 The Neutral Axes (or Tension Center) of the Cross Section
 ========================================================

  Xt2 =    4.8100770780E-01
  Xt3 =   -2.3903334116E-08

 Classical Stiffness Matrix (correct up to the 2nd order) (1-extension; 2-twist; 3,4-bending)
 ========================================================

     1.8236685217E+10    7.7988032804E+05   -4.3593973909E+02   -8.7719860304E+09
     7.7988032804E+05    1.5984553882E+09   -4.5436459408E+01   -1.2148605006E+05
    -4.3593973909E+02   -4.5436459408E+01    6.1089206685E+10    2.9394721053E+01
    -8.7719860304E+09   -1.2148605006E+05    2.9394721053E+01    9.2081288756E+09

 Classical Flexibility Matrix (correct up to the 2nd order) (1-extension; 2-twist; 3,4-bending)
 ========================================================

     1.0121269141E-10   -4.2053255873E-14    6.7583986449E-19    9.6418753698E-11
    -4.2053255873E-14    6.2560396511E-10    4.6502210452E-19   -3.1807593311E-14
     6.7583986449E-19    4.6502210452E-19    1.6369503784E-11    5.9157918182E-19
     9.6418753698E-11   -3.1807593311E-14    5.9157918182E-19    2.0045157725E-10

 The Neutral Axes (or Tension Center) of the Cross Section, Corrected by Initial Curvature/Twist
 ========================================================

  Xt2 =    4.8100770780E-01
  Xt3 =   -2.3903334116E-08

 Timoshenko Stiffness Matrix (1-extension; 2,3-shear, 4-twist; 5,6-bending)
 ========================================================

     1.8236685423E+10    4.4165853609E+01   -7.6381678872E+05   -3.9606777526E+04   -4.3576834844E+02   -8.7719860718E+09
     4.4165853609E+01    5.3778021161E+08    1.5895572486E+01    1.2000795502E+01    1.7930203168E+06   -4.2621534392E+00
    -7.6381678872E+05    1.5895572486E+01    2.8326517343E+09    3.0391078137E+09   -8.9459055053E+01    1.5359705908E+05
    -3.9606777526E+04    1.2000795502E+01    3.0391078137E+09    4.8590667057E+09   -1.4143253099E+02    4.3305836197E+04
    -4.3576834844E+02    1.7930203168E+06   -8.9459055053E+01   -1.4143253099E+02    6.1089212663E+10    2.9375656868E+01
    -8.7719860718E+09   -4.2621534392E+00    1.5359705908E+05    4.3305836197E+04    2.9375656868E+01    9.2081288839E+09

 Timoshenko Flexibility Matrix (1-extension; 2,3-shear, 4-twist; 5,6-bending)
 ========================================================

     1.0121269141E-10   -7.5513533551E-18    6.7181818412E-14   -4.2053255873E-14    6.7583986449E-19    9.6418753698E-11
    -7.5513533551E-18    1.8594958987E-09   -1.6746863986E-17    5.8802138329E-18   -5.4577785175E-14   -6.3325556657E-18
     6.7181818412E-14   -1.6746863986E-17    1.0731469051E-09   -6.7120073493E-10    1.8513016037E-20    4.9255682844E-14
    -4.2053255873E-14    5.8802138329E-18   -6.7120073493E-10    6.2560396511E-10    4.6502210452E-19   -3.1807593311E-14
     6.7583986449E-19   -5.4577785175E-14    1.8513016037E-20    4.6502210452E-19    1.6369503784E-11    5.9157918182E-19
     9.6418753698E-11   -6.3325556657E-18    4.9255682844E-14   -3.1807593311E-14    5.9157918182E-19    2.0045157725E-10

 The Generalized Shear Center of the Cross Section in the User Coordinate System
 ========================================================

  Xs2 =    1.0728844003E+00
  Xs3 =    9.3992592132E-09
