
 The 6X6 Mass Matrix
 ========================================================

     3.1424368000E+02    0.0000000000E+00    0.0000000000E+00    0.0000000000E+00   -3.1763003686E-14   -2.7543542534E-12
     0.0000000000E+00    3.1424368000E+02    0.0000000000E+00    3.1763003686E-14    0.0000000000E+00    0.0000000000E+00
     0.0000000000E+00    0.0000000000E+00    3.1424368000E+02    2.7543542534E-12    0.0000000000E+00    0.0000000000E+00
     0.0000000000E+00    3.1763003686E-14    2.7543542534E-12    3.9773457348E+02    0.0000000000E+00    0.0000000000E+00
    -3.1763003686E-14    0.0000000000E+00    0.0000000000E+00    0.0000000000E+00    2.8446817197E+02   -2.1977862238E-15
    -2.7543542534E-12    0.0000000000E+00    0.0000000000E+00    0.0000000000E+00   -2.1977862238E-15    1.1326640151E+02

 The Mass Center of the Cross Section
 ========================================================

  Xm2 =    8.7650267250E-15
  Xm3 =   -1.0107762131E-16

 The 6X6 Mass Matrix at the Mass Center
 ========================================================

   3.142436800000E+02  0.000000000000E+00  0.000000000000E+00  0.000000000000E+00  0.000000000000E+00  0.000000000000E+00
   0.000000000000E+00  3.142436800000E+02  0.000000000000E+00  0.000000000000E+00  0.000000000000E+00  0.000000000000E+00
   0.000000000000E+00  0.000000000000E+00  3.142436800000E+02  0.000000000000E+00  0.000000000000E+00  0.000000000000E+00
   0.000000000000E+00  0.000000000000E+00  0.000000000000E+00  3.977345734788E+02  0.000000000000E+00  0.000000000000E+00
   0.000000000000E+00  0.000000000000E+00  0.000000000000E+00  0.000000000000E+00  2.844681719685E+02 -2.197786223846E-15
   0.000000000000E+00  0.000000000000E+00  0.000000000000E+00  0.000000000000E+00 -2.197786223846E-15  1.132664015103E+02

 The Mass Properties with respect to Principal Inertial Axes
 ========================================================

 Mass Per Unit Span                     =    3.1424368000E+02
 Mass Moments of Intertia about x1 axis =    3.9773457348E+02
 Mass Moments of Intertia about x2 axis =    2.8446817197E+02
 Mass Moments of Intertia about x3 axis =    1.1326640151E+02
 The user coordinate axes are the principal inertial axes.
 The mass-weighted radius of gyration   =    1.1250281674E+00

 The Geometric Center of the Cross Section
 ========================================================

  Xg2 =    7.7884457417E-15
  Xg3 =    3.0250832722E-17

 Classical Stiffness Matrix (1-extension; 2-twist; 3,4-bending)
 ========================================================

     4.5774027234E+09   -5.9784868523E+05   -6.8965140648E+02    4.6938101746E+02
    -5.9784868523E+05    3.2443335951E+08   -4.2945392288E+00    1.6665658277E-01
    -6.8965140648E+02   -4.2945392288E+00    4.8912746667E+09   -5.2642027192E+02
     4.6938101746E+02    1.6665658277E-01   -5.2642027192E+02    1.2224262393E+09

 Classical Flexibility Matrix (1-extension; 2-twist; 3,4-bending)
 ========================================================

     2.1846455318E-10    4.0257495741E-13    3.0803028116E-17   -8.3884950950E-17
     4.0257495741E-13    3.0822978321E-09    2.7630190408E-18   -5.7479526352E-19
     3.0803028116E-17    2.7630190408E-18    2.0444568505E-10    8.8041580912E-17
    -8.3884950950E-17   -5.7479526352E-19    8.8041580912E-17    8.1804526754E-10

 The Neutral Axes (or Tension Center) of the Cross Section
 ========================================================

  Xt2 =   -1.0254318134E-07
  Xt3 =   -1.5066611524E-07

 Classical Stiffness Matrix (correct up to the 2nd order) (1-extension; 2-twist; 3,4-bending)
 ========================================================

     4.5774027234E+09   -5.9784868523E+05   -6.8965140648E+02    4.6938101746E+02
    -5.9784868523E+05    3.2443335951E+08   -4.2945392288E+00    1.6665658277E-01
    -6.8965140648E+02   -4.2945392288E+00    4.8912746667E+09   -5.2642027192E+02
     4.6938101746E+02    1.6665658277E-01   -5.2642027192E+02    1.2224262393E+09

 Classical Flexibility Matrix (correct up to the 2nd order) (1-extension; 2-twist; 3,4-bending)
 ========================================================

     2.1846455318E-10    4.0257495741E-13    3.0803028116E-17   -8.3884950950E-17
     4.0257495741E-13    3.0822978321E-09    2.7630190408E-18   -5.7479526352E-19
     3.0803028116E-17    2.7630190408E-18    2.0444568505E-10    8.8041580912E-17
    -8.3884950950E-17   -5.7479526352E-19    8.8041580912E-17    8.1804526754E-10

 The Neutral Axes (or Tension Center) of the Cross Section, Corrected by Initial Curvature/Twist
 ========================================================

  Xt2 =   -1.0254318134E-07
  Xt3 =   -1.5066611524E-07

 Timoshenko Stiffness Matrix (1-extension; 2,3-shear, 4-twist; 5,6-bending)
 ========================================================

     4.5774027234E+09    3.0701014462E+00    2.0422144701E-01   -5.9784868523E+05   -6.8963718010E+02    4.6938118463E+02
     3.0701014462E+00    3.0197494043E+08    1.4671353960E+01    8.0663388559E+01    1.3993051794E+06    7.1215213474E-02
     2.0422144701E-01    1.4671353960E+01    1.4357127122E+08    1.1098586521E+01   -6.9717570617E-03    1.1752542960E+05
    -5.9784868523E+05    8.0663388559E+01    1.1098586521E+01    3.2443335951E+08   -3.9207575651E+00    1.7574174589E-01
    -6.8963718010E+02    1.3993051794E+06   -6.9717570617E-03   -3.9207575651E+00    4.8912811508E+09   -5.2642000328E+02
     4.6938118463E+02    7.1215213474E-02    1.1752542960E+05    1.7574174589E-01   -5.2642000328E+02    1.2224263355E+09

 Timoshenko Flexibility Matrix (1-extension; 2,3-shear, 4-twist; 5,6-bending)
 ========================================================

     2.1846455318E-10   -2.4713448958E-18   -2.7320583334E-19    4.0257495741E-13    3.0803028116E-17   -8.3884950950E-17
    -2.4713448958E-18    3.3115374549E-09   -3.3840104925E-16   -8.2335867371E-16   -9.4736969101E-13   -5.6835667642E-19
    -2.7320583334E-19   -3.3840104925E-16    6.9651823113E-09   -2.3827295993E-16    3.4668357388E-20   -6.6964038613E-13
     4.0257495741E-13   -8.2335867371E-16   -2.3827295993E-16    3.0822978321E-09    2.7630190408E-18   -5.7479526352E-19
     3.0803028116E-17   -9.4736969101E-13    3.4668357388E-20    2.7630190408E-18    2.0444568505E-10    8.8041580912E-17
    -8.3884950950E-17   -5.6835667642E-19   -6.6964038613E-13   -5.7479526352E-19    8.8041580912E-17    8.1804526754E-10

 The Generalized Shear Center of the Cross Section in the User Coordinate System
 ========================================================

  Xs2 =    7.7303678267E-08
  Xs3 =   -2.6712495630E-07
