
 The 6X6 Mass Matrix
 ========================================================

     7.4561696000E+02    0.0000000000E+00    0.0000000000E+00    0.0000000000E+00   -7.1158356985E-15   -8.6540583727E-13
     0.0000000000E+00    7.4561696000E+02    0.0000000000E+00    7.1158356985E-15    0.0000000000E+00    0.0000000000E+00
     0.0000000000E+00    0.0000000000E+00    7.4561696000E+02    8.6540583727E-13    0.0000000000E+00    0.0000000000E+00
     0.0000000000E+00    7.1158356985E-15    8.6540583727E-13    4.2148655693E+03    0.0000000000E+00    0.0000000000E+00
    -7.1158356985E-15    0.0000000000E+00    0.0000000000E+00    0.0000000000E+00    3.9330425907E+03   -2.0899948439E-14
    -8.6540583727E-13    0.0000000000E+00    0.0000000000E+00    0.0000000000E+00   -2.0899948439E-14    2.8182297862E+02

 The Mass Center of the Cross Section
 ========================================================

  Xm2 =    1.1606573934E-15
  Xm3 =   -9.5435539697E-18

 The 6X6 Mass Matrix at the Mass Center
 ========================================================

   7.456169600001E+02  0.000000000000E+00  0.000000000000E+00  0.000000000000E+00  0.000000000000E+00  0.000000000000E+00
   0.000000000000E+00  7.456169600001E+02  0.000000000000E+00  0.000000000000E+00  0.000000000000E+00  0.000000000000E+00
   0.000000000000E+00  0.000000000000E+00  7.456169600001E+02  0.000000000000E+00  0.000000000000E+00  0.000000000000E+00
   0.000000000000E+00  0.000000000000E+00  0.000000000000E+00  4.214865569329E+03  0.000000000000E+00  0.000000000000E+00
   0.000000000000E+00  0.000000000000E+00  0.000000000000E+00  0.000000000000E+00  3.933042590705E+03 -2.089994843857E-14
   0.000000000000E+00  0.000000000000E+00  0.000000000000E+00  0.000000000000E+00 -2.089994843857E-14  2.818229786238E+02

 The Mass Properties with respect to Principal Inertial Axes
 ========================================================

 Mass Per Unit Span                     =    7.4561696000E+02
 Mass Moments of Intertia about x1 axis =    4.2148655693E+03
 Mass Moments of Intertia about x2 axis =    3.9330425907E+03
 Mass Moments of Intertia about x3 axis =    2.8182297862E+02
 The user coordinate axes are the principal inertial axes.
 The mass-weighted radius of gyration   =    2.3775736273E+00

 The Geometric Center of the Cross Section
 ========================================================

  Xg2 =    2.3651983702E-15
  Xg3 =   -2.8492382474E-17

 Classical Stiffness Matrix (1-extension; 2-twist; 3,4-bending)
 ========================================================

     8.0732440265E+09    3.1201025363E+06    1.7488199109E+03    4.0145628908E+00
     3.1201025363E+06    9.2639653463E+08    4.5787476182E+01    3.5061130732E-01
     1.7488199109E+03    4.5787476182E+01    4.8336091861E+10    1.7122453754E+00
     4.0145628908E+00    3.5061130732E-01    1.7122453754E+00    2.5304743038E+09

 Classical Flexibility Matrix (1-extension; 2-twist; 3,4-bending)
 ========================================================

     1.2386610616E-10   -4.1718091286E-13   -4.4811320637E-18   -1.9645407837E-19
    -4.1718091286E-13    1.0794527659E-09   -1.0074427130E-18   -1.4890233983E-19
    -4.4811320637E-18   -1.0074427130E-18    2.0688474419E-11   -1.3998848458E-20
    -1.9645407837E-19   -1.4890233983E-19   -1.3998848458E-20    3.9518283133E-10

 The Neutral Axes (or Tension Center) of the Cross Section
 ========================================================

  Xt2 =   -4.9712200487E-10
  Xt3 =    2.1660041107E-07

 Classical Stiffness Matrix (correct up to the 2nd order) (1-extension; 2-twist; 3,4-bending)
 ========================================================

     8.0732440265E+09    3.1201025363E+06    1.7488199109E+03    4.0145628908E+00
     3.1201025363E+06    9.2639653463E+08    4.5787476182E+01    3.5061130732E-01
     1.7488199109E+03    4.5787476182E+01    4.8336091861E+10    1.7122453754E+00
     4.0145628908E+00    3.5061130732E-01    1.7122453754E+00    2.5304743038E+09

 Classical Flexibility Matrix (correct up to the 2nd order) (1-extension; 2-twist; 3,4-bending)
 ========================================================

     1.2386610616E-10   -4.1718091286E-13   -4.4811320637E-18   -1.9645407837E-19
    -4.1718091286E-13    1.0794527659E-09   -1.0074427130E-18   -1.4890233983E-19
    -4.4811320637E-18   -1.0074427130E-18    2.0688474419E-11   -1.3998848458E-20
    -1.9645407837E-19   -1.4890233983E-19   -1.3998848458E-20    3.9518283133E-10

 The Neutral Axes (or Tension Center) of the Cross Section, Corrected by Initial Curvature/Twist
 ========================================================

  Xt2 =   -4.9712200487E-10
  Xt3 =    2.1660041107E-07

 Timoshenko Stiffness Matrix (1-extension; 2,3-shear, 4-twist; 5,6-bending)
 ========================================================

     8.0732440265E+09   -3.2527163956E+01    2.0318536497E+00    3.1201025363E+06    1.7486779917E+03    4.0153859931E+00
    -3.2527163956E+01    3.7394032967E+08    1.1032371743E+00   -1.4925247346E+02    1.6315381815E+06   -8.5685732925E-02
     2.0318536497E+00    1.1032371743E+00    3.6938738230E+08   -1.6629848872E-02    9.8374859724E-01    1.4963717730E+05
     3.1201025363E+06   -1.4925247346E+02   -1.6629848872E-02    9.2639653463E+08    4.5136273063E+01    3.5060460502E-01
     1.7486779917E+03    1.6315381815E+06    9.8374859724E-01    4.5136273063E+01    4.8336098979E+10    1.7122680824E+00
     4.0153859931E+00   -8.5685732925E-02    1.4963717730E+05    3.5060460502E-01    1.7122680824E+00    2.5304743645E+09

 Timoshenko Flexibility Matrix (1-extension; 2,3-shear, 4-twist; 5,6-bending)
 ========================================================

     1.2386610616E-10    1.0627521784E-17   -6.8127759656E-19   -4.1718091286E-13   -4.4811320637E-18   -1.9645407837E-19
     1.0627521784E-17    2.6742238479E-09   -7.9868131623E-18    4.3081490944E-16   -9.0265834559E-14    9.1086605504E-20
    -6.8127759656E-19   -7.9868131623E-18    2.7071851175E-09    5.0950830618E-20   -5.4822038324E-20   -1.6008679839E-13
    -4.1718091286E-13    4.3081490944E-16    5.0950830618E-20    1.0794527659E-09   -1.0074427130E-18   -1.4890233983E-19
    -4.4811320637E-18   -9.0265834559E-14   -5.4822038324E-20   -1.0074427130E-18    2.0688474419E-11   -1.3998848458E-20
    -1.9645407837E-19    9.1086605504E-20   -1.6008679839E-13   -1.4890233983E-19   -1.3998848458E-20    3.9518283133E-10

 The Generalized Shear Center of the Cross Section in the User Coordinate System
 ========================================================

  Xs2 =   -4.7200611482E-11
  Xs3 =    3.9910491968E-07
