
 The 6X6 Mass Matrix
 ========================================================

     3.6716896000E+02    0.0000000000E+00    0.0000000000E+00    0.0000000000E+00    6.4670491184E-15   -1.4932499681E-13
     0.0000000000E+00    3.6716896000E+02    0.0000000000E+00   -6.4670491184E-15    0.0000000000E+00    0.0000000000E+00
     0.0000000000E+00    0.0000000000E+00    3.6716896000E+02    1.4932499681E-13    0.0000000000E+00    0.0000000000E+00
     0.0000000000E+00   -6.4670491184E-15    1.4932499681E-13    1.4032109215E+02    0.0000000000E+00    0.0000000000E+00
     6.4670491184E-15    0.0000000000E+00    0.0000000000E+00    0.0000000000E+00    5.1743756989E+01   -5.4123372450E-16
    -1.4932499681E-13    0.0000000000E+00    0.0000000000E+00    0.0000000000E+00   -5.4123372450E-16    8.8577335162E+01

 The Mass Center of the Cross Section
 ========================================================

  Xm2 =    4.0669286645E-16
  Xm3 =    1.7613278417E-17

 The Mass Properties with respect to Principal Inertial Axes
 ========================================================

 Mass Per Unit Span                     =    3.6716896000E+02
 Mass Moments of Intertia about x1 axis =    1.4032109215E+02
 Mass Moments of Intertia about x2 axis =    5.1743756989E+01
 Mass Moments of Intertia about x3 axis =    8.8577335162E+01
 The user coordinate axes are the principal inertial axes.
 The mass-weighted radius of gyration   =    6.1819928501E-01

 The Geometric Center of the Cross Section
 ========================================================

  Xg2 =   -1.4640408339E-15
  Xg3 =    1.5647963309E-18

 Classical Stiffness Matrix (1-extension; 2-twist; 3,4-bending)
 ========================================================

     7.3117672686E+09    2.7730038277E+03    1.3588340043E-01   -1.7889512235E-01
     2.7730038277E+03    8.7110317753E+07    2.0315895955E-04   -2.0506440867E-04
     1.3588340043E-01    2.0315895955E-04    1.0868069762E+09   -8.9408662813E-02
    -1.7889512235E-01   -2.0506440867E-04   -8.9408662813E-02    1.4991041496E+09

 Classical Flexibility Matrix (1-extension; 2-twist; 3,4-bending)
 ========================================================

     1.3676584105E-10   -4.3537001185E-15   -1.7099822751E-20    1.6320908043E-20
    -4.3537001185E-15    1.1479696387E-08   -2.1453778171E-21    1.5698030695E-21
    -1.7099822751E-20   -2.1453778171E-21    9.2012659273E-10    5.4877633615E-20
     1.6320908043E-20    1.5698030695E-21    5.4877633615E-20    6.6706506035E-10

 The Neutral Axes (or Tension Center) of the Cross Section
 ========================================================

  Xt2 =    2.4466740974E-11
  Xt3 =    1.8584206659E-11

 Classical Stiffness Matrix (correct up to the 2nd order) (1-extension; 2-twist; 3,4-bending)
 ========================================================

     7.3117672686E+09    2.7730038277E+03    1.3588340043E-01   -1.7889512235E-01
     2.7730038277E+03    8.7110317753E+07    2.0315895955E-04   -2.0506440867E-04
     1.3588340043E-01    2.0315895955E-04    1.0868069762E+09   -8.9408662813E-02
    -1.7889512235E-01   -2.0506440867E-04   -8.9408662813E-02    1.4991041496E+09

 Classical Flexibility Matrix (correct up to the 2nd order) (1-extension; 2-twist; 3,4-bending)
 ========================================================

     1.3676584105E-10   -4.3537001185E-15   -1.7099822751E-20    1.6320908043E-20
    -4.3537001185E-15    1.1479696387E-08   -2.1453778171E-21    1.5698030695E-21
    -1.7099822751E-20   -2.1453778171E-21    9.2012659273E-10    5.4877633615E-20
     1.6320908043E-20    1.5698030695E-21    5.4877633615E-20    6.6706506035E-10

 The Neutral Axes (or Tension Center) of the Cross Section, Corrected by Initial Curvature/Twist
 ========================================================

  Xt2 =    2.4466740974E-11
  Xt3 =    1.8584206659E-11

 Timoshenko Stiffness Matrix (1-extension; 2,3-shear, 4-twist; 5,6-bending)
 ========================================================

     7.3117672686E+09    4.3698687667E-04   -5.0751730020E-05    2.7730038277E+03    1.3588340033E-01   -1.7889512048E-01
     4.3698687667E-04    3.8350329621E+08    4.2727128100E-03   -3.4595313663E-03   -9.1303947694E+01    5.1266763241E-04
    -5.0751730020E-05    4.2727128100E-03    4.3856017158E+07   -2.8502441423E-05   -2.2161642291E-04   -1.6149076490E+03
     2.7730038277E+03   -3.4595313663E-03   -2.8502441423E-05    8.7110317753E+07    2.0315978319E-04   -2.0506335913E-04
     1.3588340033E-01   -9.1303947694E+01   -2.2161642291E-04    2.0315978319E-04    1.0868069762E+09   -8.9408654774E-02
    -1.7889512048E-01    5.1266763241E-04   -1.6149076490E+03   -2.0506335913E-04   -8.9408654774E-02    1.4991041496E+09

 Timoshenko Flexibility Matrix (1-extension; 2,3-shear, 4-twist; 5,6-bending)
 ========================================================

     1.3676584105E-10   -1.5588262567E-22    1.5886840979E-22   -4.3537001185E-15   -1.7099822751E-20    1.6320908043E-20
    -1.5588262567E-22    2.6075395176E-09   -2.5404196764E-19    1.0355679293E-19    2.1906249862E-16   -8.9199391482E-22
     1.5886840979E-22   -2.5404196764E-19    2.2801888198E-08    7.4608162967E-21    4.6516501872E-21    2.4563299135E-14
    -4.3537001185E-15    1.0355679293E-19    7.4608162967E-21    1.1479696387E-08   -2.1453778171E-21    1.5698030695E-21
    -1.7099822751E-20    2.1906249862E-16    4.6516501872E-21   -2.1453778171E-21    9.2012659273E-10    5.4877633615E-20
     1.6320908043E-20   -8.9199391482E-22    2.4563299135E-14    1.5698030695E-21    5.4877633615E-20    6.6706506035E-10

 The Generalized Shear Center of the Cross Section in the User Coordinate System
 ========================================================

  Xs2 =   -6.4991407829E-13
  Xs3 =    9.0208651377E-12
