
 The 6X6 Mass Matrix
 ========================================================

     6.9607240000E+02    0.0000000000E+00    0.0000000000E+00    0.0000000000E+00    1.8977874827E-14    1.1296079523E-11
     0.0000000000E+00    6.9607240000E+02    0.0000000000E+00   -1.8977874827E-14    0.0000000000E+00    0.0000000000E+00
     0.0000000000E+00    0.0000000000E+00    6.9607240000E+02   -1.1296079523E-11    0.0000000000E+00    0.0000000000E+00
     0.0000000000E+00   -1.8977874827E-14   -1.1296079523E-11    3.8431742996E+03    0.0000000000E+00    0.0000000000E+00
     1.8977874827E-14    0.0000000000E+00    0.0000000000E+00    0.0000000000E+00    3.5729146641E+03    2.8312421851E-14
     1.1296079523E-11    0.0000000000E+00    0.0000000000E+00    0.0000000000E+00    2.8312421851E-14    2.7025963547E+02

 The Mass Center of the Cross Section
 ========================================================

  Xm2 =   -1.6228311197E-14
  Xm3 =    2.7264225427E-17

 The 6X6 Mass Matrix at the Mass Center
 ========================================================

   6.960724000001E+02  0.000000000000E+00  0.000000000000E+00  0.000000000000E+00  0.000000000000E+00  0.000000000000E+00
   0.000000000000E+00  6.960724000001E+02  0.000000000000E+00  0.000000000000E+00  0.000000000000E+00  0.000000000000E+00
   0.000000000000E+00  0.000000000000E+00  6.960724000001E+02  0.000000000000E+00  0.000000000000E+00  0.000000000000E+00
   0.000000000000E+00  0.000000000000E+00  0.000000000000E+00  3.843174299597E+03  0.000000000000E+00  0.000000000000E+00
   0.000000000000E+00  0.000000000000E+00  0.000000000000E+00  0.000000000000E+00  3.572914664131E+03  2.831242185142E-14
   0.000000000000E+00  0.000000000000E+00  0.000000000000E+00  0.000000000000E+00  2.831242185142E-14  2.702596354661E+02

 The Mass Properties with respect to Principal Inertial Axes
 ========================================================

 Mass Per Unit Span                     =    6.9607240000E+02
 Mass Moments of Intertia about x1 axis =    3.8431742996E+03
 Mass Moments of Intertia about x2 axis =    3.5729146641E+03
 Mass Moments of Intertia about x3 axis =    2.7025963547E+02
 The user coordinate axes are the principal inertial axes.
 The mass-weighted radius of gyration   =    2.3497293078E+00

 The Geometric Center of the Cross Section
 ========================================================

  Xg2 =    1.5719905454E-14
  Xg3 =   -8.9874811789E-18

 Classical Stiffness Matrix (1-extension; 2-twist; 3,4-bending)
 ========================================================

     7.4853705804E+09    2.2506406615E+06   -3.5197483664E+02   -5.3537757131E+01
     2.2506406615E+06    9.2057489151E+08   -4.1628736654E+01   -6.3585470627E+00
    -3.5197483664E+02   -4.1628736654E+01    4.4047519359E+10   -1.1352248144E+02
    -5.3537757131E+01   -6.3585470627E+00   -1.1352248144E+02    2.3934348932E+09

 Classical Flexibility Matrix (1-extension; 2-twist; 3,4-bending)
 ========================================================

     1.3359401840E-10   -3.2661343767E-13    1.0672141660E-18    2.9874418001E-18
    -3.2661343767E-13    1.0862785248E-09    1.0240177861E-18    2.8785688334E-18
     1.0672141660E-18    1.0240177861E-18    2.2702754084E-11    1.0768093380E-18
     2.9874418001E-18    2.8785688334E-18    1.0768093380E-18    4.1780956852E-10

 The Neutral Axes (or Tension Center) of the Cross Section
 ========================================================

  Xt2 =    7.1502473246E-09
  Xt3 =   -4.7008136299E-08

 Classical Stiffness Matrix (correct up to the 2nd order) (1-extension; 2-twist; 3,4-bending)
 ========================================================

     7.4853705804E+09    2.2506406615E+06   -3.5197483664E+02   -5.3537757131E+01
     2.2506406615E+06    9.2057489151E+08   -4.1628736654E+01   -6.3585470627E+00
    -3.5197483664E+02   -4.1628736654E+01    4.4047519359E+10   -1.1352248144E+02
    -5.3537757131E+01   -6.3585470627E+00   -1.1352248144E+02    2.3934348932E+09

 Classical Flexibility Matrix (correct up to the 2nd order) (1-extension; 2-twist; 3,4-bending)
 ========================================================

     1.3359401840E-10   -3.2661343767E-13    1.0672141660E-18    2.9874418001E-18
    -3.2661343767E-13    1.0862785248E-09    1.0240177861E-18    2.8785688334E-18
     1.0672141660E-18    1.0240177861E-18    2.2702754084E-11    1.0768093380E-18
     2.9874418001E-18    2.8785688334E-18    1.0768093380E-18    4.1780956852E-10

 The Neutral Axes (or Tension Center) of the Cross Section, Corrected by Initial Curvature/Twist
 ========================================================

  Xt2 =    7.1502473246E-09
  Xt3 =   -4.7008136299E-08

 Timoshenko Stiffness Matrix (1-extension; 2,3-shear, 4-twist; 5,6-bending)
 ========================================================

     7.4853705804E+09    2.6365962152E+01   -2.3009019702E+00    2.2506406615E+06   -3.5184272801E+02   -5.3538627192E+01
     2.6365962152E+01    3.3436780053E+08    7.9403642838E-01    1.2316393566E+01    1.6753745797E+06    8.5883902750E+00
    -2.3009019702E+00    7.9403642838E-01    3.6793000636E+08   -2.1171543541E+01   -4.7204547049E+00    1.3923706810E+05
     2.2506406615E+06    1.2316393566E+01   -2.1171543541E+01    9.2057489151E+08   -4.1567024181E+01   -6.3665587693E+00
    -3.5184272801E+02    1.6753745797E+06   -4.7204547049E+00   -4.1567024181E+01    4.4047527753E+10   -1.1348123656E+02
    -5.3538627192E+01    8.5883902750E+00    1.3923706810E+05   -6.3665587693E+00   -1.1348123656E+02    2.3934349459E+09

 Timoshenko Flexibility Matrix (1-extension; 2,3-shear, 4-twist; 5,6-bending)
 ========================================================

     1.3359401840E-10   -1.0527628969E-17    8.1552435274E-19   -3.2661343767E-13    1.0672141660E-18    2.9874418001E-18
    -1.0527628969E-17    2.9907191692E-09   -6.4517240434E-18   -3.9992301957E-17   -1.1375382743E-13   -1.0736650644E-17
     8.1552435274E-19   -6.4517240434E-18    2.7179083106E-09    6.2503846968E-17    2.9110900856E-19   -1.5811316918E-13
    -3.2661343767E-13   -3.9992301957E-17    6.2503846968E-17    1.0862785248E-09    1.0240177861E-18    2.8785688334E-18
     1.0672141660E-18   -1.1375382743E-13    2.9110900856E-19    1.0240177861E-18    2.2702754084E-11    1.0768093380E-18
     2.9874418001E-18   -1.0736650644E-17   -1.5811316918E-13    2.8785688334E-18    1.0768093380E-18    4.1780956852E-10

 The Generalized Shear Center of the Cross Section in the User Coordinate System
 ========================================================

  Xs2 =   -5.7539429845E-08
  Xs3 =   -3.6815881973E-08
