
 The 6X6 Mass Matrix
 ========================================================

     7.2857792000E+02    0.0000000000E+00    0.0000000000E+00    0.0000000000E+00   -6.9666494795E-14    1.6172618800E-12
     0.0000000000E+00    7.2857792000E+02    0.0000000000E+00    6.9666494795E-14    0.0000000000E+00    0.0000000000E+00
     0.0000000000E+00    0.0000000000E+00    7.2857792000E+02   -1.6172618800E-12    0.0000000000E+00    0.0000000000E+00
     0.0000000000E+00    6.9666494795E-14   -1.6172618800E-12    5.8700130032E+02    0.0000000000E+00    0.0000000000E+00
    -6.9666494795E-14    0.0000000000E+00    0.0000000000E+00    0.0000000000E+00    4.1092662999E+02    1.3322676296E-15
     1.6172618800E-12    0.0000000000E+00    0.0000000000E+00    0.0000000000E+00    1.3322676296E-15    1.7607467032E+02

 The Mass Center of the Cross Section
 ========================================================

  Xm2 =   -2.2197514303E-15
  Xm3 =   -9.5619827177E-17

 The 6X6 Mass Matrix at the Mass Center
 ========================================================

   7.285779200000E+02  0.000000000000E+00  0.000000000000E+00  0.000000000000E+00  0.000000000000E+00  0.000000000000E+00
   0.000000000000E+00  7.285779200000E+02  0.000000000000E+00  0.000000000000E+00  0.000000000000E+00  0.000000000000E+00
   0.000000000000E+00  0.000000000000E+00  7.285779200000E+02  0.000000000000E+00  0.000000000000E+00  0.000000000000E+00
   0.000000000000E+00  0.000000000000E+00  0.000000000000E+00  5.870013003170E+02  0.000000000000E+00  0.000000000000E+00
   0.000000000000E+00  0.000000000000E+00  0.000000000000E+00  0.000000000000E+00  4.109266299921E+02  1.332267629550E-15
   0.000000000000E+00  0.000000000000E+00  0.000000000000E+00  0.000000000000E+00  1.332267629550E-15  1.760746703249E+02

 The Mass Properties with respect to Principal Inertial Axes
 ========================================================

 Mass Per Unit Span                     =    7.2857792000E+02
 Mass Moments of Intertia about x1 axis =    5.8700130032E+02
 Mass Moments of Intertia about x2 axis =    4.1092662999E+02
 Mass Moments of Intertia about x3 axis =    1.7607467032E+02
 The user coordinate axes are the principal inertial axes.
 The mass-weighted radius of gyration   =    8.9759728208E-01

 The Geometric Center of the Cross Section
 ========================================================

  Xg2 =    8.0928536886E-16
  Xg3 =   -5.2036407170E-16

 Classical Stiffness Matrix (1-extension; 2-twist; 3,4-bending)
 ========================================================

     1.4498449385E+10    8.1609867187E+03   -9.5040068564E+00    7.7941408327E-01
     8.1609867187E+03    2.4621633061E+08    3.5839387388E-01   -1.7793286210E-03
    -9.5040068564E+00    3.5839387388E-01    8.6288239143E+09   -1.6688827260E+00
     7.7941408327E-01   -1.7793286210E-03   -1.6688827260E+00    2.9748844600E+09

 Classical Flexibility Matrix (1-extension; 2-twist; 3,4-bending)
 ========================================================

     6.8972893131E-11   -2.2861475654E-15    7.5968599550E-20   -1.8070768440E-20
    -2.2861475654E-15    4.0614690242E-09   -1.6869359709E-19    2.4298320655E-21
     7.5968599550E-20   -1.6869359709E-19    1.1589064859E-10    6.5013584252E-20
    -1.8070768440E-20    2.4298320655E-21    6.5013584252E-20    3.3614750874E-10

 The Neutral Axes (or Tension Center) of the Cross Section
 ========================================================

  Xt2 =   -5.3758448338E-11
  Xt3 =   -6.5551966856E-10

 Classical Stiffness Matrix (correct up to the 2nd order) (1-extension; 2-twist; 3,4-bending)
 ========================================================

     1.4498449385E+10    8.1609867187E+03   -9.5040068564E+00    7.7941408327E-01
     8.1609867187E+03    2.4621633061E+08    3.5839387388E-01   -1.7793286210E-03
    -9.5040068564E+00    3.5839387388E-01    8.6288239143E+09   -1.6688827260E+00
     7.7941408327E-01   -1.7793286210E-03   -1.6688827260E+00    2.9748844600E+09

 Classical Flexibility Matrix (correct up to the 2nd order) (1-extension; 2-twist; 3,4-bending)
 ========================================================

     6.8972893131E-11   -2.2861475654E-15    7.5968599550E-20   -1.8070768440E-20
    -2.2861475654E-15    4.0614690242E-09   -1.6869359709E-19    2.4298320655E-21
     7.5968599550E-20   -1.6869359709E-19    1.1589064859E-10    6.5013584252E-20
    -1.8070768440E-20    2.4298320655E-21    6.5013584252E-20    3.3614750874E-10

 The Neutral Axes (or Tension Center) of the Cross Section, Corrected by Initial Curvature/Twist
 ========================================================

  Xt2 =   -5.3758448338E-11
  Xt3 =   -6.5551966856E-10

 Timoshenko Stiffness Matrix (1-extension; 2,3-shear, 4-twist; 5,6-bending)
 ========================================================

     1.4498449385E+10   -1.8445430638E-01    9.2486975595E-04    8.1609867187E+03   -9.5040066256E+00    7.7941404531E-01
    -1.8445430638E-01    7.4532622981E+08    1.1549728105E-01    1.0183004663E+00   -9.3227600075E+02   -3.4172447582E-04
     9.2486975595E-04    1.1549728105E-01    1.0498783066E+08    4.9824068855E-03   -7.8546123682E-04   -4.3095615970E+03
     8.1609867187E+03    1.0183004663E+00    4.9824068855E-03    2.4621633061E+08    3.5839260016E-01   -1.7795331403E-03
    -9.5040066256E+00   -9.3227600075E+02   -7.8546123682E-04    3.5839260016E-01    8.6288239143E+09   -1.6688826934E+00
     7.7941404531E-01   -3.4172447582E-04   -4.3095615970E+03   -1.7795331403E-03   -1.6688826934E+00    2.9748844602E+09

 Timoshenko Flexibility Matrix (1-extension; 2,3-shear, 4-twist; 5,6-bending)
 ========================================================

     6.8972893131E-11    1.7072719920E-20   -6.0823650628E-22   -2.2861475654E-15    7.5968599550E-20   -1.8070768440E-20
     1.7072719920E-20    1.3416943615E-09   -1.4760001134E-18   -5.5489746834E-18    1.4495943665E-16    1.5206331276E-22
    -6.0823650628E-22   -1.4760001134E-18    9.5249134475E-09   -1.9274498652E-19    8.6953935518E-22    1.3798250573E-14
    -2.2861475654E-15   -5.5489746834E-18   -1.9274498652E-19    4.0614690242E-09   -1.6869359709E-19    2.4298320655E-21
     7.5968599550E-20    1.4495943665E-16    8.6953935518E-22   -1.6869359709E-19    1.1589064859E-10    6.5013584252E-20
    -1.8070768440E-20    1.5206331276E-22    1.3798250573E-14    2.4298320655E-21    6.5013584252E-20    3.3614750874E-10

 The Generalized Shear Center of the Cross Section in the User Coordinate System
 ========================================================

  Xs2 =    4.7456963323E-11
  Xs3 =   -1.3662481852E-09
