
 The 6X6 Mass Matrix
 ========================================================

     6.9607240000E+02    0.0000000000E+00    0.0000000000E+00    0.0000000000E+00   -1.2663481375E-14    9.0894392707E-13
     0.0000000000E+00    6.9607240000E+02    0.0000000000E+00    1.2663481375E-14    0.0000000000E+00    0.0000000000E+00
     0.0000000000E+00    0.0000000000E+00    6.9607240000E+02   -9.0894392707E-13    0.0000000000E+00    0.0000000000E+00
     0.0000000000E+00    1.2663481375E-14   -9.0894392707E-13    3.8431742996E+03    0.0000000000E+00    0.0000000000E+00
    -1.2663481375E-14    0.0000000000E+00    0.0000000000E+00    0.0000000000E+00    3.5729146641E+03    4.1095599146E-15
     9.0894392707E-13    0.0000000000E+00    0.0000000000E+00    0.0000000000E+00    4.1095599146E-15    2.7025963547E+02

 The Mass Center of the Cross Section
 ========================================================

  Xm2 =   -1.3058180831E-15
  Xm3 =   -1.8192764682E-17

 The 6X6 Mass Matrix at the Mass Center
 ========================================================

   6.960724000001E+02  0.000000000000E+00  0.000000000000E+00  0.000000000000E+00  0.000000000000E+00  0.000000000000E+00
   0.000000000000E+00  6.960724000001E+02  0.000000000000E+00  0.000000000000E+00  0.000000000000E+00  0.000000000000E+00
   0.000000000000E+00  0.000000000000E+00  6.960724000001E+02  0.000000000000E+00  0.000000000000E+00  0.000000000000E+00
   0.000000000000E+00  0.000000000000E+00  0.000000000000E+00  3.843174299597E+03  0.000000000000E+00  0.000000000000E+00
   0.000000000000E+00  0.000000000000E+00  0.000000000000E+00  0.000000000000E+00  3.572914664131E+03  4.109559914589E-15
   0.000000000000E+00  0.000000000000E+00  0.000000000000E+00  0.000000000000E+00  4.109559914589E-15  2.702596354661E+02

 The Mass Properties with respect to Principal Inertial Axes
 ========================================================

 Mass Per Unit Span                     =    6.9607240000E+02
 Mass Moments of Intertia about x1 axis =    3.8431742996E+03
 Mass Moments of Intertia about x2 axis =    3.5729146641E+03
 Mass Moments of Intertia about x3 axis =    2.7025963547E+02
 The user coordinate axes are the principal inertial axes.
 The mass-weighted radius of gyration   =    2.3497293078E+00

 The Geometric Center of the Cross Section
 ========================================================

  Xg2 =    8.8695203008E-15
  Xg3 =   -3.9078805127E-16

 Classical Stiffness Matrix (1-extension; 2-twist; 3,4-bending)
 ========================================================

     7.4854157997E+09    2.2505151878E+06   -7.4778230382E+03   -9.5026508639E+02
     2.2505151878E+06    9.2058455047E+08   -5.5147678126E+02   -9.3965847698E+01
    -7.4778230382E+03   -5.5147678126E+02    4.4047545271E+10   -1.3642927002E+03
    -9.5026508639E+02   -9.3965847698E+01   -1.3642927002E+03    2.3934641168E+09

 Classical Flexibility Matrix (1-extension; 2-twist; 3,4-bending)
 ========================================================

     1.3359321135E-10   -3.2658982923E-13    2.2675641811E-17    5.3027035702E-17
    -3.2658982923E-13    1.0862671272E-09    1.3544658897E-17    4.2516485744E-17
     2.2675641811E-17    1.3544658897E-17    2.2702740728E-11    1.2940743942E-17
     5.3027035702E-17    4.2516485744E-17    1.2940743942E-17    4.1780446716E-10

 The Neutral Axes (or Tension Center) of the Cross Section
 ========================================================

  Xt2 =    1.2691827624E-07
  Xt3 =   -9.9880628690E-07

 Classical Stiffness Matrix (correct up to the 2nd order) (1-extension; 2-twist; 3,4-bending)
 ========================================================

     7.4854157997E+09    2.2505151878E+06   -7.4778230382E+03   -9.5026508639E+02
     2.2505151878E+06    9.2058455047E+08   -5.5147678126E+02   -9.3965847698E+01
    -7.4778230382E+03   -5.5147678126E+02    4.4047545271E+10   -1.3642927002E+03
    -9.5026508639E+02   -9.3965847698E+01   -1.3642927002E+03    2.3934641168E+09

 Classical Flexibility Matrix (correct up to the 2nd order) (1-extension; 2-twist; 3,4-bending)
 ========================================================

     1.3359321135E-10   -3.2658982923E-13    2.2675641811E-17    5.3027035702E-17
    -3.2658982923E-13    1.0862671272E-09    1.3544658897E-17    4.2516485744E-17
     2.2675641811E-17    1.3544658897E-17    2.2702740728E-11    1.2940743942E-17
     5.3027035702E-17    4.2516485744E-17    1.2940743942E-17    4.1780446716E-10

 The Neutral Axes (or Tension Center) of the Cross Section, Corrected by Initial Curvature/Twist
 ========================================================

  Xt2 =    1.2691827624E-07
  Xt3 =   -9.9880628690E-07

 Timoshenko Stiffness Matrix (1-extension; 2,3-shear, 4-twist; 5,6-bending)
 ========================================================

     7.4854157997E+09    4.2563728724E+02   -4.7885613364E+01    2.2505151883E+06   -7.4756879444E+03   -9.5028303184E+02
     4.2563728724E+02    3.3438276161E+08    1.6371998377E+01    3.8786417960E+02    1.6773309672E+06    1.1248746405E+02
    -4.7885613364E+01    1.6371998377E+01    3.6793348255E+08   -4.8142839224E+01   -9.0819191386E+01    1.3898565311E+05
     2.2505151883E+06    3.8786417960E+02   -4.8142839224E+01    9.2058455047E+08   -5.4953116489E+02   -9.3983903024E+01
    -7.4756879444E+03    1.6773309672E+06   -9.0819191386E+01   -5.4953116489E+02    4.4047553685E+10   -1.3637627782E+03
    -9.5028303184E+02    1.1248746405E+02    1.3898565311E+05   -9.3983903024E+01   -1.3637627782E+03    2.3934641693E+09

 Timoshenko Flexibility Matrix (1-extension; 2,3-shear, 4-twist; 5,6-bending)
 ========================================================

     1.3359321135E-10   -1.6978632544E-16    1.7324068206E-17   -3.2658982923E-13    2.2675641811E-17    5.3027035702E-17
    -1.6978632544E-16    2.9905853586E-09   -1.3304776501E-16   -1.2596577146E-15   -1.1388149885E-13   -1.4060810380E-16
     1.7324068206E-17   -1.3304776501E-16    2.7178826319E-09    1.4207583668E-16    5.6040351879E-18   -1.5782425217E-13
    -3.2658982923E-13   -1.2596577146E-15    1.4207583668E-16    1.0862671272E-09    1.3544658897E-17    4.2516485744E-17
     2.2675641811E-17   -1.1388149885E-13    5.6040351879E-18    1.3544658897E-17    2.2702740728E-11    1.2940743942E-17
     5.3027035702E-17   -1.4060810380E-16   -1.5782425217E-13    4.2516485744E-17    1.2940743942E-17    4.1780446716E-10

 The Generalized Shear Center of the Cross Section in the User Coordinate System
 ========================================================

  Xs2 =   -1.3079272411E-07
  Xs3 =   -1.1596205786E-06
