
 The 6X6 Mass Matrix
 ========================================================

     6.2993624000E+02    0.0000000000E+00    0.0000000000E+00    0.0000000000E+00    6.9406286274E-15   -6.4834040914E-12
     0.0000000000E+00    6.2993624000E+02    0.0000000000E+00   -6.9406286274E-15    0.0000000000E+00    0.0000000000E+00
     0.0000000000E+00    0.0000000000E+00    6.2993624000E+02    6.4834040914E-12    0.0000000000E+00    0.0000000000E+00
     0.0000000000E+00   -6.9406286274E-15    6.4834040914E-12    3.1003718694E+03    0.0000000000E+00    0.0000000000E+00
     6.9406286274E-15    0.0000000000E+00    0.0000000000E+00    0.0000000000E+00    2.8527744537E+03   -7.5460471205E-16
    -6.4834040914E-12    0.0000000000E+00    0.0000000000E+00    0.0000000000E+00   -7.5460471205E-16    2.4759741573E+02

 The Mass Center of the Cross Section
 ========================================================

  Xm2 =    1.0292159237E-14
  Xm3 =    1.1017985927E-17

 The 6X6 Mass Matrix at the Mass Center
 ========================================================

   6.299362400001E+02  0.000000000000E+00  0.000000000000E+00  0.000000000000E+00  0.000000000000E+00  0.000000000000E+00
   0.000000000000E+00  6.299362400001E+02  0.000000000000E+00  0.000000000000E+00  0.000000000000E+00  0.000000000000E+00
   0.000000000000E+00  0.000000000000E+00  6.299362400001E+02  0.000000000000E+00  0.000000000000E+00  0.000000000000E+00
   0.000000000000E+00  0.000000000000E+00  0.000000000000E+00  3.100371869404E+03  0.000000000000E+00  0.000000000000E+00
   0.000000000000E+00  0.000000000000E+00  0.000000000000E+00  0.000000000000E+00  2.852774453672E+03 -7.546047120498E-16
   0.000000000000E+00  0.000000000000E+00  0.000000000000E+00  0.000000000000E+00 -7.546047120498E-16  2.475974157320E+02

 The Mass Properties with respect to Principal Inertial Axes
 ========================================================

 Mass Per Unit Span                     =    6.2993624000E+02
 Mass Moments of Intertia about x1 axis =    3.1003718694E+03
 Mass Moments of Intertia about x2 axis =    2.8527744537E+03
 Mass Moments of Intertia about x3 axis =    2.4759741573E+02
 The user coordinate axes are the principal inertial axes.
 The mass-weighted radius of gyration   =    2.2184957289E+00

 The Geometric Center of the Cross Section
 ========================================================

  Xg2 =   -7.1063719601E-15
  Xg3 =    6.9153900728E-17

 Classical Stiffness Matrix (1-extension; 2-twist; 3,4-bending)
 ========================================================

     7.1749152592E+09    1.0411048605E+06    2.2432307914E+03    1.4727107675E+02
     1.0411048605E+06    8.6472734394E+08    1.8016730891E+02    1.1776713938E+01
     2.2432307914E+03    1.8016730891E+02    3.7959156550E+10    3.6608864908E+02
     1.4727107675E+02    1.1776713938E+01    3.6608864908E+02    2.2460785857E+09

 Classical Flexibility Matrix (1-extension; 2-twist; 3,4-bending)
 ========================================================

     1.3937449274E-10   -1.6780255977E-13   -8.2356655464E-18   -9.1376377346E-18
    -1.6780255977E-13    1.1564340849E-09   -5.4789203406E-18   -6.0524502676E-18
    -8.2356655464E-18   -5.4789203406E-18    2.6344104846E-11   -4.2938286034E-18
    -9.1376377346E-18   -6.0524502676E-18   -4.2938286034E-18    4.4522039717E-10

 The Neutral Axes (or Tension Center) of the Cross Section
 ========================================================

  Xt2 =   -2.0523855454E-08
  Xt3 =    3.1261892111E-07

 Classical Stiffness Matrix (correct up to the 2nd order) (1-extension; 2-twist; 3,4-bending)
 ========================================================

     7.1749152592E+09    1.0411048605E+06    2.2432307914E+03    1.4727107675E+02
     1.0411048605E+06    8.6472734394E+08    1.8016730891E+02    1.1776713938E+01
     2.2432307914E+03    1.8016730891E+02    3.7959156550E+10    3.6608864908E+02
     1.4727107675E+02    1.1776713938E+01    3.6608864908E+02    2.2460785857E+09

 Classical Flexibility Matrix (correct up to the 2nd order) (1-extension; 2-twist; 3,4-bending)
 ========================================================

     1.3937449274E-10   -1.6780255977E-13   -8.2356655464E-18   -9.1376377346E-18
    -1.6780255977E-13    1.1564340849E-09   -5.4789203406E-18   -6.0524502676E-18
    -8.2356655464E-18   -5.4789203406E-18    2.6344104846E-11   -4.2938286034E-18
    -9.1376377346E-18   -6.0524502676E-18   -4.2938286034E-18    4.4522039717E-10

 The Neutral Axes (or Tension Center) of the Cross Section, Corrected by Initial Curvature/Twist
 ========================================================

  Xt2 =   -2.0523855454E-08
  Xt3 =    3.1261892111E-07

 Timoshenko Stiffness Matrix (1-extension; 2,3-shear, 4-twist; 5,6-bending)
 ========================================================

     7.1749152592E+09   -1.1478084718E+02   -1.9102946896E+01    1.0411048605E+06    2.2427651492E+03    1.4726533558E+02
    -1.1478084718E+02    3.2030131964E+08   -8.1218231582E+00   -9.8441007820E+00    1.2994038745E+06   -1.9275435744E+01
    -1.9102946896E+01   -8.1218231582E+00    3.4689211363E+08   -2.0767169656E+01   -4.9564697889E+01    1.0437983509E+05
     1.0411048605E+06   -9.8441007820E+00   -2.0767169656E+01    8.6472734394E+08    1.8012737616E+02    1.1770465689E+01
     2.2427651492E+03    1.2994038745E+06   -4.9564697889E+01    1.8012737616E+02    3.7959161821E+10    3.6599554805E+02
     1.4726533558E+02   -1.9275435744E+01    1.0437983509E+05    1.1770465689E+01    3.6599554805E+02    2.2460786171E+09

 Timoshenko Flexibility Matrix (1-extension; 2,3-shear, 4-twist; 5,6-bending)
 ========================================================

     1.3937449274E-10    4.9973480742E-17    7.6678956584E-18   -1.6780255977E-13   -8.2356655464E-18   -9.1376377346E-18
     4.9973480742E-17    3.1220606271E-09    7.3073816767E-17    3.5503796701E-17   -1.0687321534E-13    2.6806968580E-17
     7.6678956584E-18    7.3073816767E-17    2.8827406986E-09    6.9224084786E-17    3.7628918595E-18   -1.3396681507E-13
    -1.6780255977E-13    3.5503796701E-17    6.9224084786E-17    1.1564340849E-09   -5.4789203406E-18   -6.0524502676E-18
    -8.2356655464E-18   -1.0687321534E-13    3.7628918595E-18   -5.4789203406E-18    2.6344104846E-11   -4.2938286034E-18
    -9.1376377346E-18    2.6806968580E-17   -1.3396681507E-13   -6.0524502676E-18   -4.2938286034E-18    4.4522039717E-10

 The Generalized Shear Center of the Cross Section in the User Coordinate System
 ========================================================

  Xs2 =   -5.9859948516E-08
  Xs3 =    3.0701098458E-08
