
 The 6X6 Mass Matrix
 ========================================================

     5.5906880000E+01    0.0000000000E+00    0.0000000000E+00    0.0000000000E+00   -2.7495367094E-16   -1.2817524819E-13
     0.0000000000E+00    5.5906880000E+01    0.0000000000E+00    2.7495367094E-16    0.0000000000E+00    0.0000000000E+00
     0.0000000000E+00    0.0000000000E+00    5.5906880000E+01    1.2817524819E-13    0.0000000000E+00    0.0000000000E+00
     0.0000000000E+00    2.7495367094E-16    1.2817524819E-13    2.4878167604E+01    0.0000000000E+00    0.0000000000E+00
    -2.7495367094E-16    0.0000000000E+00    0.0000000000E+00    0.0000000000E+00    2.4046672900E+00    9.0205620751E-17
    -1.2817524819E-13    0.0000000000E+00    0.0000000000E+00    0.0000000000E+00    9.0205620751E-17    2.2473500314E+01

 The Mass Center of the Cross Section
 ========================================================

  Xm2 =    2.2926560773E-15
  Xm3 =   -4.9180650207E-18

 The 6X6 Mass Matrix at the Mass Center
 ========================================================

   5.590688000000E+01  0.000000000000E+00  0.000000000000E+00  0.000000000000E+00  0.000000000000E+00  0.000000000000E+00
   0.000000000000E+00  5.590688000000E+01  0.000000000000E+00  0.000000000000E+00  0.000000000000E+00  0.000000000000E+00
   0.000000000000E+00  0.000000000000E+00  5.590688000000E+01  0.000000000000E+00  0.000000000000E+00  0.000000000000E+00
   0.000000000000E+00  0.000000000000E+00  0.000000000000E+00  2.487816760405E+01  0.000000000000E+00  0.000000000000E+00
   0.000000000000E+00  0.000000000000E+00  0.000000000000E+00  0.000000000000E+00  2.404667290027E+00  9.020562075079E-17
   0.000000000000E+00  0.000000000000E+00  0.000000000000E+00  0.000000000000E+00  9.020562075079E-17  2.247350031403E+01

 The Mass Properties with respect to Principal Inertial Axes
 ========================================================

 Mass Per Unit Span                     =    5.5906880000E+01
 Mass Moments of Intertia about x1 axis =    2.4878167604E+01
 Mass Moments of Intertia about x2 axis =    2.4046672900E+00
 Mass Moments of Intertia about x3 axis =    2.2473500314E+01
 The user coordinate axes are the principal inertial axes.
 The mass-weighted radius of gyration   =    6.6707792097E-01

 The Geometric Center of the Cross Section
 ========================================================

  Xg2 =   -1.4613585346E-15
  Xg3 =   -3.0612857553E-18

 Classical Stiffness Matrix (1-extension; 2-twist; 3,4-bending)
 ========================================================

     8.0259001610E+08    4.9416732867E+02   -4.9928923768E-03   -6.7160534379E-02
     4.9416732867E+02    9.3615524558E+06    8.4343530376E-05   -1.3648023394E-04
    -4.9928923768E-03    8.4343530376E-05    4.3431326903E+07   -5.7721928302E-03
    -6.7160534379E-02   -1.3648023394E-04   -5.7721928302E-03    2.2825856517E+08

 Classical Flexibility Matrix (1-extension; 2-twist; 3,4-bending)
 ========================================================

     1.2459661595E-09   -6.5770690445E-14    1.4323717309E-19    3.6660067521E-19
    -6.5770690445E-14    1.0681988962E-07   -2.0745152482E-19    6.3850337086E-20
     1.4323717309E-19   -2.0745152482E-19    2.3024854899E-08    5.8225154562E-19
     3.6660067521E-19    6.3850337086E-20    5.8225154562E-19    4.3809966090E-09

 The Neutral Axes (or Tension Center) of the Cross Section
 ========================================================

  Xt2 =    8.3679744115E-11
  Xt3 =   -6.2209804869E-12

 Classical Stiffness Matrix (correct up to the 2nd order) (1-extension; 2-twist; 3,4-bending)
 ========================================================

     8.0259001610E+08    4.9416732867E+02   -4.9928923768E-03   -6.7160534379E-02
     4.9416732867E+02    9.3615524558E+06    8.4343530376E-05   -1.3648023394E-04
    -4.9928923768E-03    8.4343530376E-05    4.3431326903E+07   -5.7721928302E-03
    -6.7160534379E-02   -1.3648023394E-04   -5.7721928302E-03    2.2825856517E+08

 Classical Flexibility Matrix (correct up to the 2nd order) (1-extension; 2-twist; 3,4-bending)
 ========================================================

     1.2459661595E-09   -6.5770690445E-14    1.4323717309E-19    3.6660067521E-19
    -6.5770690445E-14    1.0681988962E-07   -2.0745152482E-19    6.3850337086E-20
     1.4323717309E-19   -2.0745152482E-19    2.3024854899E-08    5.8225154562E-19
     3.6660067521E-19    6.3850337086E-20    5.8225154562E-19    4.3809966090E-09

 The Neutral Axes (or Tension Center) of the Cross Section, Corrected by Initial Curvature/Twist
 ========================================================

  Xt2 =    8.3679744115E-11
  Xt3 =   -6.2209804869E-12

 Timoshenko Stiffness Matrix (1-extension; 2,3-shear, 4-twist; 5,6-bending)
 ========================================================

     8.0259001610E+08   -1.0156800289E-04    3.7362373991E-04    4.9416732867E+02   -4.9928923519E-03   -6.7160545401E-02
    -1.0156800289E-04    3.8768013452E+07   -2.2133079290E-03    5.4706020861E-03   -9.4834232112E+00    7.4574464458E-05
     3.7362373991E-04   -2.2133079290E-03    9.9973333478E+06    5.4893023523E-03    9.5302544946E-05   -2.9492398487E+02
     4.9416732867E+02    5.4706020861E-03    5.4893023523E-03    9.3615524558E+06    8.4342192211E-05   -1.3664216980E-04
    -4.9928923519E-03   -9.4834232112E+00    9.5302544946E-05    8.4342192211E-05    4.3431326903E+07   -5.7721956599E-03
    -6.7160545401E-02    7.4574464458E-05   -2.9492398487E+02   -1.3664216980E-04   -5.7721956599E-03    2.2825856518E+08

 Timoshenko Flexibility Matrix (1-extension; 2,3-shear, 4-twist; 5,6-bending)
 ========================================================

     1.2459661595E-09    3.2736126181E-21   -4.6517742844E-20   -6.5770690445E-14    1.4323717309E-19    3.6660067521E-19
     3.2736126181E-21    2.5794460716E-08    5.7106309756E-18   -1.5073486304E-17    5.6323351119E-15   -8.4197996301E-21
    -4.6517742844E-20    5.7106309756E-18    1.0002667364E-07   -5.8652303331E-17   -2.1947283394E-19    1.2924056173E-13
    -6.5770690445E-14   -1.5073486304E-17   -5.8652303331E-17    1.0681988962E-07   -2.0745152482E-19    6.3850337086E-20
     1.4323717309E-19    5.6323351119E-15   -2.1947283394E-19   -2.0745152482E-19    2.3024854899E-08    5.8225154562E-19
     3.6660067521E-19   -8.4197996301E-21    1.2924056173E-13    6.3850337086E-20    5.8225154562E-19    4.3809966090E-09

 The Generalized Shear Center of the Cross Section in the User Coordinate System
 ========================================================

  Xs2 =    5.4907661427E-10
  Xs3 =   -1.4111123272E-10
