
 The 6X6 Mass Matrix
 ========================================================

     8.3960960000E+02    0.0000000000E+00    0.0000000000E+00    0.0000000000E+00    2.4535928844E-14   -1.4235936000E+02
     0.0000000000E+00    8.3960960000E+02    0.0000000000E+00   -2.4535928844E-14    0.0000000000E+00    0.0000000000E+00
     0.0000000000E+00    0.0000000000E+00    8.3960960000E+02    1.4235936000E+02    0.0000000000E+00    0.0000000000E+00
     0.0000000000E+00   -2.4535928844E-14    1.4235936000E+02    5.4066709050E+02    0.0000000000E+00    0.0000000000E+00
     2.4535928844E-14    0.0000000000E+00    0.0000000000E+00    0.0000000000E+00    2.7181179051E+02   -4.4686476741E-15
    -1.4235936000E+02    0.0000000000E+00    0.0000000000E+00    0.0000000000E+00   -4.4686476741E-15    2.6885530000E+02

 The Mass Center of the Cross Section
 ========================================================

  Xm2 =    1.6955423092E-01
  Xm3 =    2.9223020847E-17

 The 6X6 Mass Matrix at the Mass Center
 ========================================================

   8.396096000000E+02  0.000000000000E+00  0.000000000000E+00  0.000000000000E+00  0.000000000000E+00  0.000000000000E+00
   0.000000000000E+00  8.396096000000E+02  0.000000000000E+00  0.000000000000E+00  0.000000000000E+00  0.000000000000E+00
   0.000000000000E+00  0.000000000000E+00  8.396096000000E+02  0.000000000000E+00  0.000000000000E+00  0.000000000000E+00
   0.000000000000E+00  0.000000000000E+00  0.000000000000E+00  5.165294587056E+02  0.000000000000E+00  0.000000000000E+00
   0.000000000000E+00  0.000000000000E+00  0.000000000000E+00  0.000000000000E+00  2.718117905067E+02 -3.084771290580E-16
   0.000000000000E+00  0.000000000000E+00  0.000000000000E+00  0.000000000000E+00 -3.084771290580E-16  2.447176681990E+02

 The Mass Properties with respect to Principal Inertial Axes
 ========================================================

 Mass Per Unit Span                     =    8.3960960000E+02
 Mass Moments of Intertia about x1 axis =    5.1652945871E+02
 Mass Moments of Intertia about x2 axis =    2.7181179051E+02
 Mass Moments of Intertia about x3 axis =    2.4471766820E+02
 The user coordinate axes are the principal inertial axes.
 The mass-weighted radius of gyration   =    7.8434810174E-01

 The Geometric Center of the Cross Section
 ========================================================

  Xg2 =    2.1578820095E-15
  Xg3 =    9.9701136953E-17

 Classical Stiffness Matrix (1-extension; 2-twist; 3,4-bending)
 ========================================================

     1.6264556732E+10    5.7343672527E+03   -1.2862518139E+00   -2.3811704134E+09
     5.7343672527E+03    3.2231833695E+08    1.6571240930E-02    4.0370297527E+03
    -1.2862518139E+00    1.6571240930E-02    5.6070329791E+09   -3.2320023083E+00
    -2.3811704134E+09    4.0370297527E+03   -3.2320023083E+00    4.5850847560E+09

 Classical Flexibility Matrix (1-extension; 2-twist; 3,4-bending)
 ========================================================

     6.6542700458E-11   -1.6166946416E-15    3.5184549263E-20    3.4557596641E-11
    -1.6166946416E-15    3.1025228335E-09   -9.1717447363E-21   -3.5712758447E-15
     3.5184549263E-20   -9.1717447363E-21    1.7834744396E-10    1.4398856955E-19
     3.4557596641E-11   -3.5712758447E-15    1.4398856955E-19    2.3604526073E-10

 The Neutral Axes (or Tension Center) of the Cross Section
 ========================================================

  Xt2 =    1.4640241678E-01
  Xt3 =   -7.9083133340E-11

 Classical Stiffness Matrix (correct up to the 2nd order) (1-extension; 2-twist; 3,4-bending)
 ========================================================

     1.6264556732E+10    5.7343672527E+03   -1.2862518139E+00   -2.3811704134E+09
     5.7343672527E+03    3.2231833695E+08    1.6571240930E-02    4.0370297527E+03
    -1.2862518139E+00    1.6571240930E-02    5.6070329791E+09   -3.2320023083E+00
    -2.3811704134E+09    4.0370297527E+03   -3.2320023083E+00    4.5850847560E+09

 Classical Flexibility Matrix (correct up to the 2nd order) (1-extension; 2-twist; 3,4-bending)
 ========================================================

     6.6542700458E-11   -1.6166946416E-15    3.5184549263E-20    3.4557596641E-11
    -1.6166946416E-15    3.1025228335E-09   -9.1717447363E-21   -3.5712758447E-15
     3.5184549263E-20   -9.1717447363E-21    1.7834744396E-10    1.4398856955E-19
     3.4557596641E-11   -3.5712758447E-15    1.4398856955E-19    2.3604526073E-10

 The Neutral Axes (or Tension Center) of the Cross Section, Corrected by Initial Curvature/Twist
 ========================================================

  Xt2 =    1.4640241678E-01
  Xt3 =   -7.9083133340E-11

 Timoshenko Stiffness Matrix (1-extension; 2,3-shear, 4-twist; 5,6-bending)
 ========================================================

     1.6264556732E+10   -9.2821475928E-04   -1.9413872238E+03    3.6797693952E+03   -1.2862517578E+00   -2.3811704133E+09
    -9.2821475928E-04    7.3911101773E+08    1.9650295792E-01    7.4806687528E-02   -2.9422308410E+02   -5.9462912703E-03
    -1.9413872238E+03    1.9650295792E-01    3.8266046222E+08    4.0497503855E+08   -1.0995128321E-02   -2.9049898287E+03
     3.6797693952E+03    7.4806687528E-02    4.0497503855E+08    7.5090921069E+08    4.9349924220E-03    9.6263748059E+02
    -1.2862517578E+00   -2.9422308410E+02   -1.0995128321E-02    4.9349924220E-03    5.6070329791E+09   -3.2320022225E+00
    -2.3811704133E+09   -5.9462912703E-03   -2.9049898287E+03    9.6263748059E+02   -3.2320022225E+00    4.5850847560E+09

 Timoshenko Flexibility Matrix (1-extension; 2,3-shear, 4-twist; 5,6-bending)
 ========================================================

     6.6542700458E-11    3.6115365035E-22    2.3109144460E-15   -1.6166946416E-15    3.5184549263E-20    3.4557596641E-11
     3.6115365035E-22    1.3529767193E-09   -1.2863093931E-18    5.5893772491E-19    7.0996012430E-17    1.9413199984E-21
     2.3109144460E-15   -1.2863093931E-18    6.0881988135E-09   -3.2834442754E-09    1.4832348549E-20    5.7468083279E-15
    -1.6166946416E-15    5.5893772491E-19   -3.2834442754E-09    3.1025228335E-09   -9.1717447363E-21   -3.5712758447E-15
     3.5184549263E-20    7.0996012430E-17    1.4832348549E-20   -9.1717447363E-21    1.7834744396E-10    1.4398856955E-19
     3.4557596641E-11    1.9413199984E-21    5.7468083279E-15   -3.5712758447E-15    1.4398856955E-19    2.3604526073E-10

 The Generalized Shear Center of the Cross Section in the User Coordinate System
 ========================================================

  Xs2 =    1.0583142983E+00
  Xs3 =    1.8015587795E-10
