
 The 6X6 Mass Matrix
 ========================================================

     3.6716896000E+02    0.0000000000E+00    0.0000000000E+00    0.0000000000E+00    2.5535129566E-15   -1.7102985694E-13
     0.0000000000E+00    3.6716896000E+02    0.0000000000E+00   -2.5535129566E-15    0.0000000000E+00    0.0000000000E+00
     0.0000000000E+00    0.0000000000E+00    3.6716896000E+02    1.7102985694E-13    0.0000000000E+00    0.0000000000E+00
     0.0000000000E+00   -2.5535129566E-15    1.7102985694E-13    1.4032109215E+02    0.0000000000E+00    0.0000000000E+00
     2.5535129566E-15    0.0000000000E+00    0.0000000000E+00    0.0000000000E+00    5.1743756989E+01    9.1593399532E-16
    -1.7102985694E-13    0.0000000000E+00    0.0000000000E+00    0.0000000000E+00    9.1593399532E-16    8.8577335162E+01

 The Mass Center of the Cross Section
 ========================================================

  Xm2 =    4.6580695967E-16
  Xm3 =    6.9545992032E-18

 The Mass Properties with respect to Principal Inertial Axes
 ========================================================

 Mass Per Unit Span                     =    3.6716896000E+02
 Mass Moments of Intertia about x1 axis =    1.4032109215E+02
 Mass Moments of Intertia about x2 axis =    5.1743756989E+01
 Mass Moments of Intertia about x3 axis =    8.8577335162E+01
 The user coordinate axes are the principal inertial axes.
 The mass-weighted radius of gyration   =    6.1819928501E-01

 The Geometric Center of the Cross Section
 ========================================================

  Xg2 =   -9.7721530868E-16
  Xg3 =   -7.1285166188E-18

 Classical Stiffness Matrix (1-extension; 2-twist; 3,4-bending)
 ========================================================

     7.3115241467E+09    1.9583333793E+03    2.1757451976E+00   -5.6266569215E+00
     1.9583333793E+03    7.3805206006E+07   -1.3577573379E-02    3.3888028077E-02
     2.1757451976E+00   -1.3577573379E-02    1.0867821306E+09   -2.5163516798E+00
    -5.6266569215E+00    3.3888028077E-02   -2.5163516798E+00    1.4989520362E+09

 Classical Flexibility Matrix (1-extension; 2-twist; 3,4-bending)
 ========================================================

     1.3677038877E-10   -3.6290396316E-15   -2.7381529022E-19    5.1339880015E-19
    -3.6290396316E-15    1.3549179714E-08    1.6928220634E-19   -3.0633095016E-19
    -2.7381529022E-19    1.6928220634E-19    9.2014762831E-10    1.5446892046E-18
     5.1339880015E-19   -3.0633095016E-19    1.5446892046E-18    6.6713275397E-10

 The Neutral Axes (or Tension Center) of the Cross Section
 ========================================================

  Xt2 =    7.6956017758E-10
  Xt3 =    2.9757756580E-10

 Classical Stiffness Matrix (correct up to the 2nd order) (1-extension; 2-twist; 3,4-bending)
 ========================================================

     7.3115241467E+09    1.9583333793E+03    2.1757451976E+00   -5.6266569215E+00
     1.9583333793E+03    7.3805206006E+07   -1.3577573379E-02    3.3888028077E-02
     2.1757451976E+00   -1.3577573379E-02    1.0867821306E+09   -2.5163516798E+00
    -5.6266569215E+00    3.3888028077E-02   -2.5163516798E+00    1.4989520362E+09

 Classical Flexibility Matrix (correct up to the 2nd order) (1-extension; 2-twist; 3,4-bending)
 ========================================================

     1.3677038877E-10   -3.6290396316E-15   -2.7381529022E-19    5.1339880015E-19
    -3.6290396316E-15    1.3549179714E-08    1.6928220634E-19   -3.0633095016E-19
    -2.7381529022E-19    1.6928220634E-19    9.2014762831E-10    1.5446892046E-18
     5.1339880015E-19   -3.0633095016E-19    1.5446892046E-18    6.6713275397E-10

 The Neutral Axes (or Tension Center) of the Cross Section, Corrected by Initial Curvature/Twist
 ========================================================

  Xt2 =    7.6956017758E-10
  Xt3 =    2.9757756580E-10

 Timoshenko Stiffness Matrix (1-extension; 2,3-shear, 4-twist; 5,6-bending)
 ========================================================

     7.3115241467E+09    1.0901717322E-02   -1.7296279440E-02    1.9583333793E+03    2.1757451961E+00   -5.6266564192E+00
     1.0901717322E-02    3.8103580519E+08    1.8096650372E-01    3.6251525956E-02   -5.3165533264E+01   -1.4815557776E-02
    -1.7296279440E-02    1.8096650372E-01    3.6694698913E+07    2.8668747392E-03   -7.4455009305E-03   -1.0657627613E+03
     1.9583333793E+03    3.6251525956E-02    2.8668747392E-03    7.3805206006E+07   -1.3577578437E-02    3.3887944810E-02
     2.1757451961E+00   -5.3165533264E+01   -7.4455009305E-03   -1.3577578437E-02    1.0867821306E+09   -2.5163514615E+00
    -5.6266564192E+00   -1.4815557776E-02   -1.0657627613E+03    3.3887944810E-02   -2.5163514615E+00    1.4989520363E+09

 Timoshenko Flexibility Matrix (1-extension; 2,3-shear, 4-twist; 5,6-bending)
 ========================================================

     1.3677038877E-10   -3.9127953316E-21    6.4482786269E-20   -3.6290396316E-15   -2.7381529022E-19    5.1339880015E-19
    -3.9127953316E-21    2.6244252807E-09   -1.2942824244E-17   -1.2890609876E-18    1.2838725042E-16    2.5930685268E-20
     6.4482786269E-20   -1.2942824244E-17    2.7251892771E-08   -1.0585777025E-18    1.8674585864E-19    1.9376238723E-14
    -3.6290396316E-15   -1.2890609876E-18   -1.0585777025E-18    1.3549179714E-08    1.6928220634E-19   -3.0633095016E-19
    -2.7381529022E-19    1.2838725042E-16    1.8674585864E-19    1.6928220634E-19    9.2014762831E-10    1.5446892046E-18
     5.1339880015E-19    2.5930685268E-20    1.9376238723E-14   -3.0633095016E-19    1.5446892046E-18    6.6713275397E-10

 The Generalized Shear Center of the Cross Section in the User Coordinate System
 ========================================================

  Xs2 =    7.8128545408E-11
  Xs3 =   -9.5139411743E-11
