
 The 6X6 Mass Matrix
 ========================================================

     4.6360928000E+02    0.0000000000E+00    0.0000000000E+00    0.0000000000E+00    5.5511151231E-16    2.2981616610E-14
     0.0000000000E+00    4.6360928000E+02    0.0000000000E+00   -5.5511151231E-16    0.0000000000E+00    0.0000000000E+00
     0.0000000000E+00    0.0000000000E+00    4.6360928000E+02   -2.2981616610E-14    0.0000000000E+00    0.0000000000E+00
     0.0000000000E+00   -5.5511151231E-16   -2.2981616610E-14    2.9022024305E+02    0.0000000000E+00    0.0000000000E+00
     5.5511151231E-16    0.0000000000E+00    0.0000000000E+00    0.0000000000E+00    1.7147497056E+02    1.8318679906E-15
     2.2981616610E-14    0.0000000000E+00    0.0000000000E+00    0.0000000000E+00    1.8318679906E-15    1.1874527249E+02

 The Mass Center of the Cross Section
 ========================================================

  Xm2 =   -4.9571088417E-17
  Xm3 =    1.1973692854E-18

 The Mass Properties with respect to Principal Inertial Axes
 ========================================================

 Mass Per Unit Span                     =    4.6360928000E+02
 Mass Moments of Intertia about x1 axis =    2.9022024305E+02
 Mass Moments of Intertia about x2 axis =    1.7147497056E+02
 Mass Moments of Intertia about x3 axis =    1.1874527249E+02
 The user coordinate axes are the principal inertial axes.
 The mass-weighted radius of gyration   =    7.9120275431E-01

 The Geometric Center of the Cross Section
 ========================================================

  Xg2 =   -8.9146634110E-16
  Xg3 =    7.7610742496E-17

 Classical Stiffness Matrix (1-extension; 2-twist; 3,4-bending)
 ========================================================

     8.9935922775E+09    4.9995832950E+03   -3.9999503166E+00    2.3408153359E+00
     4.9995832950E+03    1.5870681576E+08    2.7063567201E-02   -1.7452626521E-02
    -3.9999503166E+00    2.7063567201E-02    3.5666697393E+09   -2.9459087010E+00
     2.3408153359E+00   -1.7452626521E-02   -2.9459087010E+00    1.8928500838E+09

 Classical Flexibility Matrix (1-extension; 2-twist; 3,4-bending)
 ========================================================

     1.1119027516E-10   -3.5027168783E-15    1.2469774418E-19   -1.3750479465E-19
    -3.5027168783E-15    6.3009266189E-09   -4.7814789137E-20    5.8100701705E-20
     1.2469774418E-19   -4.7814789137E-20    2.8037359024E-10    4.3635521154E-19
    -1.3750479465E-19    5.8100701705E-20    4.3635521154E-19    5.2830385701E-10

 The Neutral Axes (or Tension Center) of the Cross Section
 ========================================================

  Xt2 =   -2.6027596243E-10
  Xt3 =   -4.4475567113E-10

 Classical Stiffness Matrix (correct up to the 2nd order) (1-extension; 2-twist; 3,4-bending)
 ========================================================

     8.9935922775E+09    4.9995832950E+03   -3.9999503166E+00    2.3408153359E+00
     4.9995832950E+03    1.5870681576E+08    2.7063567201E-02   -1.7452626521E-02
    -3.9999503166E+00    2.7063567201E-02    3.5666697393E+09   -2.9459087010E+00
     2.3408153359E+00   -1.7452626521E-02   -2.9459087010E+00    1.8928500838E+09

 Classical Flexibility Matrix (correct up to the 2nd order) (1-extension; 2-twist; 3,4-bending)
 ========================================================

     1.1119027516E-10   -3.5027168783E-15    1.2469774418E-19   -1.3750479465E-19
    -3.5027168783E-15    6.3009266189E-09   -4.7814789137E-20    5.8100701705E-20
     1.2469774418E-19   -4.7814789137E-20    2.8037359024E-10    4.3635521154E-19
    -1.3750479465E-19    5.8100701705E-20    4.3635521154E-19    5.2830385701E-10

 The Neutral Axes (or Tension Center) of the Cross Section, Corrected by Initial Curvature/Twist
 ========================================================

  Xt2 =   -2.6027596243E-10
  Xt3 =   -4.4475567113E-10

 Timoshenko Stiffness Matrix (1-extension; 2,3-shear, 4-twist; 5,6-bending)
 ========================================================

     8.9935922775E+09   -4.1906751964E-02    3.3483045439E-03    4.9995832950E+03   -3.9999502936E+00    2.3408152104E+00
    -4.1906751964E-02    4.5866854414E+08    1.2899317977E-01   -2.2578857007E-03   -2.5206371646E+02   -1.7230099229E-02
     3.3483045439E-03    1.2899317977E-01    7.2361620025E+07   -3.0789234327E-03   -1.1306205023E-02   -2.7122769609E+03
     4.9995832950E+03   -2.2578857007E-03   -3.0789234327E-03    1.5870681576E+08    2.7063568443E-02   -1.7452511116E-02
    -3.9999502936E+00   -2.5206371646E+02   -1.1306205023E-02    2.7063568443E-02    3.5666697393E+09   -2.9459082677E+00
     2.3408152104E+00   -1.7230099229E-02   -2.7122769609E+03   -1.7452511116E-02   -2.9459082677E+00    1.8928500839E+09

 Timoshenko Flexibility Matrix (1-extension; 2,3-shear, 4-twist; 5,6-bending)
 ========================================================

     1.1119027516E-10    1.0159072086E-20   -5.1502804804E-21   -3.5027168783E-15    1.2469774418E-19   -1.3750479465E-19
     1.0159072086E-20    2.1802236337E-09   -3.8865067350E-18    3.1017198416E-20    1.5408078460E-16    1.9840653242E-20
    -5.1502804804E-21   -3.8865067350E-18    1.3819480544E-08    2.6810123816E-19    4.3823299333E-20    1.9802021835E-14
    -3.5027168783E-15    3.1017198416E-20    2.6810123816E-19    6.3009266189E-09   -4.7814789137E-20    5.8100701705E-20
     1.2469774418E-19    1.5408078460E-16    4.3823299333E-20   -4.7814789137E-20    2.8037359024E-10    4.3635521154E-19
    -1.3750479465E-19    1.9840653242E-20    1.9802021835E-14    5.8100701705E-20    4.3635521154E-19    5.2830385701E-10

 The Generalized Shear Center of the Cross Section in the User Coordinate System
 ========================================================

  Xs2 =   -4.2549493808E-11
  Xs3 =    4.9226407942E-12
