
 The 6X6 Mass Matrix
 ========================================================

     8.6072760000E+02    0.0000000000E+00    0.0000000000E+00    0.0000000000E+00    2.5535129566E-14   -1.7063017665E-12
     0.0000000000E+00    8.6072760000E+02    0.0000000000E+00   -2.5535129566E-14    0.0000000000E+00    0.0000000000E+00
     0.0000000000E+00    0.0000000000E+00    8.6072760000E+02    1.7063017665E-12    0.0000000000E+00    0.0000000000E+00
     0.0000000000E+00   -2.5535129566E-14    1.7063017665E-12    2.1150024882E+03    0.0000000000E+00    0.0000000000E+00
     2.5535129566E-14    0.0000000000E+00    0.0000000000E+00    0.0000000000E+00    1.8760760934E+03   -7.7715611724E-16
    -1.7063017665E-12    0.0000000000E+00    0.0000000000E+00    0.0000000000E+00   -7.7715611724E-16    2.3892639475E+02

 The Mass Center of the Cross Section
 ========================================================

  Xm2 =    1.9823946235E-15
  Xm3 =    2.9666911537E-17

 The 6X6 Mass Matrix at the Mass Center
 ========================================================

   8.607276000000E+02  0.000000000000E+00  0.000000000000E+00  0.000000000000E+00  0.000000000000E+00  0.000000000000E+00
   0.000000000000E+00  8.607276000000E+02  0.000000000000E+00  0.000000000000E+00  0.000000000000E+00  0.000000000000E+00
   0.000000000000E+00  0.000000000000E+00  8.607276000000E+02  0.000000000000E+00  0.000000000000E+00  0.000000000000E+00
   0.000000000000E+00  0.000000000000E+00  0.000000000000E+00  2.115002488170E+03  0.000000000000E+00  0.000000000000E+00
   0.000000000000E+00  0.000000000000E+00  0.000000000000E+00  0.000000000000E+00  1.876076093423E+03 -7.771561172376E-16
   0.000000000000E+00  0.000000000000E+00  0.000000000000E+00  0.000000000000E+00 -7.771561172376E-16  2.389263947472E+02

 The Mass Properties with respect to Principal Inertial Axes
 ========================================================

 Mass Per Unit Span                     =    8.6072760000E+02
 Mass Moments of Intertia about x1 axis =    2.1150024882E+03
 Mass Moments of Intertia about x2 axis =    1.8760760934E+03
 Mass Moments of Intertia about x3 axis =    2.3892639475E+02
 The user coordinate axes are the principal inertial axes.
 The mass-weighted radius of gyration   =    1.5675542386E+00

 The Geometric Center of the Cross Section
 ========================================================

  Xg2 =    6.3401227288E-15
  Xg3 =    3.5670888812E-16

 Classical Stiffness Matrix (1-extension; 2-twist; 3,4-bending)
 ========================================================

     1.6059766836E+10    1.8545755226E+04    3.0860591728E+02    8.5803298107E+01
     1.8545755226E+04    5.2938041561E+08   -1.3621369070E+00    1.5275768048E-01
     3.0860591728E+02   -1.3621369070E+00    3.8435599257E+10    2.1108211560E+02
     8.5803298107E+01    1.5275768048E-01    2.1108211560E+02    3.5148314234E+09

 Classical Flexibility Matrix (1-extension; 2-twist; 3,4-bending)
 ========================================================

     6.2267404644E-11   -2.1814105906E-15   -4.9995557631E-19   -1.5200581765E-18
    -2.1814105906E-15    1.8890007461E-09    6.6962682953E-20   -8.2044394047E-20
    -4.9995557631E-19    6.6962682953E-20    2.6017546736E-11   -1.5624757217E-18
    -1.5200581765E-18   -8.2044394047E-20   -1.5624757217E-18    2.8450866615E-10

 The Neutral Axes (or Tension Center) of the Cross Section
 ========================================================

  Xt2 =   -5.3427483498E-09
  Xt3 =    1.9216092498E-08

 Classical Stiffness Matrix (correct up to the 2nd order) (1-extension; 2-twist; 3,4-bending)
 ========================================================

     1.6059766836E+10    1.8545755226E+04    3.0860591728E+02    8.5803298107E+01
     1.8545755226E+04    5.2938041561E+08   -1.3621369070E+00    1.5275768048E-01
     3.0860591728E+02   -1.3621369070E+00    3.8435599257E+10    2.1108211560E+02
     8.5803298107E+01    1.5275768048E-01    2.1108211560E+02    3.5148314234E+09

 Classical Flexibility Matrix (correct up to the 2nd order) (1-extension; 2-twist; 3,4-bending)
 ========================================================

     6.2267404644E-11   -2.1814105906E-15   -4.9995557631E-19   -1.5200581765E-18
    -2.1814105906E-15    1.8890007461E-09    6.6962682953E-20   -8.2044394047E-20
    -4.9995557631E-19    6.6962682953E-20    2.6017546736E-11   -1.5624757217E-18
    -1.5200581765E-18   -8.2044394047E-20   -1.5624757217E-18    2.8450866615E-10

 The Neutral Axes (or Tension Center) of the Cross Section, Corrected by Initial Curvature/Twist
 ========================================================

  Xt2 =   -5.3427483498E-09
  Xt3 =    1.9216092498E-08

 Timoshenko Stiffness Matrix (1-extension; 2,3-shear, 4-twist; 5,6-bending)
 ========================================================

     1.6059766836E+10   -2.7256706816E+00   -2.1207045476E-01    1.8545755226E+04    3.0860594553E+02    8.5803307422E+01
    -2.7256706816E+00    7.1067432390E+08   -9.9486450544E+00   -3.2226288493E+01   -7.3670937252E+03    1.2729143981E-01
    -2.1207045476E-01   -9.9486450544E+00    2.1707631522E+08   -3.2503082965E+01    1.8037519374E-01   -9.5354216082E+03
     1.8545755226E+04   -3.2226288493E+01   -3.2503082965E+01    5.2938041561E+08   -1.3618028653E+00    1.5418542423E-01
     3.0860594553E+02   -7.3670937252E+03    1.8037519374E-01   -1.3618028653E+00    3.8435599257E+10    2.1108210636E+02
     8.5803307422E+01    1.2729143981E-01   -9.5354216082E+03    1.5418542423E-01    2.1108210636E+02    3.5148314238E+09

 Timoshenko Flexibility Matrix (1-extension; 2,3-shear, 4-twist; 5,6-bending)
 ========================================================

     6.2267404644E-11    2.3871195618E-19    6.0438110470E-20   -2.1814105906E-15   -4.9995557631E-19   -1.5200581765E-18
     2.3871195618E-19    1.4071142946E-09    6.4488301753E-17    8.5658758618E-17    2.6970681064E-16   -5.0800628489E-20
     6.0438110470E-20    6.4488301753E-17    4.6066748419E-09    2.8284222308E-16   -2.1675020627E-20    1.2497494626E-14
    -2.1814105906E-15    8.5658758618E-17    2.8284222308E-16    1.8890007461E-09    6.6962682953E-20   -8.2044394047E-20
    -4.9995557631E-19    2.6970681064E-16   -2.1675020627E-20    6.6962682953E-20    2.6017546736E-11   -1.5624757217E-18
    -1.5200581765E-18   -5.0800628489E-20    1.2497494626E-14   -8.2044394047E-20   -1.5624757217E-18    2.8450866615E-10

 The Generalized Shear Center of the Cross Section in the User Coordinate System
 ========================================================

  Xs2 =   -1.4973113360E-07
  Xs3 =    4.5346069236E-08
