
 The 6X6 Mass Matrix
 ========================================================

     2.9024656000E+02    0.0000000000E+00    0.0000000000E+00    0.0000000000E+00    3.3983232894E-15   -3.7677285337E-12
     0.0000000000E+00    2.9024656000E+02    0.0000000000E+00   -3.3983232894E-15    0.0000000000E+00    0.0000000000E+00
     0.0000000000E+00    0.0000000000E+00    2.9024656000E+02    3.7677285337E-12    0.0000000000E+00    0.0000000000E+00
     0.0000000000E+00   -3.3983232894E-15    3.7677285337E-12    4.0289982429E+02    0.0000000000E+00    0.0000000000E+00
     3.3983232894E-15    0.0000000000E+00    0.0000000000E+00    0.0000000000E+00    2.8899707718E+02   -3.0414039343E-15
    -3.7677285337E-12    0.0000000000E+00    0.0000000000E+00    0.0000000000E+00   -3.0414039343E-15    1.1390274711E+02

 The Mass Center of the Cross Section
 ========================================================

  Xm2 =    1.2981130711E-14
  Xm3 =    1.1708401607E-17

 The 6X6 Mass Matrix at the Mass Center
 ========================================================

   2.902465600000E+02  0.000000000000E+00  0.000000000000E+00  0.000000000000E+00  0.000000000000E+00  0.000000000000E+00
   0.000000000000E+00  2.902465600000E+02  0.000000000000E+00  0.000000000000E+00  0.000000000000E+00  0.000000000000E+00
   0.000000000000E+00  0.000000000000E+00  2.902465600000E+02  0.000000000000E+00  0.000000000000E+00  0.000000000000E+00
   0.000000000000E+00  0.000000000000E+00  0.000000000000E+00  4.028998242901E+02  0.000000000000E+00  0.000000000000E+00
   0.000000000000E+00  0.000000000000E+00  0.000000000000E+00  0.000000000000E+00  2.889970771804E+02 -3.041403934256E-15
   0.000000000000E+00  0.000000000000E+00  0.000000000000E+00  0.000000000000E+00 -3.041403934256E-15  1.139027471097E+02

 The Mass Properties with respect to Principal Inertial Axes
 ========================================================

 Mass Per Unit Span                     =    2.9024656000E+02
 Mass Moments of Intertia about x1 axis =    4.0289982429E+02
 Mass Moments of Intertia about x2 axis =    2.8899707718E+02
 Mass Moments of Intertia about x3 axis =    1.1390274711E+02
 The user coordinate axes are the principal inertial axes.
 The mass-weighted radius of gyration   =    1.1781890942E+00

 The Geometric Center of the Cross Section
 ========================================================

  Xg2 =   -8.7976813116E-15
  Xg3 =   -6.0762350610E-18

 Classical Stiffness Matrix (1-extension; 2-twist; 3,4-bending)
 ========================================================

     3.6205853859E+09    4.0302041161E+05   -1.3948603774E+01    1.3235771209E+00
     4.0302041161E+05    3.5899006209E+08    1.2832965783E+00   -3.6244105136E-02
    -1.3948603774E+01    1.2832965783E+00    4.3015129114E+09   -1.6369563098E+00
     1.3235771209E+00   -3.6244105136E-02   -1.6369563098E+00    1.0838879460E+09

 Classical Flexibility Matrix (1-extension; 2-twist; 3,4-bending)
 ========================================================

     2.7619846472E-10   -3.1007437445E-13    8.9572690897E-19   -3.3728690035E-19
    -3.1007437445E-13    2.7855927798E-09   -8.3204836555E-19    9.3526018017E-20
     8.9572690897E-19   -8.3204836555E-19    2.3247634509E-10    3.5110051751E-19
    -3.3728690035E-19    9.3526018017E-20    3.5110051751E-19    9.2260459553E-10

 The Neutral Axes (or Tension Center) of the Cross Section
 ========================================================

  Xt2 =   -3.6558120709E-10
  Xt3 =   -3.8529808646E-09

 Classical Stiffness Matrix (correct up to the 2nd order) (1-extension; 2-twist; 3,4-bending)
 ========================================================

     3.6205853859E+09    4.0302041161E+05   -1.3948603774E+01    1.3235771209E+00
     4.0302041161E+05    3.5899006209E+08    1.2832965783E+00   -3.6244105136E-02
    -1.3948603774E+01    1.2832965783E+00    4.3015129114E+09   -1.6369563098E+00
     1.3235771209E+00   -3.6244105136E-02   -1.6369563098E+00    1.0838879460E+09

 Classical Flexibility Matrix (correct up to the 2nd order) (1-extension; 2-twist; 3,4-bending)
 ========================================================

     2.7619846472E-10   -3.1007437445E-13    8.9572690897E-19   -3.3728690035E-19
    -3.1007437445E-13    2.7855927798E-09   -8.3204836555E-19    9.3526018017E-20
     8.9572690897E-19   -8.3204836555E-19    2.3247634509E-10    3.5110051751E-19
    -3.3728690035E-19    9.3526018017E-20    3.5110051751E-19    9.2260459553E-10

 The Neutral Axes (or Tension Center) of the Cross Section, Corrected by Initial Curvature/Twist
 ========================================================

  Xt2 =   -3.6558120709E-10
  Xt3 =   -3.8529808646E-09

 Timoshenko Stiffness Matrix (1-extension; 2,3-shear, 4-twist; 5,6-bending)
 ========================================================

     3.6205853859E+09   -1.6229834378E-01    9.8880844192E-02    4.0302041161E+05   -1.3948243443E+01    1.3235555307E+00
    -1.6229834378E-01    2.9384028372E+08    8.2187597838E-02    1.4077840181E+00   -6.5237715113E+05   -2.1245834887E-02
     9.8880844192E-02    8.2187597838E-02    1.5706491966E+08    1.9602814978E-01   -1.1881717676E-01   -3.4294502477E+04
     4.0302041161E+05    1.4077840181E+00    1.9602814978E-01    3.5899006209E+08    1.2801710499E+00   -3.6286907207E-02
    -1.3948243443E+01   -6.5237715113E+05   -1.1881717676E-01    1.2801710499E+00    4.3015143598E+09   -1.6368832369E+00
     1.3235555307E+00   -2.1245834887E-02   -3.4294502477E+04   -3.6286907207E-02   -1.6368832369E+00    1.0838879535E+09

 Timoshenko Flexibility Matrix (1-extension; 2,3-shear, 4-twist; 5,6-bending)
 ========================================================

     2.7619846472E-10    1.5602837815E-19   -1.7356849067E-19   -3.1007437445E-13    8.9572690897E-19   -3.3728690035E-19
     1.5602837815E-19    3.4032104927E-09   -1.7803979062E-18   -1.3347748241E-17    5.1613840619E-13    6.7431183944E-20
    -1.7356849067E-19   -1.7803979062E-18    6.3667941197E-09   -3.4764015478E-18    1.7567133236E-19    2.0144705549E-13
    -3.1007437445E-13   -1.3347748241E-17   -3.4764015478E-18    2.7855927798E-09   -8.3204836555E-19    9.3526018017E-20
     8.9572690897E-19    5.1613840619E-13    1.7567133236E-19   -8.3204836555E-19    2.3247634509E-10    3.5110051751E-19
    -3.3728690035E-19    6.7431183944E-20    2.0144705549E-13    9.3526018017E-20    3.5110051751E-19    9.2260459553E-10

 The Generalized Shear Center of the Cross Section in the User Coordinate System
 ========================================================

  Xs2 =    1.2479934515E-09
  Xs3 =   -4.7917083709E-09
