
 The 6X6 Mass Matrix
 ========================================================

     4.3327048000E+02    0.0000000000E+00    0.0000000000E+00    0.0000000000E+00   -3.2751579226E-15    1.0386136395E-12
     0.0000000000E+00    4.3327048000E+02    0.0000000000E+00    3.2751579226E-15    0.0000000000E+00    0.0000000000E+00
     0.0000000000E+00    0.0000000000E+00    4.3327048000E+02   -1.0386136395E-12    0.0000000000E+00    0.0000000000E+00
     0.0000000000E+00    3.2751579226E-15   -1.0386136395E-12    3.5635432406E+02    0.0000000000E+00    0.0000000000E+00
    -3.2751579226E-15    0.0000000000E+00    0.0000000000E+00    0.0000000000E+00    2.3633432206E+02    1.0824674490E-15
     1.0386136395E-12    0.0000000000E+00    0.0000000000E+00    0.0000000000E+00    1.0824674490E-15    1.2002000200E+02

 The Mass Center of the Cross Section
 ========================================================

  Xm2 =   -2.3971484038E-15
  Xm3 =   -7.5591531707E-18

 The 6X6 Mass Matrix at the Mass Center
 ========================================================

   4.332704800000E+02  0.000000000000E+00  0.000000000000E+00  0.000000000000E+00  0.000000000000E+00  0.000000000000E+00
   0.000000000000E+00  4.332704800000E+02  0.000000000000E+00  0.000000000000E+00  0.000000000000E+00  0.000000000000E+00
   0.000000000000E+00  0.000000000000E+00  4.332704800000E+02  0.000000000000E+00  0.000000000000E+00  0.000000000000E+00
   0.000000000000E+00  0.000000000000E+00  0.000000000000E+00  3.563543240637E+02  0.000000000000E+00  0.000000000000E+00
   0.000000000000E+00  0.000000000000E+00  0.000000000000E+00  0.000000000000E+00  2.363343220638E+02  1.082467449010E-15
   0.000000000000E+00  0.000000000000E+00  0.000000000000E+00  0.000000000000E+00  1.082467449010E-15  1.200200019999E+02

 The Mass Properties with respect to Principal Inertial Axes
 ========================================================

 Mass Per Unit Span                     =    4.3327048000E+02
 Mass Moments of Intertia about x1 axis =    3.5635432406E+02
 Mass Moments of Intertia about x2 axis =    2.3633432206E+02
 Mass Moments of Intertia about x3 axis =    1.2002000200E+02
 The user coordinate axes are the principal inertial axes.
 The mass-weighted radius of gyration   =    9.0690431102E-01

 The Geometric Center of the Cross Section
 ========================================================

  Xg2 =    8.6524229894E-15
  Xg3 =    1.7812381670E-17

 Classical Stiffness Matrix (1-extension; 2-twist; 3,4-bending)
 ========================================================

     8.0923487649E+09    6.0136742815E+03   -1.3468446051E+01    6.2388864825E-01
     6.0136742815E+03    1.9631856518E+08    7.5390985826E-01    3.0803435794E-03
    -1.3468446051E+01    7.5390985826E-01    4.8436696175E+09   -4.4750250211E-01
     6.2388864825E-01    3.0803435794E-03   -4.4750250211E-01    1.7690299684E+09

 Classical Flexibility Matrix (1-extension; 2-twist; 3,4-bending)
 ========================================================

     1.2357351729E-10   -3.7853316732E-15    3.4361264003E-19   -4.3581004406E-20
    -3.7853316732E-15    5.0937617596E-09   -7.9284684794E-19   -8.8682358925E-21
     3.4361264003E-19   -7.9284684794E-19    2.0645503904E-10    5.2225879709E-20
    -4.3581004406E-20   -8.8682358925E-21    5.2225879709E-20    5.6528154856E-10

 The Neutral Axes (or Tension Center) of the Cross Section
 ========================================================

  Xt2 =   -7.7096103002E-11
  Xt3 =   -1.6643461047E-09

 Classical Stiffness Matrix (correct up to the 2nd order) (1-extension; 2-twist; 3,4-bending)
 ========================================================

     8.0923487649E+09    6.0136742815E+03   -1.3468446051E+01    6.2388864825E-01
     6.0136742815E+03    1.9631856518E+08    7.5390985826E-01    3.0803435794E-03
    -1.3468446051E+01    7.5390985826E-01    4.8436696175E+09   -4.4750250211E-01
     6.2388864825E-01    3.0803435794E-03   -4.4750250211E-01    1.7690299684E+09

 Classical Flexibility Matrix (correct up to the 2nd order) (1-extension; 2-twist; 3,4-bending)
 ========================================================

     1.2357351729E-10   -3.7853316732E-15    3.4361264003E-19   -4.3581004406E-20
    -3.7853316732E-15    5.0937617596E-09   -7.9284684794E-19   -8.8682358925E-21
     3.4361264003E-19   -7.9284684794E-19    2.0645503904E-10    5.2225879709E-20
    -4.3581004406E-20   -8.8682358925E-21    5.2225879709E-20    5.6528154856E-10

 The Neutral Axes (or Tension Center) of the Cross Section, Corrected by Initial Curvature/Twist
 ========================================================

  Xt2 =   -7.7096103002E-11
  Xt3 =   -1.6643461047E-09

 Timoshenko Stiffness Matrix (1-extension; 2,3-shear, 4-twist; 5,6-bending)
 ========================================================

     8.0923487649E+09   -6.2309410891E-01    1.1117334738E-02    6.0136742815E+03   -1.3468445218E+01    6.2388824229E-01
    -6.2309410891E-01    3.9739409902E+08    6.4869612086E-03    1.1360088750E+00   -5.3126252473E+02   -5.1980740869E-04
     1.1117334738E-02    6.4869612086E-03    8.8849158546E+07    2.3557142408E-02   -9.6019854509E-03   -3.2444056518E+03
     6.0136742815E+03    1.1360088750E+00    2.3557142408E-02    1.9631856518E+08    7.5390833956E-01    3.0794833681E-03
    -1.3468445218E+01   -5.3126252473E+02   -9.6019854509E-03    7.5390833956E-01    4.8436696175E+09   -4.4750215079E-01
     6.2388824229E-01   -5.1980740869E-04   -3.2444056518E+03    3.0794833681E-03   -4.4750215079E-01    1.7690299685E+09

 Timoshenko Flexibility Matrix (1-extension; 2,3-shear, 4-twist; 5,6-bending)
 ========================================================

     1.2357351729E-10    1.9376838647E-19   -1.5462840615E-20   -3.7853316732E-15    3.4361264003E-19   -4.3581004406E-20
     1.9376838647E-19    2.5163936819E-09   -1.8372422517E-19   -1.4561266411E-17    2.7600265217E-16    7.3914374663E-22
    -1.5462840615E-20   -1.8372422517E-19    1.1255030621E-08   -1.3505412964E-18    2.2313615345E-20    2.0641755994E-14
    -3.7853316732E-15   -1.4561266411E-17   -1.3505412964E-18    5.0937617596E-09   -7.9284684794E-19   -8.8682358925E-21
     3.4361264003E-19    2.7600265217E-16    2.2313615345E-20   -7.9284684794E-19    2.0645503904E-10    5.2225879709E-20
    -4.3581004406E-20    7.3914374663E-22    2.0641755994E-14   -8.8682358925E-21    5.2225879709E-20    5.6528154856E-10

 The Generalized Shear Center of the Cross Section in the User Coordinate System
 ========================================================

  Xs2 =    2.6513632952E-10
  Xs3 =   -2.8586469289E-09
