
 The 6X6 Mass Matrix
 ========================================================

     2.3831456000E+02    0.0000000000E+00    0.0000000000E+00    0.0000000000E+00   -7.4940054162E-16   -3.2795988147E-13
     0.0000000000E+00    2.3831456000E+02    0.0000000000E+00    7.4940054162E-16    0.0000000000E+00    0.0000000000E+00
     0.0000000000E+00    0.0000000000E+00    2.3831456000E+02    3.2795988147E-13    0.0000000000E+00    0.0000000000E+00
     0.0000000000E+00    7.4940054162E-16    3.2795988147E-13    9.4162874620E+01    0.0000000000E+00    0.0000000000E+00
    -7.4940054162E-16    0.0000000000E+00    0.0000000000E+00    0.0000000000E+00    3.0689909561E+01    9.7144514655E-16
    -3.2795988147E-13    0.0000000000E+00    0.0000000000E+00    0.0000000000E+00    9.7144514655E-16    6.3472965059E+01

 The Mass Center of the Cross Section
 ========================================================

  Xm2 =    1.3761638461E-15
  Xm3 =   -3.1445856335E-18

 The 6X6 Mass Matrix at the Mass Center
 ========================================================

   2.383145600000E+02  0.000000000000E+00  0.000000000000E+00  0.000000000000E+00  0.000000000000E+00  0.000000000000E+00
   0.000000000000E+00  2.383145600000E+02  0.000000000000E+00  0.000000000000E+00  0.000000000000E+00  0.000000000000E+00
   0.000000000000E+00  0.000000000000E+00  2.383145600000E+02  0.000000000000E+00  0.000000000000E+00  0.000000000000E+00
   0.000000000000E+00  0.000000000000E+00  0.000000000000E+00  9.416287461973E+01  0.000000000000E+00  0.000000000000E+00
   0.000000000000E+00  0.000000000000E+00  0.000000000000E+00  0.000000000000E+00  3.068990956075E+01  9.714451465470E-16
   0.000000000000E+00  0.000000000000E+00  0.000000000000E+00  0.000000000000E+00  9.714451465470E-16  6.347296505899E+01

 The Mass Properties with respect to Principal Inertial Axes
 ========================================================

 Mass Per Unit Span                     =    2.3831456000E+02
 Mass Moments of Intertia about x1 axis =    9.4162874620E+01
 Mass Moments of Intertia about x2 axis =    3.0689909561E+01
 Mass Moments of Intertia about x3 axis =    6.3472965059E+01
 The user coordinate axes are the principal inertial axes.
 The mass-weighted radius of gyration   =    6.2858579981E-01

 The Geometric Center of the Cross Section
 ========================================================

  Xg2 =    1.6202086150E-15
  Xg3 =    3.9708214779E-18

 Classical Stiffness Matrix (1-extension; 2-twist; 3,4-bending)
 ========================================================

     4.5387534532E+09    1.6330760228E+03   -3.3156785990E-01    1.9347697416E-01
     1.6330760228E+03    5.9669920540E+07    1.2052632644E-03   -2.6632072897E-04
    -3.3156785990E-01    1.2052632644E-03    6.3383701218E+08   -1.7307863280E-01
     1.9347697416E-01   -2.6632072897E-04   -1.7307863280E-01    9.7287979810E+08

 Classical Flexibility Matrix (1-extension; 2-twist; 3,4-bending)
 ========================================================

     2.2032481172E-10   -6.0299588802E-15    1.1525460357E-19   -4.3816080439E-20
    -6.0299588802E-15    1.6758862606E-08   -3.1870718187E-20    4.5888496886E-21
     1.1525460357E-19   -3.1870718187E-20    1.5776926572E-09    2.8067690233E-19
    -4.3816080439E-20    4.5888496886E-21    2.8067690233E-19    1.0278762103E-09

 The Neutral Axes (or Tension Center) of the Cross Section
 ========================================================

  Xt2 =   -4.2627779511E-11
  Xt3 =   -7.3052633573E-11

 Classical Stiffness Matrix (correct up to the 2nd order) (1-extension; 2-twist; 3,4-bending)
 ========================================================

     4.5387534532E+09    1.6330760228E+03   -3.3156785990E-01    1.9347697416E-01
     1.6330760228E+03    5.9669920540E+07    1.2052632644E-03   -2.6632072897E-04
    -3.3156785990E-01    1.2052632644E-03    6.3383701218E+08   -1.7307863280E-01
     1.9347697416E-01   -2.6632072897E-04   -1.7307863280E-01    9.7287979810E+08

 Classical Flexibility Matrix (correct up to the 2nd order) (1-extension; 2-twist; 3,4-bending)
 ========================================================

     2.2032481172E-10   -6.0299588802E-15    1.1525460357E-19   -4.3816080439E-20
    -6.0299588802E-15    1.6758862606E-08   -3.1870718187E-20    4.5888496886E-21
     1.1525460357E-19   -3.1870718187E-20    1.5776926572E-09    2.8067690233E-19
    -4.3816080439E-20    4.5888496886E-21    2.8067690233E-19    1.0278762103E-09

 The Neutral Axes (or Tension Center) of the Cross Section, Corrected by Initial Curvature/Twist
 ========================================================

  Xt2 =   -4.2627779511E-11
  Xt3 =   -7.3052633573E-11

 Timoshenko Stiffness Matrix (1-extension; 2,3-shear, 4-twist; 5,6-bending)
 ========================================================

     4.5387534532E+09   -6.4344751905E-04    1.0010432753E-03    1.6330760228E+03   -3.3156785991E-01    1.9347694539E-01
    -6.4344751905E-04    2.3497420519E+08    1.1666300616E-02   -1.2715241136E-02    4.5494886884E+00   -6.1113127936E-04
     1.0010432753E-03    1.1666300616E-02    3.2608368640E+07   -3.2614475346E-03   -8.1700622531E-04   -9.3744841456E+02
     1.6330760228E+03   -1.2715241136E-02   -3.2614475346E-03    5.9669920540E+07    1.2052630183E-03   -2.6622696654E-04
    -3.3156785991E-01    4.5494886884E+00   -8.1700622531E-04    1.2052630183E-03    6.3383701218E+08   -1.7307860933E-01
     1.9347694539E-01   -6.1113127936E-04   -9.3744841456E+02   -2.6622696654E-04   -1.7307860933E-01    9.7287979813E+08

 Timoshenko Flexibility Matrix (1-extension; 2,3-shear, 4-twist; 5,6-bending)
 ========================================================

     2.2032481172E-10    6.0300345178E-22   -6.7656071736E-21   -6.0299588802E-15    1.1525460357E-19   -4.3816080439E-20
     6.0300345178E-22    4.2557862860E-09   -1.5225931795E-18    9.0687816251E-19   -3.0546735511E-17    2.6718732193E-21
    -6.7656071736E-21   -1.5225931795E-18    3.0666974208E-08    1.6762004276E-18    3.9537341260E-20    2.9550111335E-14
    -6.0299588802E-15    9.0687816251E-19    1.6762004276E-18    1.6758862606E-08   -3.1870718187E-20    4.5888496886E-21
     1.1525460357E-19   -3.0546735511E-17    3.9537341260E-20   -3.1870718187E-20    1.5776926572E-09    2.8067690233E-19
    -4.3816080439E-20    2.6718732193E-21    2.9550111335E-14    4.5888496886E-21    2.8067690233E-19    1.0278762103E-09

 The Generalized Shear Center of the Cross Section in the User Coordinate System
 ========================================================

  Xs2 =   -1.0001874632E-10
  Xs3 =    5.4113347896E-11
