
 The 6X6 Mass Matrix
 ========================================================

     4.4258544000E+02    0.0000000000E+00    0.0000000000E+00    0.0000000000E+00    1.5584755708E-14   -1.1118883592E-13
     0.0000000000E+00    4.4258544000E+02    0.0000000000E+00   -1.5584755708E-14    0.0000000000E+00    0.0000000000E+00
     0.0000000000E+00    0.0000000000E+00    4.4258544000E+02    1.1118883592E-13    0.0000000000E+00    0.0000000000E+00
     0.0000000000E+00   -1.5584755708E-14    1.1118883592E-13    1.8638178393E+02    0.0000000000E+00    0.0000000000E+00
     1.5584755708E-14    0.0000000000E+00    0.0000000000E+00    0.0000000000E+00    8.0878556966E+01    7.2164496601E-16
    -1.1118883592E-13    0.0000000000E+00    0.0000000000E+00    0.0000000000E+00    7.2164496601E-16    1.0550322697E+02

 The Mass Center of the Cross Section
 ========================================================

  Xm2 =    2.5122569761E-16
  Xm3 =    3.5212987820E-17

 The Mass Properties with respect to Principal Inertial Axes
 ========================================================

 Mass Per Unit Span                     =    4.4258544000E+02
 Mass Moments of Intertia about x1 axis =    1.8638178393E+02
 Mass Moments of Intertia about x2 axis =    8.0878556966E+01
 Mass Moments of Intertia about x3 axis =    1.0550322697E+02
 The user coordinate axes are the principal inertial axes.
 The mass-weighted radius of gyration   =    6.4893794747E-01

 The Geometric Center of the Cross Section
 ========================================================

  Xg2 =   -5.1483609143E-16
  Xg3 =   -2.0931439461E-17

 Classical Stiffness Matrix (1-extension; 2-twist; 3,4-bending)
 ========================================================

     8.8574732705E+09    3.6132592700E+03   -3.1858647701E+00    1.1241579292E+01
     3.6132592700E+03    1.1051996725E+08    3.9951114129E-02   -1.5035744170E-02
    -3.1858647701E+00    3.9951114129E-02    1.7018137242E+09   -3.9991338696E-01
     1.1241579292E+01   -1.5035744170E-02   -3.9991338696E-01    1.8070368012E+09

 Classical Flexibility Matrix (1-extension; 2-twist; 3,4-bending)
 ========================================================

     1.1289901414E-10   -3.6910380952E-15    2.1135165018E-19   -7.0234500705E-19
    -3.6910380952E-15    9.0481387651E-09   -2.1241748051E-19    7.5309474941E-20
     2.1135165018E-19   -2.1241748051E-19    5.8760837676E-10    1.3004298176E-19
    -7.0234500705E-19    7.5309474941E-20    1.3004298176E-19    5.5339216075E-10

 The Neutral Axes (or Tension Center) of the Cross Section
 ========================================================

  Xt2 =   -1.2691632750E-09
  Xt3 =   -3.5968113919E-10

 Classical Stiffness Matrix (correct up to the 2nd order) (1-extension; 2-twist; 3,4-bending)
 ========================================================

     8.8574732705E+09    3.6132592700E+03   -3.1858647701E+00    1.1241579292E+01
     3.6132592700E+03    1.1051996725E+08    3.9951114129E-02   -1.5035744170E-02
    -3.1858647701E+00    3.9951114129E-02    1.7018137242E+09   -3.9991338696E-01
     1.1241579292E+01   -1.5035744170E-02   -3.9991338696E-01    1.8070368012E+09

 Classical Flexibility Matrix (correct up to the 2nd order) (1-extension; 2-twist; 3,4-bending)
 ========================================================

     1.1289901414E-10   -3.6910380952E-15    2.1135165018E-19   -7.0234500705E-19
    -3.6910380952E-15    9.0481387651E-09   -2.1241748051E-19    7.5309474941E-20
     2.1135165018E-19   -2.1241748051E-19    5.8760837676E-10    1.3004298176E-19
    -7.0234500705E-19    7.5309474941E-20    1.3004298176E-19    5.5339216075E-10

 The Neutral Axes (or Tension Center) of the Cross Section, Corrected by Initial Curvature/Twist
 ========================================================

  Xt2 =   -1.2691632750E-09
  Xt3 =   -3.5968113919E-10

 Timoshenko Stiffness Matrix (1-extension; 2,3-shear, 4-twist; 5,6-bending)
 ========================================================

     8.8574732705E+09    9.5895461845E-04    1.7131232800E-02    3.6132592700E+03   -3.1858647704E+00    1.1241578630E+01
     9.5895461845E-04    4.6387748421E+08    2.2147324684E-02    3.5664729234E-02   -1.6121225392E+02    3.6490314918E-03
     1.7131232800E-02    2.2147324684E-02    5.2892181148E+07   -2.7632933972E+01   -2.2711481225E-03   -2.0468405300E+03
     3.6132592700E+03    3.5664729234E-02   -2.7632933972E+01    1.1051996725E+08    3.9951102921E-02   -1.3966395015E-02
    -3.1858647704E+00   -1.6121225392E+02   -2.2711481225E-03    3.9951102921E-02    1.7018137242E+09   -3.9991330033E-01
     1.1241578630E+01    3.6490314918E-03   -2.0468405300E+03   -1.3966395015E-02   -3.9991330033E-01    1.8070368013E+09

 Timoshenko Flexibility Matrix (1-extension; 2,3-shear, 4-twist; 5,6-bending)
 ========================================================

     1.1289901414E-10   -2.3303419317E-22   -3.8522349611E-20   -3.6910380952E-15    2.1135165018E-19   -7.0234500705E-19
    -2.3303419317E-22    2.1557416215E-09   -9.0266531389E-19   -6.9565686094E-19    2.0421269423E-16   -4.3541642379E-21
    -3.8522349611E-20   -9.0266531389E-19    1.8906386130E-08    4.7270998445E-15    2.5236271483E-20    2.1415367621E-14
    -3.6910380952E-15   -6.9565686094E-19    4.7270998445E-15    9.0481387651E-09   -2.1241748051E-19    7.5309474941E-20
     2.1135165018E-19    2.0421269423E-16    2.5236271483E-20   -2.1241748051E-19    5.8760837676E-10    1.3004298176E-19
    -7.0234500705E-19   -4.3541642379E-21    2.1415367621E-14    7.5309474941E-20    1.3004298176E-19    5.5339216075E-10

 The Generalized Shear Center of the Cross Section in the User Coordinate System
 ========================================================

  Xs2 =   -5.2243892001E-07
  Xs3 =   -7.6883973489E-11
