
 The 6X6 Mass Matrix
 ========================================================

     8.6577360000E+01    0.0000000000E+00    0.0000000000E+00    0.0000000000E+00   -1.1275702594E-16   -4.5288425787E-13
     0.0000000000E+00    8.6577360000E+01    0.0000000000E+00    1.1275702594E-16    0.0000000000E+00    0.0000000000E+00
     0.0000000000E+00    0.0000000000E+00    8.6577360000E+01    4.5288425787E-13    0.0000000000E+00    0.0000000000E+00
     0.0000000000E+00    1.1275702594E-16    4.5288425787E-13    3.8168429453E+01    0.0000000000E+00    0.0000000000E+00
    -1.1275702594E-16    0.0000000000E+00    0.0000000000E+00    0.0000000000E+00    6.5688060188E+00    1.7087026238E-16
    -4.5288425787E-13    0.0000000000E+00    0.0000000000E+00    0.0000000000E+00    1.7087026238E-16    3.1599623434E+01

 The Mass Center of the Cross Section
 ========================================================

  Xm2 =    5.2309779124E-15
  Xm3 =   -1.3023846643E-18

 The 6X6 Mass Matrix at the Mass Center
 ========================================================

   8.657735999999E+01  0.000000000000E+00  0.000000000000E+00  0.000000000000E+00  0.000000000000E+00  0.000000000000E+00
   0.000000000000E+00  8.657735999999E+01  0.000000000000E+00  0.000000000000E+00  0.000000000000E+00  0.000000000000E+00
   0.000000000000E+00  0.000000000000E+00  8.657735999999E+01  0.000000000000E+00  0.000000000000E+00  0.000000000000E+00
   0.000000000000E+00  0.000000000000E+00  0.000000000000E+00  3.816842945270E+01  0.000000000000E+00  0.000000000000E+00
   0.000000000000E+00  0.000000000000E+00  0.000000000000E+00  0.000000000000E+00  6.568806018780E+00  1.708702623837E-16
   0.000000000000E+00  0.000000000000E+00  0.000000000000E+00  0.000000000000E+00  1.708702623837E-16  3.159962343392E+01

 The Mass Properties with respect to Principal Inertial Axes
 ========================================================

 Mass Per Unit Span                     =    8.6577360000E+01
 Mass Moments of Intertia about x1 axis =    3.8168429453E+01
 Mass Moments of Intertia about x2 axis =    6.5688060188E+00
 Mass Moments of Intertia about x3 axis =    3.1599623434E+01
 The user coordinate axes are the principal inertial axes.
 The mass-weighted radius of gyration   =    6.6397232150E-01

 The Geometric Center of the Cross Section
 ========================================================

  Xg2 =   -3.2172343650E-15
  Xg3 =    1.8312397390E-17

 Classical Stiffness Matrix (1-extension; 2-twist; 3,4-bending)
 ========================================================

     1.3536711218E+09    9.5447953539E+02   -2.5557832034E-01   -7.6052401600E-02
     9.5447953539E+02    2.3513983335E+07    9.6632060463E-05   -1.6113412685E-04
    -2.5557832034E-01    9.6632060463E-05    1.2423982178E+08   -2.7589363987E-02
    -7.6052401600E-02   -1.6113412685E-04   -2.7589363987E-02    3.5350231775E+08

 Classical Flexibility Matrix (1-extension; 2-twist; 3,4-bending)
 ========================================================

     7.3873187064E-10   -2.9986601701E-14    1.5196726047E-18    1.5893057920E-19
    -2.9986601701E-14    4.2527885887E-08   -3.3139303535E-20    1.9378693890E-20
     1.5196726047E-18   -3.3139303535E-20    8.0489490862E-09    6.2818650689E-19
     1.5893057920E-19    1.9378693890E-20    6.2818650689E-19    2.8288357665E-09

 The Neutral Axes (or Tension Center) of the Cross Section
 ========================================================

  Xt2 =    5.6182328068E-11
  Xt3 =   -1.8880385357E-10

 Classical Stiffness Matrix (correct up to the 2nd order) (1-extension; 2-twist; 3,4-bending)
 ========================================================

     1.3536711218E+09    9.5447953539E+02   -2.5557832034E-01   -7.6052401600E-02
     9.5447953539E+02    2.3513983335E+07    9.6632060463E-05   -1.6113412685E-04
    -2.5557832034E-01    9.6632060463E-05    1.2423982178E+08   -2.7589363987E-02
    -7.6052401600E-02   -1.6113412685E-04   -2.7589363987E-02    3.5350231775E+08

 Classical Flexibility Matrix (correct up to the 2nd order) (1-extension; 2-twist; 3,4-bending)
 ========================================================

     7.3873187064E-10   -2.9986601701E-14    1.5196726047E-18    1.5893057920E-19
    -2.9986601701E-14    4.2527885887E-08   -3.3139303535E-20    1.9378693890E-20
     1.5196726047E-18   -3.3139303535E-20    8.0489490862E-09    6.2818650689E-19
     1.5893057920E-19    1.9378693890E-20    6.2818650689E-19    2.8288357665E-09

 The Neutral Axes (or Tension Center) of the Cross Section, Corrected by Initial Curvature/Twist
 ========================================================

  Xt2 =    5.6182328068E-11
  Xt3 =   -1.8880385357E-10

 Timoshenko Stiffness Matrix (1-extension; 2,3-shear, 4-twist; 5,6-bending)
 ========================================================

     1.3536711218E+09    3.8126248625E-03    6.8383491860E-04    9.5447953539E+02   -2.5557832201E-01   -7.6052424919E-02
     3.8126248625E-03    6.7509364573E+07   -2.9880201445E-03   -8.3539097033E-03   -2.9529440276E+01    3.3135202164E-04
     6.8383491860E-04   -2.9880201445E-03    1.9921467231E+07    1.2151031860E-02   -4.4512465949E-04   -6.7933811203E+02
     9.5447953539E+02   -8.3539097033E-03    1.2151031860E-02    2.3513983335E+07    9.6635714296E-05   -1.6154848688E-04
    -2.5557832201E-01   -2.9529440276E+01   -4.4512465949E-04    9.6635714296E-05    1.2423982178E+08   -2.7589348953E-02
    -7.6052424919E-02    3.3135202164E-04   -6.7933811203E+02   -1.6154848688E-04   -2.7589348953E-02    3.5350231778E+08

 Timoshenko Flexibility Matrix (1-extension; 2,3-shear, 4-twist; 5,6-bending)
 ========================================================

     7.3873187064E-10   -4.1723294907E-20   -2.5334394624E-20   -2.9986601701E-14    1.5196726047E-18    1.5893057920E-19
    -4.1723294907E-20    1.4812759775E-08    2.2217649014E-18    5.2625918507E-18    3.5207109832E-15   -1.3880054499E-20
    -2.5334394624E-20    2.2217649014E-18    5.0197105889E-08   -2.5939739111E-17    1.7986742392E-19    9.6465582910E-14
    -2.9986601701E-14    5.2625918507E-18   -2.5939739111E-17    4.2527885887E-08   -3.3139303535E-20    1.9378693890E-20
     1.5196726047E-18    3.5207109832E-15    1.7986742392E-19   -3.3139303535E-20    8.0489490862E-09    6.2818650689E-19
     1.5893057920E-19   -1.3880054499E-20    9.6465582910E-14    1.9378693890E-20    6.2818650689E-19    2.8288357665E-09

 The Generalized Shear Center of the Cross Section in the User Coordinate System
 ========================================================

  Xs2 =    6.0994659316E-10
  Xs3 =    1.2374449707E-10
