
 The 6X6 Mass Matrix
 ========================================================

     2.2896952000E+02    0.0000000000E+00    0.0000000000E+00    0.0000000000E+00   -3.5943470422E-15   -7.4005932000E+01
     0.0000000000E+00    2.2896952000E+02    0.0000000000E+00    3.5943470422E-15    0.0000000000E+00    0.0000000000E+00
     0.0000000000E+00    0.0000000000E+00    2.2896952000E+02    7.4005932000E+01    0.0000000000E+00    0.0000000000E+00
     0.0000000000E+00    3.5943470422E-15    7.4005932000E+01    1.1797425232E+02    0.0000000000E+00    0.0000000000E+00
    -3.5943470422E-15    0.0000000000E+00    0.0000000000E+00    0.0000000000E+00    1.7116033867E+01    6.3143934526E-16
    -7.4005932000E+01    0.0000000000E+00    0.0000000000E+00    0.0000000000E+00    6.3143934526E-16    1.0085821845E+02

 The Mass Center of the Cross Section
 ========================================================

  Xm2 =    3.2321302853E-01
  Xm3 =   -1.5697928013E-17

 The 6X6 Mass Matrix at the Mass Center
 ========================================================

   2.289695200000E+02  0.000000000000E+00  0.000000000000E+00  0.000000000000E+00  0.000000000000E+00  0.000000000000E+00
   0.000000000000E+00  2.289695200000E+02  0.000000000000E+00  0.000000000000E+00  0.000000000000E+00  0.000000000000E+00
   0.000000000000E+00  0.000000000000E+00  2.289695200000E+02  0.000000000000E+00  0.000000000000E+00  0.000000000000E+00
   0.000000000000E+00  0.000000000000E+00  0.000000000000E+00  9.405457091083E+01  0.000000000000E+00  0.000000000000E+00
   0.000000000000E+00  0.000000000000E+00  0.000000000000E+00  0.000000000000E+00  1.711603386687E+01 -5.303004478454E-16
   0.000000000000E+00  0.000000000000E+00  0.000000000000E+00  0.000000000000E+00 -5.303004478454E-16  7.693853704395E+01

 The Mass Properties with respect to Principal Inertial Axes
 ========================================================

 Mass Per Unit Span                     =    2.2896952000E+02
 Mass Moments of Intertia about x1 axis =    9.4054570911E+01
 Mass Moments of Intertia about x2 axis =    1.7116033867E+01
 Mass Moments of Intertia about x3 axis =    7.6938537044E+01
 The user coordinate axes are the principal inertial axes.
 The mass-weighted radius of gyration   =    6.4091600415E-01

 The Geometric Center of the Cross Section
 ========================================================

  Xg2 =    3.0715470662E-15
  Xg3 =   -1.2955476007E-18

 Classical Stiffness Matrix (1-extension; 2-twist; 3,4-bending)
 ========================================================

     3.9372217855E+09    1.0420913556E+03    8.9028567619E-01   -1.2378198450E+09
     1.0420913556E+03    5.2023616751E+07    9.5637873175E-03    5.7938164423E+02
     8.9028567619E-01    9.5637873175E-03    3.2895801670E+08    5.2150571590E-01
    -1.2378198450E+09    5.7938164423E+02    5.2150571590E-01    1.5362732394E+09

 Classical Flexibility Matrix (1-extension; 2-twist; 3,4-bending)
 ========================================================

     3.4015057623E-10   -9.8658773503E-15   -1.3550657171E-18    2.7406917126E-10
    -9.8658773503E-15    1.9222039190E-08   -5.5879101810E-19   -1.5198517324E-14
    -1.3550657171E-18   -5.5879101810E-19    3.0399015961E-09   -2.1237452340E-18
     2.7406917126E-10   -1.5198517324E-14   -2.1237452340E-18    8.7175134263E-10

 The Neutral Axes (or Tension Center) of the Cross Section
 ========================================================

  Xt2 =    3.1438915876E-01
  Xt3 =    2.2612022719E-10

 Classical Stiffness Matrix (correct up to the 2nd order) (1-extension; 2-twist; 3,4-bending)
 ========================================================

     3.9372217855E+09    1.0420913556E+03    8.9028567619E-01   -1.2378198450E+09
     1.0420913556E+03    5.2023616751E+07    9.5637873175E-03    5.7938164423E+02
     8.9028567619E-01    9.5637873175E-03    3.2895801670E+08    5.2150571590E-01
    -1.2378198450E+09    5.7938164423E+02    5.2150571590E-01    1.5362732394E+09

 Classical Flexibility Matrix (correct up to the 2nd order) (1-extension; 2-twist; 3,4-bending)
 ========================================================

     3.4015057623E-10   -9.8658773503E-15   -1.3550657171E-18    2.7406917126E-10
    -9.8658773503E-15    1.9222039190E-08   -5.5879101810E-19   -1.5198517324E-14
    -1.3550657171E-18   -5.5879101810E-19    3.0399015961E-09   -2.1237452340E-18
     2.7406917126E-10   -1.5198517324E-14   -2.1237452340E-18    8.7175134263E-10

 The Neutral Axes (or Tension Center) of the Cross Section, Corrected by Initial Curvature/Twist
 ========================================================

  Xt2 =    3.1438915876E-01
  Xt3 =    2.2612022719E-10

 Timoshenko Stiffness Matrix (1-extension; 2,3-shear, 4-twist; 5,6-bending)
 ========================================================

     3.9372217855E+09    1.2194984730E-02   -7.3590219827E+02    7.0104733678E+02    8.9028586705E-01   -1.2378198450E+09
     1.2194984730E-02    1.2997196939E+08   -7.0350690069E-03    3.1790368100E-02   -2.7043897889E+01   -1.9377821525E-02
    -7.3590219827E+02   -7.0350690069E-03    7.0207331672E+07    3.2536647672E+07   -1.8450308921E-02   -8.3237380666E+02
     7.0104733678E+02    3.1790368100E-02    3.2536647672E+07    6.7102290396E+07    1.0132314346E-03    1.9362915039E+02
     8.9028586705E-01   -2.7043897889E+01   -1.8450308921E-02    1.0132314346E-03    3.2895801670E+08    5.2150593868E-01
    -1.2378198450E+09   -1.9377821525E-02   -8.3237380666E+02    1.9362915039E+02    5.2150593868E-01    1.5362732394E+09

 Timoshenko Flexibility Matrix (1-extension; 2,3-shear, 4-twist; 5,6-bending)
 ========================================================

     3.4015057623E-10    8.9487718789E-21    1.1386960770E-14   -9.8658773503E-15   -1.3550657171E-18    2.7406917126E-10
     8.9487718789E-21    7.6939666658E-09    3.1733211170E-18   -5.1837767182E-18    6.3252706519E-16    1.0426048663E-19
     1.1386960770E-14    3.1733211170E-18    1.8371911096E-08   -8.9081966485E-09    1.0578033341E-18    2.0251729536E-14
    -9.8658773503E-15   -5.1837767182E-18   -8.9081966485E-09    1.9222039190E-08   -5.5879101810E-19   -1.5198517324E-14
    -1.3550657171E-18    6.3252706519E-16    1.0578033341E-18   -5.5879101810E-19    3.0399015961E-09   -2.1237452340E-18
     2.7406917126E-10    1.0426048663E-19    2.0251729536E-14   -1.5198517324E-14   -2.1237452340E-18    8.7175134263E-10

 The Generalized Shear Center of the Cross Section in the User Coordinate System
 ========================================================

  Xs2 =    4.6343660837E-01
  Xs3 =   -2.6967881331E-10
