
 The 6X6 Mass Matrix
 ========================================================

     6.6008960000E+02    0.0000000000E+00    0.0000000000E+00    0.0000000000E+00    2.4535928844E-14   -7.2003514262E-13
     0.0000000000E+00    6.6008960000E+02    0.0000000000E+00   -2.4535928844E-14    0.0000000000E+00    0.0000000000E+00
     0.0000000000E+00    0.0000000000E+00    6.6008960000E+02    7.2003514262E-13    0.0000000000E+00    0.0000000000E+00
     0.0000000000E+00   -2.4535928844E-14    7.2003514262E-13    4.0001035802E+02    0.0000000000E+00    0.0000000000E+00
     2.4535928844E-14    0.0000000000E+00    0.0000000000E+00    0.0000000000E+00    2.4414177451E+02   -9.1593399532E-16
    -7.2003514262E-13    0.0000000000E+00    0.0000000000E+00    0.0000000000E+00   -9.1593399532E-16    1.5586858352E+02

 The Mass Center of the Cross Section
 ========================================================

  Xm2 =    1.0908142510E-15
  Xm3 =    3.7170603573E-17

 The 6X6 Mass Matrix at the Mass Center
 ========================================================

   6.600896000000E+02  0.000000000000E+00  0.000000000000E+00  0.000000000000E+00  0.000000000000E+00  0.000000000000E+00
   0.000000000000E+00  6.600896000000E+02  0.000000000000E+00  0.000000000000E+00  0.000000000000E+00  0.000000000000E+00
   0.000000000000E+00  0.000000000000E+00  6.600896000000E+02  0.000000000000E+00  0.000000000000E+00  0.000000000000E+00
   0.000000000000E+00  0.000000000000E+00  0.000000000000E+00  4.000103580245E+02  0.000000000000E+00  0.000000000000E+00
   0.000000000000E+00  0.000000000000E+00  0.000000000000E+00  0.000000000000E+00  2.441417745067E+02 -9.159339953157E-16
   0.000000000000E+00  0.000000000000E+00  0.000000000000E+00  0.000000000000E+00 -9.159339953157E-16  1.558685835179E+02

 The Mass Properties with respect to Principal Inertial Axes
 ========================================================

 Mass Per Unit Span                     =    6.6008960000E+02
 Mass Moments of Intertia about x1 axis =    4.0001035802E+02
 Mass Moments of Intertia about x2 axis =    2.4414177451E+02
 Mass Moments of Intertia about x3 axis =    1.5586858352E+02
 The user coordinate axes are the principal inertial axes.
 The mass-weighted radius of gyration   =    7.7845618487E-01

 The Geometric Center of the Cross Section
 ========================================================

  Xg2 =    2.1578820095E-15
  Xg3 =    9.9701136953E-17

 Classical Stiffness Matrix (1-extension; 2-twist; 3,4-bending)
 ========================================================

     1.3261822314E+10    6.4161981661E+03    8.1272543876E-01    4.3337895611E-01
     6.4161981661E+03    1.8980293652E+08   -8.6292381943E-04   -5.0717455932E-04
     8.1272543876E-01   -8.6292381943E-04    5.1443720028E+09    4.2784080862E-01
     4.3337895611E-01   -5.0717455932E-04    4.2784080862E-01    2.6951745740E+09

 Classical Flexibility Matrix (1-extension; 2-twist; 3,4-bending)
 ========================================================

     7.5404418516E-11   -2.5490105721E-15   -1.1912647702E-20   -1.2124887859E-20
    -2.5490105721E-15    5.2686223847E-09    8.8416844548E-22    9.9185260545E-22
    -1.1912647702E-20    8.8416844548E-22    1.9438718651E-10   -3.0857656442E-20
    -1.2124887859E-20    9.9185260545E-22   -3.0857656442E-20    3.7103347948E-10

 The Neutral Axes (or Tension Center) of the Cross Section
 ========================================================

  Xt2 =   -3.2678689475E-11
  Xt3 =    6.1283091322E-11

 Classical Stiffness Matrix (correct up to the 2nd order) (1-extension; 2-twist; 3,4-bending)
 ========================================================

     1.3261822314E+10    6.4161981661E+03    8.1272543876E-01    4.3337895611E-01
     6.4161981661E+03    1.8980293652E+08   -8.6292381943E-04   -5.0717455932E-04
     8.1272543876E-01   -8.6292381943E-04    5.1443720028E+09    4.2784080862E-01
     4.3337895611E-01   -5.0717455932E-04    4.2784080862E-01    2.6951745740E+09

 Classical Flexibility Matrix (correct up to the 2nd order) (1-extension; 2-twist; 3,4-bending)
 ========================================================

     7.5404418516E-11   -2.5490105721E-15   -1.1912647702E-20   -1.2124887859E-20
    -2.5490105721E-15    5.2686223847E-09    8.8416844548E-22    9.9185260545E-22
    -1.1912647702E-20    8.8416844548E-22    1.9438718651E-10   -3.0857656442E-20
    -1.2124887859E-20    9.9185260545E-22   -3.0857656442E-20    3.7103347948E-10

 The Neutral Axes (or Tension Center) of the Cross Section, Corrected by Initial Curvature/Twist
 ========================================================

  Xt2 =   -3.2678689475E-11
  Xt3 =    6.1283091322E-11

 Timoshenko Stiffness Matrix (1-extension; 2,3-shear, 4-twist; 5,6-bending)
 ========================================================

     1.3261822314E+10    1.8300456510E-04    2.6005779702E-04    6.4161981661E+03    8.1272543863E-01    4.3337894532E-01
     1.8300456510E-04    6.8949031714E+08    2.4264345541E-03   -3.0490695681E-02   -4.7539012119E+02   -1.6064146939E-05
     2.6005779702E-04    2.4264345541E-03    8.2987209521E+07    9.1169927220E-03    3.3743978258E-04   -3.4421970269E+03
     6.4161981661E+03   -3.0490695681E-02    9.1169927220E-03    1.8980293652E+08   -8.6290279666E-04   -5.0755271983E-04
     8.1272543863E-01   -4.7539012119E+02    3.3743978258E-04   -8.6290279666E-04    5.1443720028E+09    4.2784079463E-01
     4.3337894532E-01   -1.6064146939E-05   -3.4421970269E+03   -5.0755271983E-04    4.2784079463E-01    2.6951745741E+09

 Timoshenko Flexibility Matrix (1-extension; 2,3-shear, 4-twist; 5,6-bending)
 ========================================================

     7.5404418516E-11   -2.0134781783E-23   -2.3651842273E-22   -2.5490105721E-15   -1.1912647702E-20   -1.2124887859E-20
    -2.0134781783E-23    1.4503466911E-09   -4.2406189639E-20    2.3298943971E-19    1.3402617246E-16    8.5691184472E-24
    -2.3651842273E-22   -4.2406189639E-20    1.2050049710E-08   -5.7881194147E-19   -7.9169445119E-22    1.5389966084E-14
    -2.5490105721E-15    2.3298943971E-19   -5.7881194147E-19    5.2686223847E-09    8.8416844548E-22    9.9185260545E-22
    -1.1912647702E-20    1.3402617246E-16   -7.9169445119E-22    8.8416844548E-22    1.9438718651E-10   -3.0857656442E-20
    -1.2124887859E-20    8.5691184472E-24    1.5389966084E-14    9.9185260545E-22   -3.0857656442E-20    3.7103347948E-10

 The Generalized Shear Center of the Cross Section in the User Coordinate System
 ========================================================

  Xs2 =    1.0986020618E-10
  Xs3 =    4.4222079834E-11
