
 The 6X6 Mass Matrix
 ========================================================

     7.3780480000E+02    0.0000000000E+00    0.0000000000E+00    0.0000000000E+00   -4.1355807667E-13   -3.1412095147E-12
     0.0000000000E+00    7.3780480000E+02    0.0000000000E+00    4.1355807667E-13    0.0000000000E+00    0.0000000000E+00
     0.0000000000E+00    0.0000000000E+00    7.3780480000E+02    3.1412095147E-12    0.0000000000E+00    0.0000000000E+00
     0.0000000000E+00    4.1355807667E-13    3.1412095147E-12    2.1878527947E+03    0.0000000000E+00    0.0000000000E+00
    -4.1355807667E-13    0.0000000000E+00    0.0000000000E+00    0.0000000000E+00    1.9626507452E+03    5.1070259133E-15
    -3.1412095147E-12    0.0000000000E+00    0.0000000000E+00    0.0000000000E+00    5.1070259133E-15    2.2520204952E+02

 The Mass Center of the Cross Section
 ========================================================

  Xm2 =    4.2575075612E-15
  Xm3 =   -5.6052505578E-16

 The 6X6 Mass Matrix at the Mass Center
 ========================================================

   7.378048000000E+02  0.000000000000E+00  0.000000000000E+00  0.000000000000E+00  0.000000000000E+00  0.000000000000E+00
   0.000000000000E+00  7.378048000000E+02  0.000000000000E+00  0.000000000000E+00  0.000000000000E+00  0.000000000000E+00
   0.000000000000E+00  0.000000000000E+00  7.378048000000E+02  0.000000000000E+00  0.000000000000E+00  0.000000000000E+00
   0.000000000000E+00  0.000000000000E+00  0.000000000000E+00  2.187852794692E+03  0.000000000000E+00  0.000000000000E+00
   0.000000000000E+00  0.000000000000E+00  0.000000000000E+00  0.000000000000E+00  1.962650745173E+03  5.107025913274E-15
   0.000000000000E+00  0.000000000000E+00  0.000000000000E+00  0.000000000000E+00  5.107025913274E-15  2.252020495189E+02

 The Mass Properties with respect to Principal Inertial Axes
 ========================================================

 Mass Per Unit Span                     =    7.3780480000E+02
 Mass Moments of Intertia about x1 axis =    2.1878527947E+03
 Mass Moments of Intertia about x2 axis =    1.9626507452E+03
 Mass Moments of Intertia about x3 axis =    2.2520204952E+02
 The user coordinate axes are the principal inertial axes.
 The mass-weighted radius of gyration   =    1.7220204745E+00

 The Geometric Center of the Cross Section
 ========================================================

  Xg2 =    2.0939614284E-14
  Xg3 =   -5.9604102120E-17

 Classical Stiffness Matrix (1-extension; 2-twist; 3,4-bending)
 ========================================================

     1.3061212327E+10    2.1150431133E+04    6.8037840905E+01   -1.7085885316E+01
     2.1150431133E+04    5.8926225235E+08    1.5952033648E-01   -2.6895981193E-02
     6.8037840905E+01    1.5952033648E-01    3.9342236527E+10   -3.0892496470E+01
    -1.7085885316E+01   -2.6895981193E-02   -3.0892496470E+01    3.0130521618E+09

 Classical Flexibility Matrix (1-extension; 2-twist; 3,4-bending)
 ========================================================

     7.6562571301E-11   -2.7480657131E-15   -1.3240608703E-19    4.3415751354E-19
    -2.7480657131E-15    1.6970372632E-09   -6.8761973444E-21    1.5133003519E-20
    -1.3240608703E-19   -6.8761973444E-21    2.5417975394E-11    2.6060773950E-19
     4.3415751354E-19    1.5133003519E-20    2.6060773950E-19    3.3188937539E-10

 The Neutral Axes (or Tension Center) of the Cross Section
 ========================================================

  Xt2 =    1.3081392388E-09
  Xt3 =    5.2091516071E-09

 Classical Stiffness Matrix (correct up to the 2nd order) (1-extension; 2-twist; 3,4-bending)
 ========================================================

     1.3061212327E+10    2.1150431133E+04    6.8037840905E+01   -1.7085885316E+01
     2.1150431133E+04    5.8926225235E+08    1.5952033648E-01   -2.6895981193E-02
     6.8037840905E+01    1.5952033648E-01    3.9342236527E+10   -3.0892496470E+01
    -1.7085885316E+01   -2.6895981193E-02   -3.0892496470E+01    3.0130521618E+09

 Classical Flexibility Matrix (correct up to the 2nd order) (1-extension; 2-twist; 3,4-bending)
 ========================================================

     7.6562571301E-11   -2.7480657131E-15   -1.3240608703E-19    4.3415751354E-19
    -2.7480657131E-15    1.6970372632E-09   -6.8761973444E-21    1.5133003519E-20
    -1.3240608703E-19   -6.8761973444E-21    2.5417975394E-11    2.6060773950E-19
     4.3415751354E-19    1.5133003519E-20    2.6060773950E-19    3.3188937539E-10

 The Neutral Axes (or Tension Center) of the Cross Section, Corrected by Initial Curvature/Twist
 ========================================================

  Xt2 =    1.3081392388E-09
  Xt3 =    5.2091516071E-09

 Timoshenko Stiffness Matrix (1-extension; 2,3-shear, 4-twist; 5,6-bending)
 ========================================================

     1.3061212327E+10   -1.8588661723E-03   -8.9890167253E-02    2.1150431133E+04    6.8037840935E+01   -1.7085881282E+01
    -1.8588661723E-03    5.2029653816E+08    1.0556395827E+00    3.1127162740E+00   -8.5066080600E+03   -4.9347543314E-02
    -8.9890167253E-02    1.0556395827E+00    2.4332357885E+08    5.2733938937E-01    2.1096986587E-01   -1.0918603163E+04
     2.1150431133E+04    3.1127162740E+00    5.2733938937E-01    5.8926225235E+08    1.5946944547E-01   -2.6919644667E-02
     6.8037840935E+01   -8.5066080600E+03    2.1096986587E-01    1.5946944547E-01    3.9342236527E+10   -3.0892505130E+01
    -1.7085881282E+01   -4.9347543314E-02   -1.0918603163E+04   -2.6919644667E-02   -3.0892505130E+01    3.0130521623E+09

 Timoshenko Flexibility Matrix (1-extension; 2,3-shear, 4-twist; 5,6-bending)
 ========================================================

     7.6562571301E-11    2.8781123185E-22    2.8309677002E-20   -2.7480657131E-15   -1.3240608703E-19    4.3415751354E-19
     2.8781123185E-22    1.9219808833E-09   -8.3383568752E-18   -1.0152663297E-17    4.1557215645E-16    3.1452103838E-20
     2.8309677002E-20   -8.3383568752E-18    4.1097537892E-09   -3.6778789357E-18   -2.2028362870E-20    1.4892795844E-14
    -2.7480657131E-15   -1.0152663297E-17   -3.6778789357E-18    1.6970372632E-09   -6.8761973444E-21    1.5133003519E-20
    -1.3240608703E-19    4.1557215645E-16   -2.2028362870E-20   -6.8761973444E-21    2.5417975394E-11    2.6060773950E-19
     4.3415751354E-19    3.1452103838E-20    1.4892795844E-14    1.5133003519E-20    2.6060773950E-19    3.3188937539E-10

 The Generalized Shear Center of the Cross Section in the User Coordinate System
 ========================================================

  Xs2 =    2.1672352254E-09
  Xs3 =   -5.9825812416E-09
