
 The 6X6 Mass Matrix
 ========================================================

     9.2721856000E+02    0.0000000000E+00    0.0000000000E+00    0.0000000000E+00   -7.2331030054E-14   -1.5387413566E-12
     0.0000000000E+00    9.2721856000E+02    0.0000000000E+00    7.2331030054E-14    0.0000000000E+00    0.0000000000E+00
     0.0000000000E+00    0.0000000000E+00    9.2721856000E+02    1.5387413566E-12    0.0000000000E+00    0.0000000000E+00
     0.0000000000E+00    7.2331030054E-14    1.5387413566E-12    1.6092903095E+03    0.0000000000E+00    0.0000000000E+00
    -7.2331030054E-14    0.0000000000E+00    0.0000000000E+00    0.0000000000E+00    1.3717997645E+03   -1.4988010832E-15
    -1.5387413566E-12    0.0000000000E+00    0.0000000000E+00    0.0000000000E+00   -1.4988010832E-15    2.3749054497E+02

 The Mass Center of the Cross Section
 ========================================================

  Xm2 =    1.6595238954E-15
  Xm3 =   -7.8008608946E-17

 The 6X6 Mass Matrix at the Mass Center
 ========================================================

   9.272185600000E+02  0.000000000000E+00  0.000000000000E+00  0.000000000000E+00  0.000000000000E+00  0.000000000000E+00
   0.000000000000E+00  9.272185600000E+02  0.000000000000E+00  0.000000000000E+00  0.000000000000E+00  0.000000000000E+00
   0.000000000000E+00  0.000000000000E+00  9.272185600000E+02  0.000000000000E+00  0.000000000000E+00  0.000000000000E+00
   0.000000000000E+00  0.000000000000E+00  0.000000000000E+00  1.609290309457E+03  0.000000000000E+00  0.000000000000E+00
   0.000000000000E+00  0.000000000000E+00  0.000000000000E+00  0.000000000000E+00  1.371799764483E+03 -1.498801083244E-15
   0.000000000000E+00  0.000000000000E+00  0.000000000000E+00  0.000000000000E+00 -1.498801083244E-15  2.374905449737E+02

 The Mass Properties with respect to Principal Inertial Axes
 ========================================================

 Mass Per Unit Span                     =    9.2721856000E+02
 Mass Moments of Intertia about x1 axis =    1.6092903095E+03
 Mass Moments of Intertia about x2 axis =    1.3717997645E+03
 Mass Moments of Intertia about x3 axis =    2.3749054497E+02
 The user coordinate axes are the principal inertial axes.
 The mass-weighted radius of gyration   =    1.3174257262E+00

 The Geometric Center of the Cross Section
 ========================================================

  Xg2 =    1.8129477662E-14
  Xg3 =    7.9681606058E-16

 Classical Stiffness Matrix (1-extension; 2-twist; 3,4-bending)
 ========================================================

     1.7987935280E+10    1.4994563999E+04   -4.5073898507E+00    1.5697612217E+01
     1.4994563999E+04    4.3163349897E+08    9.6586545549E-03   -3.3260568003E-02
    -4.5073898507E+00    9.6586545549E-03    2.8534515571E+10   -5.7079475165E+00
     1.5697612217E+01   -3.3260568003E-02   -5.7079475165E+00    3.7861596349E+09

 Classical Flexibility Matrix (1-extension; 2-twist; 3,4-bending)
 ========================================================

     5.5592817322E-11   -1.9312450474E-15    8.7815935506E-21   -2.3049069155E-19
    -1.9312450474E-15    2.3167803297E-09   -7.8451255241E-22    2.0360405547E-20
     8.7815935506E-21   -7.8451255241E-22    3.5045276922E-11    5.2833641612E-20
    -2.3049069155E-19    2.0360405547E-20    5.2833641612E-20    2.6411987249E-10

 The Neutral Axes (or Tension Center) of the Cross Section
 ========================================================

  Xt2 =   -8.7267455263E-10
  Xt3 =   -2.5057851922E-10

 Classical Stiffness Matrix (correct up to the 2nd order) (1-extension; 2-twist; 3,4-bending)
 ========================================================

     1.7987935280E+10    1.4994563999E+04   -4.5073898507E+00    1.5697612217E+01
     1.4994563999E+04    4.3163349897E+08    9.6586545549E-03   -3.3260568003E-02
    -4.5073898507E+00    9.6586545549E-03    2.8534515571E+10   -5.7079475165E+00
     1.5697612217E+01   -3.3260568003E-02   -5.7079475165E+00    3.7861596349E+09

 Classical Flexibility Matrix (correct up to the 2nd order) (1-extension; 2-twist; 3,4-bending)
 ========================================================

     5.5592817322E-11   -1.9312450474E-15    8.7815935506E-21   -2.3049069155E-19
    -1.9312450474E-15    2.3167803297E-09   -7.8451255241E-22    2.0360405547E-20
     8.7815935506E-21   -7.8451255241E-22    3.5045276922E-11    5.2833641612E-20
    -2.3049069155E-19    2.0360405547E-20    5.2833641612E-20    2.6411987249E-10

 The Neutral Axes (or Tension Center) of the Cross Section, Corrected by Initial Curvature/Twist
 ========================================================

  Xt2 =   -8.7267455263E-10
  Xt3 =   -2.5057851922E-10

 Timoshenko Stiffness Matrix (1-extension; 2,3-shear, 4-twist; 5,6-bending)
 ========================================================

     1.7987935280E+10   -1.4080691301E-03    2.4409004889E-02    1.4994563999E+04   -4.5073898450E+00    1.5697611152E+01
    -1.4080691301E-03    8.6810090808E+08    4.3245068739E-01    7.8485897924E-01   -3.5008115105E+03   -1.2744383129E-03
     2.4409004889E-02    4.3245068739E-01    1.7685107893E+08   -3.5573616380E+01   -6.2404389503E-03   -7.7161980219E+03
     1.4994563999E+04    7.8485897924E-01   -3.5573616380E+01    4.3163349897E+08    9.6554906901E-03   -3.1708453818E-02
    -4.5073898450E+00   -3.5008115105E+03   -6.2404389503E-03    9.6554906901E-03    2.8534515571E+10   -5.7079472392E+00
     1.5697611152E+01   -1.2744383129E-03   -7.7161980219E+03   -3.1708453818E-02   -5.7079472392E+00    3.7861596352E+09

 Timoshenko Flexibility Matrix (1-extension; 2,3-shear, 4-twist; 5,6-bending)
 ========================================================

     5.5592817322E-11    9.1953631315E-23   -8.0714533417E-21   -1.9312450474E-15    8.7815935506E-21   -2.3049069155E-19
     9.1953631315E-23    1.1519398156E-09   -2.8168176230E-18   -2.0946252155E-18    1.4132793514E-16    3.8222047579E-22
    -8.0714533417E-21   -2.8168176230E-18    5.6544749747E-09    4.6602065074E-16    1.2385813070E-21    1.1523826996E-14
    -1.9312450474E-15   -2.0946252155E-18    4.6602065074E-16    2.3167803297E-09   -7.8451255241E-22    2.0360405547E-20
     8.7815935506E-21    1.4132793514E-16    1.2385813070E-21   -7.8451255241E-22    3.5045276922E-11    5.2833641612E-20
    -2.3049069155E-19    3.8222047579E-22    1.1523826996E-14    2.0360405547E-20    5.2833641612E-20    2.6411987249E-10

 The Generalized Shear Center of the Cross Section in the User Coordinate System
 ========================================================

  Xs2 =   -2.0115012407E-07
  Xs3 =   -9.0411041076E-10
