
 The 6X6 Mass Matrix
 ========================================================

     7.2857792000E+02    0.0000000000E+00    0.0000000000E+00    0.0000000000E+00    1.2928547122E-13   -1.1076140005E-12
     0.0000000000E+00    7.2857792000E+02    0.0000000000E+00   -1.2928547122E-13    0.0000000000E+00    0.0000000000E+00
     0.0000000000E+00    0.0000000000E+00    7.2857792000E+02    1.1076140005E-12    0.0000000000E+00    0.0000000000E+00
     0.0000000000E+00   -1.2928547122E-13    1.1076140005E-12    5.8700130032E+02    0.0000000000E+00    0.0000000000E+00
     1.2928547122E-13    0.0000000000E+00    0.0000000000E+00    0.0000000000E+00    4.1092662999E+02   -4.4408920985E-15
    -1.1076140005E-12    0.0000000000E+00    0.0000000000E+00    0.0000000000E+00   -4.4408920985E-15    1.7607467032E+02

 The Mass Center of the Cross Section
 ========================================================

  Xm2 =    1.5202409655E-15
  Xm3 =    1.7744906573E-16

 The 6X6 Mass Matrix at the Mass Center
 ========================================================

   7.285779200000E+02  0.000000000000E+00  0.000000000000E+00  0.000000000000E+00  0.000000000000E+00  0.000000000000E+00
   0.000000000000E+00  7.285779200000E+02  0.000000000000E+00  0.000000000000E+00  0.000000000000E+00  0.000000000000E+00
   0.000000000000E+00  0.000000000000E+00  7.285779200000E+02  0.000000000000E+00  0.000000000000E+00  0.000000000000E+00
   0.000000000000E+00  0.000000000000E+00  0.000000000000E+00  5.870013003170E+02  0.000000000000E+00  0.000000000000E+00
   0.000000000000E+00  0.000000000000E+00  0.000000000000E+00  0.000000000000E+00  4.109266299921E+02 -4.440892098500E-15
   0.000000000000E+00  0.000000000000E+00  0.000000000000E+00  0.000000000000E+00 -4.440892098500E-15  1.760746703249E+02

 The Mass Properties with respect to Principal Inertial Axes
 ========================================================

 Mass Per Unit Span                     =    7.2857792000E+02
 Mass Moments of Intertia about x1 axis =    5.8700130032E+02
 Mass Moments of Intertia about x2 axis =    4.1092662999E+02
 Mass Moments of Intertia about x3 axis =    1.7607467032E+02
 The user coordinate axes are the principal inertial axes.
 The mass-weighted radius of gyration   =    8.9759728208E-01

 The Geometric Center of the Cross Section
 ========================================================

  Xg2 =   -9.2550903806E-16
  Xg3 =    3.8553413303E-16

 Classical Stiffness Matrix (1-extension; 2-twist; 3,4-bending)
 ========================================================

     1.4498449609E+10    8.3395019102E+03   -9.5839529053E+01    2.7843956499E+01
     8.3395019102E+03    2.4618343284E+08    1.1886909823E+00   -6.5439563486E-02
    -9.5839529053E+01    1.1886909823E+00    8.6288220320E+09   -2.8378739182E-01
     2.7843956499E+01   -6.5439563486E-02   -2.8378739182E-01    2.9748845715E+09

 Classical Flexibility Matrix (1-extension; 2-twist; 3,4-bending)
 ========================================================

     6.8972892068E-11   -2.3364673996E-15    7.6607586132E-19   -6.4556399176E-19
    -2.3364673996E-15    4.0620117629E-09   -5.5960137553E-19    8.9375344349E-20
     7.6607586132E-19   -5.5960137553E-19    1.1589067387E-10    1.1055316573E-20
    -6.4556399176E-19    8.9375344349E-20    1.1055316573E-20    3.3614749613E-10

 The Neutral Axes (or Tension Center) of the Cross Section
 ========================================================

  Xt2 =   -1.9204783592E-09
  Xt3 =   -6.6103322706E-09

 Classical Stiffness Matrix (correct up to the 2nd order) (1-extension; 2-twist; 3,4-bending)
 ========================================================

     1.4498449609E+10    8.3395019102E+03   -9.5839529053E+01    2.7843956499E+01
     8.3395019102E+03    2.4618343284E+08    1.1886909823E+00   -6.5439563486E-02
    -9.5839529053E+01    1.1886909823E+00    8.6288220320E+09   -2.8378739182E-01
     2.7843956499E+01   -6.5439563486E-02   -2.8378739182E-01    2.9748845715E+09

 Classical Flexibility Matrix (correct up to the 2nd order) (1-extension; 2-twist; 3,4-bending)
 ========================================================

     6.8972892068E-11   -2.3364673996E-15    7.6607586132E-19   -6.4556399176E-19
    -2.3364673996E-15    4.0620117629E-09   -5.5960137553E-19    8.9375344349E-20
     7.6607586132E-19   -5.5960137553E-19    1.1589067387E-10    1.1055316573E-20
    -6.4556399176E-19    8.9375344349E-20    1.1055316573E-20    3.3614749613E-10

 The Neutral Axes (or Tension Center) of the Cross Section, Corrected by Initial Curvature/Twist
 ========================================================

  Xt2 =   -1.9204783592E-09
  Xt3 =   -6.6103322706E-09

 Timoshenko Stiffness Matrix (1-extension; 2,3-shear, 4-twist; 5,6-bending)
 ========================================================

     1.4498449609E+10   -1.2815411160E+00    5.9257903653E-02    8.3395019102E+03   -9.5839527499E+01    2.7843954013E+01
    -1.2815411160E+00    7.4531633728E+08    1.2549585784E-01    1.0039314584E+01   -9.0377159008E+02   -2.2294295846E-04
     5.9257903653E-02    1.2549585784E-01    1.0497167127E+08   -3.2689527781E+01   -1.8861934259E-03   -4.4038534308E+03
     8.3395019102E+03    1.0039314584E+01   -3.2689527781E+01    2.4618343284E+08    1.1886788092E+00   -6.4068146922E-02
    -9.5839527499E+01   -9.0377159008E+02   -1.8861934259E-03    1.1886788092E+00    8.6288220320E+09   -2.8378731242E-01
     2.7843954013E+01   -2.2294295846E-04   -4.4038534308E+03   -6.4068146922E-02   -2.8378731242E-01    2.9748845717E+09

 Timoshenko Flexibility Matrix (1-extension; 2,3-shear, 4-twist; 5,6-bending)
 ========================================================

     6.8972892068E-11    1.1862848236E-19   -3.9690803632E-20   -2.3364673996E-15    7.6607586132E-19   -6.4556399176E-19
     1.1862848236E-19    1.3417121697E-09   -1.6040623682E-18   -5.4714777541E-17    1.4052918656E-16    9.8186766492E-23
    -3.9690803632E-20   -1.6040623682E-18    9.5263797167E-09    1.2649626828E-15    2.0825136552E-21    1.4102321951E-14
    -2.3364673996E-15   -5.4714777541E-17    1.2649626828E-15    4.0620117629E-09   -5.5960137553E-19    8.9375344349E-20
     7.6607586132E-19    1.4052918656E-16    2.0825136552E-21   -5.5960137553E-19    1.1589067387E-10    1.1055316573E-20
    -6.4556399176E-19    9.8186766492E-23    1.4102321951E-14    8.9375344349E-20    1.1055316573E-20    3.3614749613E-10

 The Generalized Shear Center of the Cross Section in the User Coordinate System
 ========================================================

  Xs2 =   -3.1141285565E-07
  Xs3 =   -1.3469871762E-08
