
 The 6X6 Mass Matrix
 ========================================================

     1.3564552000E+02    0.0000000000E+00    0.0000000000E+00    0.0000000000E+00    1.3898604490E-14   -8.9032947681E-14
     0.0000000000E+00    1.3564552000E+02    0.0000000000E+00   -1.3898604490E-14    0.0000000000E+00    0.0000000000E+00
     0.0000000000E+00    0.0000000000E+00    1.3564552000E+02    8.9032947681E-14    0.0000000000E+00    0.0000000000E+00
     0.0000000000E+00   -1.3898604490E-14    8.9032947681E-14    5.5350449773E+01    0.0000000000E+00    0.0000000000E+00
     1.3898604490E-14    0.0000000000E+00    0.0000000000E+00    0.0000000000E+00    1.3228708194E+01    1.1275702594E-16
    -8.9032947681E-14    0.0000000000E+00    0.0000000000E+00    0.0000000000E+00    1.1275702594E-16    4.2121741579E+01

 The Mass Center of the Cross Section
 ========================================================

  Xm2 =    6.5636482267E-16
  Xm3 =    1.0246268723E-16

 The Mass Properties with respect to Principal Inertial Axes
 ========================================================

 Mass Per Unit Span                     =    1.3564552000E+02
 Mass Moments of Intertia about x1 axis =    5.5350449773E+01
 Mass Moments of Intertia about x2 axis =    1.3228708194E+01
 Mass Moments of Intertia about x3 axis =    4.2121741579E+01
 The user coordinate axes are the principal inertial axes.
 The mass-weighted radius of gyration   =    6.3878961894E-01

 The Geometric Center of the Cross Section
 ========================================================

  Xg2 =    9.1151588465E-16
  Xg3 =   -8.8136495867E-18

 Classical Stiffness Matrix (1-extension; 2-twist; 3,4-bending)
 ========================================================

     2.3762650443E+09    1.6348958955E+03   -1.0648911690E-01   -2.1058101940E+00
     1.6348958955E+03    4.0781941412E+07    4.6966987011E-03    3.0877716034E-02
    -1.0648911690E-01    4.6966987011E-03    2.6396377879E+08    1.6141454581E-01
    -2.1058101940E+00    3.0877716034E-02    1.6141454581E-01    5.5382807491E+08

 Classical Flexibility Matrix (1-extension; 2-twist; 3,4-bending)
 ========================================================

     4.2082847720E-10   -1.6870475663E-14    1.6977227742E-19    1.6001092366E-18
    -1.6870475663E-14    2.4520657071E-08   -4.3630203752E-19   -1.3671705106E-18
     1.6977227742E-19   -4.3630203752E-19    3.7883985621E-09   -1.1041380179E-18
     1.6001092366E-18   -1.3671705106E-18   -1.1041380179E-18    1.8056144954E-09

 The Neutral Axes (or Tension Center) of the Cross Section
 ========================================================

  Xt2 =    8.8618541815E-10
  Xt3 =   -4.4813732140E-11

 Classical Stiffness Matrix (correct up to the 2nd order) (1-extension; 2-twist; 3,4-bending)
 ========================================================

     2.3762650443E+09    1.6348958955E+03   -1.0648911690E-01   -2.1058101940E+00
     1.6348958955E+03    4.0781941412E+07    4.6966987011E-03    3.0877716034E-02
    -1.0648911690E-01    4.6966987011E-03    2.6396377879E+08    1.6141454581E-01
    -2.1058101940E+00    3.0877716034E-02    1.6141454581E-01    5.5382807491E+08

 Classical Flexibility Matrix (correct up to the 2nd order) (1-extension; 2-twist; 3,4-bending)
 ========================================================

     4.2082847720E-10   -1.6870475663E-14    1.6977227742E-19    1.6001092366E-18
    -1.6870475663E-14    2.4520657071E-08   -4.3630203752E-19   -1.3671705106E-18
     1.6977227742E-19   -4.3630203752E-19    3.7883985621E-09   -1.1041380179E-18
     1.6001092366E-18   -1.3671705106E-18   -1.1041380179E-18    1.8056144954E-09

 The Neutral Axes (or Tension Center) of the Cross Section, Corrected by Initial Curvature/Twist
 ========================================================

  Xt2 =    8.8618541815E-10
  Xt3 =   -4.4813732140E-11

 Timoshenko Stiffness Matrix (1-extension; 2,3-shear, 4-twist; 5,6-bending)
 ========================================================

     2.3762650443E+09   -5.1393539846E-03   -4.5534760779E-02    1.6348958955E+03   -1.0648911473E-01   -2.1058083334E+00
    -5.1393539846E-03    1.2247437929E+08   -1.5794585388E-02   -1.5488368426E-03   -5.1733471966E+01    9.0004625196E-05
    -4.5534760779E-02   -1.5794585388E-02    2.7784964325E+07    2.4175876813E-01   -6.0323941822E-04   -1.1353185011E+03
     1.6348958955E+03   -1.5488368426E-03    2.4175876813E-01    4.0781941412E+07    4.6966993501E-03    3.0867837555E-02
    -1.0648911473E-01   -5.1733471966E+01   -6.0323941822E-04    4.6966993501E-03    2.6396377879E+08    1.6141457042E-01
    -2.1058083334E+00    9.0004625196E-05   -1.1353185011E+03    3.0867837555E-02    1.6141457042E-01    5.5382807496E+08

 Timoshenko Flexibility Matrix (1-extension; 2,3-shear, 4-twist; 5,6-bending)
 ========================================================

     4.2082847720E-10    1.7658951920E-20    6.8987741117E-19   -1.6870475663E-14    1.6977227742E-19    1.6001092366E-18
     1.7658951920E-20    8.1649729994E-09    4.6414442402E-18    3.1009248345E-19    1.6002286515E-15   -1.3178712359E-21
     6.8987741117E-19    4.6414442402E-18    3.5990688647E-08   -2.1335590351E-16    8.2205726729E-20    7.3779023734E-14
    -1.6870475663E-14    3.1009248345E-19   -2.1335590351E-16    2.4520657071E-08   -4.3630203752E-19   -1.3671705106E-18
     1.6977227742E-19    1.6002286515E-15    8.2205726729E-20   -4.3630203752E-19    3.7883985621E-09   -1.1041380179E-18
     1.6001092366E-18   -1.3178712359E-21    7.3779023734E-14   -1.3671705106E-18   -1.1041380179E-18    1.8056144954E-09

 The Generalized Shear Center of the Cross Section in the User Coordinate System
 ========================================================

  Xs2 =    8.7010679564E-09
  Xs3 =    1.2646173492E-11
