
 The 6X6 Mass Matrix
 ========================================================

     5.5032368000E+02    0.0000000000E+00    0.0000000000E+00    0.0000000000E+00    1.2317924458E-13   -1.3933298959E-13
     0.0000000000E+00    5.5032368000E+02    0.0000000000E+00   -1.2317924458E-13    0.0000000000E+00    0.0000000000E+00
     0.0000000000E+00    0.0000000000E+00    5.5032368000E+02    1.3933298959E-13    0.0000000000E+00    0.0000000000E+00
     0.0000000000E+00   -1.2317924458E-13    1.3933298959E-13    2.7261365083E+02    0.0000000000E+00    0.0000000000E+00
     1.2317924458E-13    0.0000000000E+00    0.0000000000E+00    0.0000000000E+00    1.4256632139E+02   -1.9428902931E-16
    -1.3933298959E-13    0.0000000000E+00    0.0000000000E+00    0.0000000000E+00   -1.9428902931E-16    1.3004732944E+02

 The Mass Center of the Cross Section
 ========================================================

  Xm2 =    2.5318370743E-16
  Xm3 =    2.2383053657E-16

 The Mass Properties with respect to Principal Inertial Axes
 ========================================================

 Mass Per Unit Span                     =    5.5032368000E+02
 Mass Moments of Intertia about x1 axis =    2.7261365083E+02
 Mass Moments of Intertia about x2 axis =    1.4256632139E+02
 Mass Moments of Intertia about x3 axis =    1.3004732944E+02
 The user coordinate axes are the principal inertial axes.
 The mass-weighted radius of gyration   =    7.0382501645E-01

 The Geometric Center of the Cross Section
 ========================================================

  Xg2 =    3.2105528395E-15
  Xg3 =   -7.4567523666E-17

 Classical Stiffness Matrix (1-extension; 2-twist; 3,4-bending)
 ========================================================

     1.1053075821E+10    4.9742020987E+03    9.3808576606E+00   -4.9856602234E-01
     4.9742020987E+03    1.4683302457E+08   -2.1330607283E-01    2.8150033951E-03
     9.3808576606E+00   -2.1330607283E-01    3.0037033208E+09    1.3164277913E+00
    -4.9856602234E-01    2.8150033951E-03    1.3164277913E+00    2.2469625103E+09

 Classical Flexibility Matrix (1-extension; 2-twist; 3,4-bending)
 ========================================================

     9.0472554085E-11   -3.0649015760E-15   -2.8255480492E-19    2.0074456166E-20
    -3.0649015760E-15    6.8104570001E-09    4.8364982593E-19   -8.5328474249E-21
    -2.8255480492E-19    4.8364982593E-19    3.3292236056E-10   -1.9504920351E-19
     2.0074456166E-20   -8.5328474249E-21   -1.9504920351E-19    4.4504525349E-10

 The Neutral Axes (or Tension Center) of the Cross Section
 ========================================================

  Xt2 =    4.5106550049E-11
  Xt3 =    8.4871080582E-10

 Classical Stiffness Matrix (correct up to the 2nd order) (1-extension; 2-twist; 3,4-bending)
 ========================================================

     1.1053075821E+10    4.9742020987E+03    9.3808576606E+00   -4.9856602234E-01
     4.9742020987E+03    1.4683302457E+08   -2.1330607283E-01    2.8150033951E-03
     9.3808576606E+00   -2.1330607283E-01    3.0037033208E+09    1.3164277913E+00
    -4.9856602234E-01    2.8150033951E-03    1.3164277913E+00    2.2469625103E+09

 Classical Flexibility Matrix (correct up to the 2nd order) (1-extension; 2-twist; 3,4-bending)
 ========================================================

     9.0472554085E-11   -3.0649015760E-15   -2.8255480492E-19    2.0074456166E-20
    -3.0649015760E-15    6.8104570001E-09    4.8364982593E-19   -8.5328474249E-21
    -2.8255480492E-19    4.8364982593E-19    3.3292236056E-10   -1.9504920351E-19
     2.0074456166E-20   -8.5328474249E-21   -1.9504920351E-19    4.4504525349E-10

 The Neutral Axes (or Tension Center) of the Cross Section, Corrected by Initial Curvature/Twist
 ========================================================

  Xt2 =    4.5106550049E-11
  Xt3 =    8.4871080582E-10

 Timoshenko Stiffness Matrix (1-extension; 2,3-shear, 4-twist; 5,6-bending)
 ========================================================

     1.1053075821E+10    1.3556690053E-01   -7.2741933720E-04    4.9742020987E+03    9.3808576016E+00   -4.9856599254E-01
     1.3556690053E-01    5.7723308897E+08   -1.0802292864E-01   -6.6876685897E-01   -2.5123792575E+02   -1.9778894443E-03
    -7.2741933720E-04   -1.0802292864E-01    6.6712951860E+07    2.4926096851E-03    2.2463786414E-03   -2.7329607515E+03
     4.9742020987E+03   -6.6876685897E-01    2.4926096851E-03    1.4683302457E+08   -2.1330578175E-01    2.8149012852E-03
     9.3808576016E+00   -2.5123792575E+02    2.2463786414E-03   -2.1330578175E-01    3.0037033208E+09    1.3164277002E+00
    -4.9856599254E-01   -1.9778894443E-03   -2.7329607515E+03    2.8149012852E-03    1.3164277002E+00    2.2469625104E+09

 Timoshenko Flexibility Matrix (1-extension; 2,3-shear, 4-twist; 5,6-bending)
 ========================================================

     9.0472554085E-11   -2.1251734642E-20    9.8742424273E-22   -3.0649015760E-15   -2.8255480492E-19    2.0074456166E-20
    -2.1251734642E-20    1.7324024196E-09    2.8051402547E-18    7.8904147390E-18    1.4490285623E-16    1.5282747239E-21
     9.8742424273E-22    2.8051402547E-18    1.4989593058E-08   -2.5446087009E-19   -1.1218017934E-20    1.8231710283E-14
    -3.0649015760E-15    7.8904147390E-18   -2.5446087009E-19    6.8104570001E-09    4.8364982593E-19   -8.5328474249E-21
    -2.8255480492E-19    1.4490285623E-16   -1.1218017934E-20    4.8364982593E-19    3.3292236056E-10   -1.9504920351E-19
     2.0074456166E-20    1.5282747239E-21    1.8231710283E-14   -8.5328474249E-21   -1.9504920351E-19    4.4504525349E-10

 The Generalized Shear Center of the Cross Section in the User Coordinate System
 ========================================================

  Xs2 =    3.7363259189E-11
  Xs3 =    1.1585734612E-09
