
 The 6X6 Mass Matrix
 ========================================================

     8.6577360000E+01    0.0000000000E+00    0.0000000000E+00    0.0000000000E+00    3.3202607330E-15   -1.6624895904E-13
     0.0000000000E+00    8.6577360000E+01    0.0000000000E+00   -3.3202607330E-15    0.0000000000E+00    0.0000000000E+00
     0.0000000000E+00    0.0000000000E+00    8.6577360000E+01    1.6624895904E-13    0.0000000000E+00    0.0000000000E+00
     0.0000000000E+00   -3.3202607330E-15    1.6624895904E-13    3.8168429453E+01    0.0000000000E+00    0.0000000000E+00
     3.3202607330E-15    0.0000000000E+00    0.0000000000E+00    0.0000000000E+00    6.5688060188E+00    5.2215176627E-16
    -1.6624895904E-13    0.0000000000E+00    0.0000000000E+00    0.0000000000E+00    5.2215176627E-16    3.1599623434E+01

 The Mass Center of the Cross Section
 ========================================================

  Xm2 =    1.9202359490E-15
  Xm3 =    3.8350219191E-17

 The 6X6 Mass Matrix at the Mass Center
 ========================================================

   8.657736000000E+01  0.000000000000E+00  0.000000000000E+00  0.000000000000E+00  0.000000000000E+00  0.000000000000E+00
   0.000000000000E+00  8.657736000000E+01  0.000000000000E+00  0.000000000000E+00  0.000000000000E+00  0.000000000000E+00
   0.000000000000E+00  0.000000000000E+00  8.657736000000E+01  0.000000000000E+00  0.000000000000E+00  0.000000000000E+00
   0.000000000000E+00  0.000000000000E+00  0.000000000000E+00  3.816842945270E+01  0.000000000000E+00  0.000000000000E+00
   0.000000000000E+00  0.000000000000E+00  0.000000000000E+00  0.000000000000E+00  6.568806018780E+00  5.221517662690E-16
   0.000000000000E+00  0.000000000000E+00  0.000000000000E+00  0.000000000000E+00  5.221517662690E-16  3.159962343392E+01

 The Mass Properties with respect to Principal Inertial Axes
 ========================================================

 Mass Per Unit Span                     =    8.6577360000E+01
 Mass Moments of Intertia about x1 axis =    3.8168429453E+01
 Mass Moments of Intertia about x2 axis =    6.5688060188E+00
 Mass Moments of Intertia about x3 axis =    3.1599623434E+01
 The user coordinate axes are the principal inertial axes.
 The mass-weighted radius of gyration   =    6.6397232150E-01

 The Geometric Center of the Cross Section
 ========================================================

  Xg2 =   -2.6269163007E-15
  Xg3 =    8.9230653281E-18

 Classical Stiffness Matrix (1-extension; 2-twist; 3,4-bending)
 ========================================================

     1.3536760909E+09    9.5898278208E+02   -3.5586911180E-02    5.3510958495E+01
     9.5898278208E+02    2.3516344878E+07   -7.6895279641E-06   -5.4268802339E-01
    -3.5586911180E-02   -7.6895279641E-06    1.2424031517E+08   -2.1993429916E-04
     5.3510958495E+01   -5.4268802339E-01   -2.1993429916E-04    3.5350512587E+08

 Classical Flexibility Matrix (1-extension; 2-twist; 3,4-bending)
 ========================================================

     7.3872915891E-10   -3.0124942789E-14    2.1159869623E-19   -1.1182333385E-16
    -3.0124942789E-14    4.2523615179E-08    2.6232587088E-21    6.5285244808E-17
     2.1159869623E-19    2.6232587088E-21    8.0489171221E-09    5.0076264678E-21
    -1.1182333385E-16    6.5285244808E-17    5.0076264678E-21    2.8288132952E-09

 The Neutral Axes (or Tension Center) of the Cross Section
 ========================================================

  Xt2 =   -3.9530121710E-08
  Xt3 =   -2.6289088733E-11

 Classical Stiffness Matrix (correct up to the 2nd order) (1-extension; 2-twist; 3,4-bending)
 ========================================================

     1.3536760909E+09    9.5898278208E+02   -3.5586911180E-02    5.3510958495E+01
     9.5898278208E+02    2.3516344878E+07   -7.6895279641E-06   -5.4268802339E-01
    -3.5586911180E-02   -7.6895279641E-06    1.2424031517E+08   -2.1993429916E-04
     5.3510958495E+01   -5.4268802339E-01   -2.1993429916E-04    3.5350512587E+08

 Classical Flexibility Matrix (correct up to the 2nd order) (1-extension; 2-twist; 3,4-bending)
 ========================================================

     7.3872915891E-10   -3.0124942789E-14    2.1159869623E-19   -1.1182333385E-16
    -3.0124942789E-14    4.2523615179E-08    2.6232587088E-21    6.5285244808E-17
     2.1159869623E-19    2.6232587088E-21    8.0489171221E-09    5.0076264678E-21
    -1.1182333385E-16    6.5285244808E-17    5.0076264678E-21    2.8288132952E-09

 The Neutral Axes (or Tension Center) of the Cross Section, Corrected by Initial Curvature/Twist
 ========================================================

  Xt2 =   -3.9530121710E-08
  Xt3 =   -2.6289088733E-11

 Timoshenko Stiffness Matrix (1-extension; 2,3-shear, 4-twist; 5,6-bending)
 ========================================================

     1.3536760909E+09   -9.9103914086E-05    9.7061422952E-01    9.5898278220E+02   -3.5586911138E-02    5.3510925221E+01
    -9.9103914086E-05    6.7510721457E+07    2.9230086336E-03   -4.1739310375E-03   -2.8125910735E+01    1.4775050749E-04
     9.7061422952E-01    2.9230086336E-03    1.9925384555E+07    2.5056837627E+00    1.3150100871E-05   -6.8307037448E+02
     9.5898278220E+02   -4.1739310375E-03    2.5056837627E+00    2.3516344878E+07   -7.6877873923E-06   -5.4277392178E-01
    -3.5586911138E-02   -2.8125910735E+01    1.3150100871E-05   -7.6877873923E-06    1.2424031517E+08   -2.1993481156E-04
     5.3510925221E+01    1.4775050749E-04   -6.8307037448E+02   -5.4277392178E-01   -2.1993481156E-04    3.5350512590E+08

 Timoshenko Flexibility Matrix (1-extension; 2,3-shear, 4-twist; 5,6-bending)
 ========================================================

     7.3872915891E-10    1.0826618824E-21   -3.5985349796E-17   -3.0124942789E-14    2.1159869623E-19   -1.1182333385E-16
     1.0826618824E-21    1.4812462057E-08   -2.1729550675E-18    2.6290735175E-18    3.3532914417E-15   -6.1951886982E-21
    -3.5985349796E-17   -2.1729550675E-18    5.0187237155E-08   -5.3474831543E-15   -5.3123524345E-21    9.6975722175E-14
    -3.0124942789E-14    2.6290735175E-18   -5.3474831543E-15    4.2523615179E-08    2.6232587088E-21    6.5285244808E-17
     2.1159869623E-19    3.3532914417E-15   -5.3123524345E-21    2.6232587088E-21    8.0489171221E-09    5.0076264678E-21
    -1.1182333385E-16   -6.1951886982E-21    9.6975722175E-14    6.5285244808E-17    5.0076264678E-21    2.8288132952E-09

 The Generalized Shear Center of the Cross Section in the User Coordinate System
 ========================================================

  Xs2 =    1.2575325808E-07
  Xs3 =    6.1826199547E-11
