
 The 6X6 Mass Matrix
 ========================================================

     1.2830905600E+03    0.0000000000E+00    0.0000000000E+00    0.0000000000E+00   -4.2232883857E-13   -2.8220649600E+02
     0.0000000000E+00    1.2830905600E+03    0.0000000000E+00    4.2232883857E-13    0.0000000000E+00    0.0000000000E+00
     0.0000000000E+00    0.0000000000E+00    1.2830905600E+03    2.8220649600E+02    0.0000000000E+00    0.0000000000E+00
     0.0000000000E+00    4.2232883857E-13    2.8220649600E+02    2.0488220041E+03    0.0000000000E+00    0.0000000000E+00
    -4.2232883857E-13    0.0000000000E+00    0.0000000000E+00    0.0000000000E+00    1.5873519094E+03   -1.1657341759E-15
    -2.8220649600E+02    0.0000000000E+00    0.0000000000E+00    0.0000000000E+00   -1.1657341759E-15    4.6147009470E+02

 The Mass Center of the Cross Section
 ========================================================

  Xm2 =    2.1994277317E-01
  Xm3 =   -3.2914967324E-16

 The 6X6 Mass Matrix at the Mass Center
 ========================================================

   1.283090560000E+03  0.000000000000E+00  0.000000000000E+00  0.000000000000E+00  0.000000000000E+00  0.000000000000E+00
   0.000000000000E+00  1.283090560000E+03  0.000000000000E+00  0.000000000000E+00  0.000000000000E+00  0.000000000000E+00
   0.000000000000E+00  0.000000000000E+00  1.283090560000E+03  0.000000000000E+00  0.000000000000E+00  0.000000000000E+00
   0.000000000000E+00  0.000000000000E+00  0.000000000000E+00  1.986752724743E+03  0.000000000000E+00  0.000000000000E+00
   0.000000000000E+00  0.000000000000E+00  0.000000000000E+00  0.000000000000E+00  1.587351909379E+03 -9.405391012180E-14
   0.000000000000E+00  0.000000000000E+00  0.000000000000E+00  0.000000000000E+00 -9.405391012180E-14  3.994008153636E+02

 The Mass Properties with respect to Principal Inertial Axes
 ========================================================

 Mass Per Unit Span                     =    1.2830905600E+03
 Mass Moments of Intertia about x1 axis =    1.9867527247E+03
 Mass Moments of Intertia about x2 axis =    1.5873519094E+03
 Mass Moments of Intertia about x3 axis =    3.9940081536E+02
 The user coordinate axes are the principal inertial axes.
 The mass-weighted radius of gyration   =    1.2443520103E+00

 The Geometric Center of the Cross Section
 ========================================================

  Xg2 =    2.0811245975E-14
  Xg3 =   -3.0509479382E-16

 Classical Stiffness Matrix (1-extension; 2-twist; 3,4-bending)
 ========================================================

     2.3940920341E+10    1.4265912832E+04   -2.1775818567E+01   -4.7206918467E+09
     1.4265912832E+04    7.7863675269E+08    7.6010301195E-03    1.0267713953E+04
    -2.1775818567E+01    7.6010301195E-03    3.2139430841E+10   -1.0030314750E+01
    -4.7206918467E+09    1.0267713953E+04   -1.0030314750E+01    7.5329322523E+09

 Classical Flexibility Matrix (1-extension; 2-twist; 3,4-bending)
 ========================================================

     4.7658567721E-11   -1.2670252324E-15    4.1611611767E-20    2.9866379325E-11
    -1.2670252324E-15    1.2842959141E-09   -3.0539075974E-22   -2.5445627438E-15
     4.1611611767E-20   -3.0539075974E-22    3.1114427786E-11    6.7506660949E-20
     2.9866379325E-11   -2.5445627438E-15    6.7506660949E-20    1.5146691025E-10

 The Neutral Axes (or Tension Center) of the Cross Section
 ========================================================

  Xt2 =    1.9718088443E-01
  Xt3 =   -9.0956481189E-10

 Classical Stiffness Matrix (correct up to the 2nd order) (1-extension; 2-twist; 3,4-bending)
 ========================================================

     2.3940920341E+10    1.4265912832E+04   -2.1775818567E+01   -4.7206918467E+09
     1.4265912832E+04    7.7863675269E+08    7.6010301195E-03    1.0267713953E+04
    -2.1775818567E+01    7.6010301195E-03    3.2139430841E+10   -1.0030314750E+01
    -4.7206918467E+09    1.0267713953E+04   -1.0030314750E+01    7.5329322523E+09

 Classical Flexibility Matrix (correct up to the 2nd order) (1-extension; 2-twist; 3,4-bending)
 ========================================================

     4.7658567721E-11   -1.2670252324E-15    4.1611611767E-20    2.9866379325E-11
    -1.2670252324E-15    1.2842959141E-09   -3.0539075974E-22   -2.5445627438E-15
     4.1611611767E-20   -3.0539075974E-22    3.1114427786E-11    6.7506660949E-20
     2.9866379325E-11   -2.5445627438E-15    6.7506660949E-20    1.5146691025E-10

 The Neutral Axes (or Tension Center) of the Cross Section, Corrected by Initial Curvature/Twist
 ========================================================

  Xt2 =    1.9718088443E-01
  Xt3 =   -9.0956481189E-10

 Timoshenko Stiffness Matrix (1-extension; 2,3-shear, 4-twist; 5,6-bending)
 ========================================================

     2.3940920341E+10   -6.2094219942E-03   -3.2288678245E+03    1.0387393371E+04   -2.1775818556E+01   -4.7206918467E+09
    -6.2094219942E-03    9.0980535553E+08    5.3033756769E-01    6.4189257286E-01   -2.0018565275E+03   -5.5251373649E-03
    -3.2288678245E+03    5.3033756769E-01    1.1587428563E+09    1.3918831500E+09    7.3551613299E-04   -6.6947061855E+03
     1.0387393371E+04    6.4189257286E-01    1.3918831500E+09    2.4505682711E+09    8.4845222072E-03    2.2260257707E+03
    -2.1775818556E+01   -2.0018565275E+03    7.3551613299E-04    8.4845222072E-03    3.2139430841E+10   -1.0030314742E+01
    -4.7206918467E+09   -5.5251373649E-03   -6.6947061855E+03    2.2260257707E+03   -1.0030314742E+01    7.5329322523E+09

 Timoshenko Flexibility Matrix (1-extension; 2,3-shear, 4-twist; 5,6-bending)
 ========================================================

     4.7658567721E-11    5.0656495731E-22    1.8273087168E-15   -1.2670252324E-15    4.1611611767E-20    2.9866379325E-11
     5.0656495731E-22    1.0991361987E-09   -4.9483182636E-19   -6.8471014781E-21    6.8461479134E-17    1.1232816703E-21
     1.8273087168E-15   -4.9483182636E-19    2.7160942574E-09   -1.5426976164E-09    3.4756035371E-22    4.0148640693E-15
    -1.2670252324E-15   -6.8471014781E-21   -1.5426976164E-09    1.2842959141E-09   -3.0539075974E-22   -2.5445627438E-15
     4.1611611767E-20    6.8461479134E-17    3.4756035371E-22   -3.0539075974E-22    3.1114427786E-11    6.7506660949E-20
     2.9866379325E-11    1.1232816703E-21    4.0148640693E-15   -2.5445627438E-15    6.7506660949E-20    1.5146691025E-10

 The Generalized Shear Center of the Cross Section in the User Coordinate System
 ========================================================

  Xs2 =    1.2012010624E+00
  Xs3 =   -5.3314048600E-12
