
 The 6X6 Mass Matrix
 ========================================================

     5.5906880000E+01    0.0000000000E+00    0.0000000000E+00    0.0000000000E+00   -1.3357370765E-16    1.4576881369E-14
     0.0000000000E+00    5.5906880000E+01    0.0000000000E+00    1.3357370765E-16    0.0000000000E+00    0.0000000000E+00
     0.0000000000E+00    0.0000000000E+00    5.5906880000E+01   -1.4576881369E-14    0.0000000000E+00    0.0000000000E+00
     0.0000000000E+00    1.3357370765E-16   -1.4576881369E-14    2.4878167604E+01    0.0000000000E+00    0.0000000000E+00
    -1.3357370765E-16    0.0000000000E+00    0.0000000000E+00    0.0000000000E+00    2.4046672900E+00   -6.3317406873E-17
     1.4576881369E-14    0.0000000000E+00    0.0000000000E+00    0.0000000000E+00   -6.3317406873E-17    2.2473500314E+01

 The Mass Center of the Cross Section
 ========================================================

  Xm2 =   -2.6073501810E-16
  Xm3 =   -2.3892177072E-18

 The Mass Properties with respect to Principal Inertial Axes
 ========================================================

 Mass Per Unit Span                     =    5.5906880000E+01
 Mass Moments of Intertia about x1 axis =    2.4878167604E+01
 Mass Moments of Intertia about x2 axis =    2.4046672900E+00
 Mass Moments of Intertia about x3 axis =    2.2473500314E+01
 The user coordinate axes are the principal inertial axes.
 The mass-weighted radius of gyration   =    6.6707792097E-01

 The Geometric Center of the Cross Section
 ========================================================

  Xg2 =    6.8924600568E-15
  Xg3 =    2.2090899910E-18

 Classical Stiffness Matrix (1-extension; 2-twist; 3,4-bending)
 ========================================================

     8.0250629430E+08    4.0467948970E+02    2.9250796663E-01    3.3003844916E+00
     4.0467948970E+02    9.1042942181E+06    1.7699431725E-03   -1.8599177995E-03
     2.9250796663E-01    1.7699431725E-03    4.3427510373E+07    2.5238364978E-01
     3.3003844916E+00   -1.8599177995E-03    2.5238364978E-01    2.2820619053E+08

 Classical Flexibility Matrix (1-extension; 2-twist; 3,4-bending)
 ========================================================

     1.2460961454E-09   -5.5388099305E-14   -8.3931347667E-18   -1.8021406364E-17
    -5.5388099305E-14    1.0983827808E-07   -4.4762250346E-18    8.9600098553E-19
    -8.3931347667E-18   -4.4762250346E-18    2.3026878387E-08   -2.5466476475E-17
    -1.8021406364E-17    8.9600098553E-19   -2.5466476475E-17    4.3820020731E-09

 The Neutral Axes (or Tension Center) of the Cross Section
 ========================================================

  Xt2 =   -4.1125964965E-09
  Xt3 =    3.6449295169E-10

 Classical Stiffness Matrix (correct up to the 2nd order) (1-extension; 2-twist; 3,4-bending)
 ========================================================

     8.0250629430E+08    4.0467948970E+02    2.9250796663E-01    3.3003844916E+00
     4.0467948970E+02    9.1042942181E+06    1.7699431725E-03   -1.8599177995E-03
     2.9250796663E-01    1.7699431725E-03    4.3427510373E+07    2.5238364978E-01
     3.3003844916E+00   -1.8599177995E-03    2.5238364978E-01    2.2820619053E+08

 Classical Flexibility Matrix (correct up to the 2nd order) (1-extension; 2-twist; 3,4-bending)
 ========================================================

     1.2460961454E-09   -5.5388099305E-14   -8.3931347667E-18   -1.8021406364E-17
    -5.5388099305E-14    1.0983827808E-07   -4.4762250346E-18    8.9600098553E-19
    -8.3931347667E-18   -4.4762250346E-18    2.3026878387E-08   -2.5466476475E-17
    -1.8021406364E-17    8.9600098553E-19   -2.5466476475E-17    4.3820020731E-09

 The Neutral Axes (or Tension Center) of the Cross Section, Corrected by Initial Curvature/Twist
 ========================================================

  Xt2 =   -4.1125964965E-09
  Xt3 =    3.6449295169E-10

 Timoshenko Stiffness Matrix (1-extension; 2,3-shear, 4-twist; 5,6-bending)
 ========================================================

     8.0250629430E+08    3.1601056734E-02    2.9105596937E-03    4.0467948970E+02    2.9250796675E-01    3.3003844321E+00
     3.1601056734E-02    3.8582880637E+07    6.4922685478E-02    1.2192945972E-01    1.4585963848E-01    1.1254343608E-04
     2.9105596937E-03    6.4922685478E-02    9.6678495321E+06   -9.4353322347E-01    1.4590077617E-04   -1.9777337824E+02
     4.0467948970E+02    1.2192945972E-01   -9.4353322347E-01    9.1042942181E+06    1.7699436192E-03   -1.8406161176E-03
     2.9250796675E-01    1.4585963848E-01    1.4590077617E-04    1.7699436192E-03    4.3427510373E+07    2.5238364679E-01
     3.3003844321E+00    1.1254343608E-04   -1.9777337824E+02   -1.8406161176E-03    2.5238364679E-01    2.2820619053E+08

 Timoshenko Flexibility Matrix (1-extension; 2,3-shear, 4-twist; 5,6-bending)
 ========================================================

     1.2460961454E-09   -1.0204318508E-18   -3.8091840404E-19   -5.5388099305E-14   -8.3931347667E-18   -1.8021406364E-17
    -1.0204318508E-18    2.5918230663E-08   -1.7404919904E-16   -3.4711044449E-16   -8.7051358024E-17   -1.2932709354E-20
    -3.8091840404E-19   -1.7404919904E-16    1.0343561892E-07    1.0719660519E-14   -3.4802719640E-19    8.9641791648E-14
    -5.5388099305E-14   -3.4711044449E-16    1.0719660519E-14    1.0983827808E-07   -4.4762250346E-18    8.9600098553E-19
    -8.3931347667E-18   -8.7051358024E-17   -3.4802719640E-19   -4.4762250346E-18    2.3026878387E-08   -2.5466476475E-17
    -1.8021406364E-17   -1.2932709354E-20    8.9641791648E-14    8.9600098553E-19   -2.5466476475E-17    4.3820020731E-09

 The Generalized Shear Center of the Cross Section in the User Coordinate System
 ========================================================

  Xs2 =   -9.7594943283E-08
  Xs3 =   -3.1601956127E-09
