
 The 6X6 Mass Matrix
 ========================================================

     6.4090776000E+02    0.0000000000E+00    0.0000000000E+00    0.0000000000E+00    1.8630886764E-13   -3.1001060009E-12
     0.0000000000E+00    6.4090776000E+02    0.0000000000E+00   -1.8630886764E-13    0.0000000000E+00    0.0000000000E+00
     0.0000000000E+00    0.0000000000E+00    6.4090776000E+02    3.1001060009E-12    0.0000000000E+00    0.0000000000E+00
     0.0000000000E+00   -1.8630886764E-13    3.1001060009E-12    2.2372747505E+03    0.0000000000E+00    0.0000000000E+00
     1.8630886764E-13    0.0000000000E+00    0.0000000000E+00    0.0000000000E+00    2.0191332145E+03    8.5477415077E-15
    -3.1001060009E-12    0.0000000000E+00    0.0000000000E+00    0.0000000000E+00    8.5477415077E-15    2.1814153602E+02

 The Mass Center of the Cross Section
 ========================================================

  Xm2 =    4.8370548687E-15
  Xm3 =    2.9069529075E-16

 The 6X6 Mass Matrix at the Mass Center
 ========================================================

   6.409077600001E+02  0.000000000000E+00  0.000000000000E+00  0.000000000000E+00  0.000000000000E+00  0.000000000000E+00
   0.000000000000E+00  6.409077600001E+02  0.000000000000E+00  0.000000000000E+00  0.000000000000E+00  0.000000000000E+00
   0.000000000000E+00  0.000000000000E+00  6.409077600001E+02  0.000000000000E+00  0.000000000000E+00  0.000000000000E+00
   0.000000000000E+00  0.000000000000E+00  0.000000000000E+00  2.237274750538E+03  0.000000000000E+00  0.000000000000E+00
   0.000000000000E+00  0.000000000000E+00  0.000000000000E+00  0.000000000000E+00  2.019133214515E+03  8.547741507659E-15
   0.000000000000E+00  0.000000000000E+00  0.000000000000E+00  0.000000000000E+00  8.547741507659E-15  2.181415360227E+02

 The Mass Properties with respect to Principal Inertial Axes
 ========================================================

 Mass Per Unit Span                     =    6.4090776000E+02
 Mass Moments of Intertia about x1 axis =    2.2372747505E+03
 Mass Moments of Intertia about x2 axis =    2.0191332145E+03
 Mass Moments of Intertia about x3 axis =    2.1814153602E+02
 The user coordinate axes are the principal inertial axes.
 The mass-weighted radius of gyration   =    1.8683657425E+00

 The Geometric Center of the Cross Section
 ========================================================

  Xg2 =    2.0771266833E-14
  Xg3 =   -7.5751679456E-17

 Classical Stiffness Matrix (1-extension; 2-twist; 3,4-bending)
 ========================================================

     1.0311509100E+10    3.0618533028E+05    3.2402632332E+01    3.8523381400E-01
     3.0618533028E+05    6.6857951310E+08    5.4759043918E+00   -1.3516313792E+00
     3.2402632332E+01    5.4759043918E+00    3.8027261635E+10   -1.8060391558E+01
     3.8523381400E-01   -1.3516313792E+00   -1.8060391558E+01    2.5771451524E+09

 Classical Flexibility Matrix (1-extension; 2-twist; 3,4-bending)
 ========================================================

     9.6979016742E-11   -4.4412895832E-14   -8.2628411509E-20   -1.4519798320E-20
    -4.4412895832E-14    1.4957084296E-09   -2.1534333259E-19    7.8445855140E-19
    -8.2628411509E-20   -2.1534333259E-19    2.6296923760E-11    1.8428637564E-19
    -1.4519798320E-20    7.8445855140E-19    1.8428637564E-19    3.8802626196E-10

 The Neutral Axes (or Tension Center) of the Cross Section
 ========================================================

  Xt2 =   -3.7419626362E-11
  Xt3 =    3.1421322227E-09

 Classical Stiffness Matrix (correct up to the 2nd order) (1-extension; 2-twist; 3,4-bending)
 ========================================================

     1.0311509100E+10    3.0618533028E+05    3.2402632332E+01    3.8523381400E-01
     3.0618533028E+05    6.6857951310E+08    5.4759043918E+00   -1.3516313792E+00
     3.2402632332E+01    5.4759043918E+00    3.8027261635E+10   -1.8060391558E+01
     3.8523381400E-01   -1.3516313792E+00   -1.8060391558E+01    2.5771451524E+09

 Classical Flexibility Matrix (correct up to the 2nd order) (1-extension; 2-twist; 3,4-bending)
 ========================================================

     9.6979016742E-11   -4.4412895832E-14   -8.2628411509E-20   -1.4519798320E-20
    -4.4412895832E-14    1.4957084296E-09   -2.1534333259E-19    7.8445855140E-19
    -8.2628411509E-20   -2.1534333259E-19    2.6296923760E-11    1.8428637564E-19
    -1.4519798320E-20    7.8445855140E-19    1.8428637564E-19    3.8802626196E-10

 The Neutral Axes (or Tension Center) of the Cross Section, Corrected by Initial Curvature/Twist
 ========================================================

  Xt2 =   -3.7419626362E-11
  Xt3 =    3.1421322227E-09

 Timoshenko Stiffness Matrix (1-extension; 2,3-shear, 4-twist; 5,6-bending)
 ========================================================

     1.0311509100E+10   -2.2784256608E+00   -1.2705973697E+00    3.0618533028E+05    3.2408536338E+01    3.8547564074E-01
    -2.2784256608E+00    4.0260392868E+08    8.8129911035E-01   -8.6479465835E-01   -1.0432513818E+06    1.1587504393E+00
    -1.2705973697E+00    8.8129911035E-01    2.7438112952E+08   -2.6538191985E+01   -2.6983021816E+00   -5.2223067828E+04
     3.0618533028E+05   -8.6479465835E-01   -2.6538191985E+01    6.6857951310E+08    5.4781455602E+00   -1.3465803572E+00
     3.2408536338E+01   -1.0432513818E+06   -2.6983021816E+00    5.4781455602E+00    3.8027264338E+10   -1.8062881047E+01
     3.8547564074E-01    1.1587504393E+00   -5.2223067828E+04   -1.3465803572E+00   -1.8062881047E+01    2.5771451623E+09

 Timoshenko Flexibility Matrix (1-extension; 2,3-shear, 4-twist; 5,6-bending)
 ========================================================

     9.6979016742E-11    5.4851643007E-19    4.4478965034E-19   -4.4412895832E-14   -8.2628411509E-20   -1.4519798320E-20
     5.4851643007E-19    2.4838308816E-09   -7.9774884731E-18    3.2119773085E-18    6.8142161799E-14   -1.1164780038E-18
     4.4478965034E-19   -7.9774884731E-18    3.6445655195E-09    1.4466513080E-16    2.5842378966E-19    7.3853190387E-14
    -4.4412895832E-14    3.2119773085E-18    1.4466513080E-16    1.4957084296E-09   -2.1534333259E-19    7.8445855140E-19
    -8.2628411509E-20    6.8142161799E-14    2.5842378966E-19   -2.1534333259E-19    2.6296923760E-11    1.8428637564E-19
    -1.4519798320E-20   -1.1164780038E-18    7.3853190387E-14    7.8445855140E-19    1.8428637564E-19    3.8802626196E-10

 The Generalized Shear Center of the Cross Section in the User Coordinate System
 ========================================================

  Xs2 =   -9.6720141397E-08
  Xs3 =    2.1474621958E-09
