
 The 6X6 Mass Matrix
 ========================================================

     1.2844128000E+03    0.0000000000E+00    0.0000000000E+00    0.0000000000E+00    6.9388939039E-14   -3.6427248000E+02
     0.0000000000E+00    1.2844128000E+03    0.0000000000E+00   -6.9388939039E-14    0.0000000000E+00    0.0000000000E+00
     0.0000000000E+00    0.0000000000E+00    1.2844128000E+03    3.6427248000E+02    0.0000000000E+00    0.0000000000E+00
     0.0000000000E+00   -6.9388939039E-14    3.6427248000E+02    2.9918067505E+03    0.0000000000E+00    0.0000000000E+00
     6.9388939039E-14    0.0000000000E+00    0.0000000000E+00    0.0000000000E+00    2.4658534829E+03   -1.4321877018E-14
    -3.6427248000E+02    0.0000000000E+00    0.0000000000E+00    0.0000000000E+00   -1.4321877018E-14    5.2595326764E+02

 The Mass Center of the Cross Section
 ========================================================

  Xm2 =    2.8361012908E-01
  Xm3 =    5.4023861362E-17

 The 6X6 Mass Matrix at the Mass Center
 ========================================================

   1.284412800000E+03  0.000000000000E+00  0.000000000000E+00  0.000000000000E+00  0.000000000000E+00  0.000000000000E+00
   0.000000000000E+00  1.284412800000E+03  0.000000000000E+00  0.000000000000E+00  0.000000000000E+00  0.000000000000E+00
   0.000000000000E+00  0.000000000000E+00  1.284412800000E+03  0.000000000000E+00  0.000000000000E+00  0.000000000000E+00
   0.000000000000E+00  0.000000000000E+00  0.000000000000E+00  2.888495385448E+03  0.000000000000E+00  0.000000000000E+00
   0.000000000000E+00  0.000000000000E+00  0.000000000000E+00  0.000000000000E+00  2.465853482880E+03  5.357528939932E-15
   0.000000000000E+00  0.000000000000E+00  0.000000000000E+00  0.000000000000E+00  5.357528939932E-15  4.226419025685E+02

 The Mass Properties with respect to Principal Inertial Axes
 ========================================================

 Mass Per Unit Span                     =    1.2844128000E+03
 Mass Moments of Intertia about x1 axis =    2.8884953854E+03
 Mass Moments of Intertia about x2 axis =    2.4658534829E+03
 Mass Moments of Intertia about x3 axis =    4.2264190257E+02
 The user coordinate axes are the principal inertial axes.
 The mass-weighted radius of gyration   =    1.4996279513E+00

 The Geometric Center of the Cross Section
 ========================================================

  Xg2 =   -1.3912857132E-14
  Xg3 =   -1.2790783069E-16

 Classical Stiffness Matrix (1-extension; 2-twist; 3,4-bending)
 ========================================================

     2.2808365440E+10    1.8216726031E+04    3.6327034705E+01   -6.0936658928E+09
     1.8216726031E+04    1.0177497938E+09   -2.8586271476E+00    1.2990317172E+04
     3.6327034705E+01   -2.8586271476E+00    4.8481718994E+10    3.1559333535E+01
    -6.0936658928E+09    1.2990317172E+04    3.1559333535E+01    8.2057132101E+09

 Classical Flexibility Matrix (1-extension; 2-twist; 3,4-bending)
 ========================================================

     5.4695222606E-11   -1.4974213620E-15   -6.7422864308E-20    4.0617360609E-11
    -1.4974213620E-15    9.8255976682E-10    5.7937520833E-20   -2.6674766632E-15
    -6.7422864308E-20    5.7937520833E-20    2.0626331342E-11   -1.2939843308E-19
     4.0617360609E-11   -2.6674766632E-15   -1.2939843308E-19    1.5202927437E-10

 The Neutral Axes (or Tension Center) of the Cross Section
 ========================================================

  Xt2 =    2.6716802259E-01
  Xt3 =    1.5927088667E-09

 Classical Stiffness Matrix (correct up to the 2nd order) (1-extension; 2-twist; 3,4-bending)
 ========================================================

     2.2808365440E+10    1.8216726031E+04    3.6327034705E+01   -6.0936658928E+09
     1.8216726031E+04    1.0177497938E+09   -2.8586271476E+00    1.2990317172E+04
     3.6327034705E+01   -2.8586271476E+00    4.8481718994E+10    3.1559333535E+01
    -6.0936658928E+09    1.2990317172E+04    3.1559333535E+01    8.2057132101E+09

 Classical Flexibility Matrix (correct up to the 2nd order) (1-extension; 2-twist; 3,4-bending)
 ========================================================

     5.4695222606E-11   -1.4974213620E-15   -6.7422864308E-20    4.0617360609E-11
    -1.4974213620E-15    9.8255976682E-10    5.7937520833E-20   -2.6674766632E-15
    -6.7422864308E-20    5.7937520833E-20    2.0626331342E-11   -1.2939843308E-19
     4.0617360609E-11   -2.6674766632E-15   -1.2939843308E-19    1.5202927437E-10

 The Neutral Axes (or Tension Center) of the Cross Section, Corrected by Initial Curvature/Twist
 ========================================================

  Xt2 =    2.6716802259E-01
  Xt3 =    1.5927088667E-09

 Timoshenko Stiffness Matrix (1-extension; 2,3-shear, 4-twist; 5,6-bending)
 ========================================================

     2.2808365440E+10    4.5593442879E-02   -3.7883852322E+03    1.3744870978E+04    3.6327031749E+01   -6.0936658928E+09
     4.5593442879E-02    6.9775579502E+08    1.7305037748E+00   -2.3020191624E+00   -3.7534145732E+03    8.1267662447E-02
    -3.7883852322E+03    1.7305037748E+00    1.5950414418E+09    1.8828059172E+09    1.1412489718E+00   -8.7697683193E+03
     1.3744870978E+04   -2.3020191624E+00    1.8828059172E+09    3.2402363256E+09   -1.5114598958E+00    2.6383781868E+03
     3.6327031749E+01   -3.7534145732E+03    1.1412489718E+00   -1.5114598958E+00    4.8481718994E+10    3.1559326823E+01
    -6.0936658928E+09    8.1267662447E-02   -8.7697683193E+03    2.6383781868E+03    3.1559326823E+01    8.2057132102E+09

 Timoshenko Flexibility Matrix (1-extension; 2,3-shear, 4-twist; 5,6-bending)
 ========================================================

     5.4695222606E-11   -8.3152181795E-21    2.1208008321E-15   -1.4974213620E-15   -6.7422864308E-20    4.0617360609E-11
    -8.3152181795E-21    1.4331661695E-09   -8.7767831816E-18    6.1181202966E-18    1.1095453912E-16   -2.0380536773E-20
     2.1208008321E-15   -8.7767831816E-18    1.9960145016E-09   -1.1598252526E-09   -8.3149230636E-20    4.0810704964E-15
    -1.4974213620E-15    6.1181202966E-18   -1.1598252526E-09    9.8255976682E-10    5.7937520833E-20   -2.6674766632E-15
    -6.7422864308E-20    1.1095453912E-16   -8.3149230636E-20    5.7937520833E-20    2.0626331342E-11   -1.2939843308E-19
     4.0617360609E-11   -2.0380536773E-20    4.0810704964E-15   -2.6674766632E-15   -1.2939843308E-19    1.5202927437E-10

 The Generalized Shear Center of the Cross Section in the User Coordinate System
 ========================================================

  Xs2 =    1.1804119115E+00
  Xs3 =    6.2267156699E-09
