
 The 6X6 Mass Matrix
 ========================================================

     7.3780480000E+02    0.0000000000E+00    0.0000000000E+00    0.0000000000E+00   -5.3845816694E-14   -4.5462522635E-12
     0.0000000000E+00    7.3780480000E+02    0.0000000000E+00    5.3845816694E-14    0.0000000000E+00    0.0000000000E+00
     0.0000000000E+00    0.0000000000E+00    7.3780480000E+02    4.5462522635E-12    0.0000000000E+00    0.0000000000E+00
     0.0000000000E+00    5.3845816694E-14    4.5462522635E-12    2.1878527947E+03    0.0000000000E+00    0.0000000000E+00
    -5.3845816694E-14    0.0000000000E+00    0.0000000000E+00    0.0000000000E+00    1.9626507452E+03   -1.3600232052E-14
    -4.5462522635E-12    0.0000000000E+00    0.0000000000E+00    0.0000000000E+00   -1.3600232052E-14    2.2520204952E+02

 The Mass Center of the Cross Section
 ========================================================

  Xm2 =    6.1618632239E-15
  Xm3 =   -7.2981114645E-17

 The 6X6 Mass Matrix at the Mass Center
 ========================================================

   7.378048000000E+02  0.000000000000E+00  0.000000000000E+00  0.000000000000E+00  0.000000000000E+00  0.000000000000E+00
   0.000000000000E+00  7.378048000000E+02  0.000000000000E+00  0.000000000000E+00  0.000000000000E+00  0.000000000000E+00
   0.000000000000E+00  0.000000000000E+00  7.378048000000E+02  0.000000000000E+00  0.000000000000E+00  0.000000000000E+00
   0.000000000000E+00  0.000000000000E+00  0.000000000000E+00  2.187852794692E+03  0.000000000000E+00  0.000000000000E+00
   0.000000000000E+00  0.000000000000E+00  0.000000000000E+00  0.000000000000E+00  1.962650745173E+03 -1.360023205166E-14
   0.000000000000E+00  0.000000000000E+00  0.000000000000E+00  0.000000000000E+00 -1.360023205166E-14  2.252020495189E+02

 The Mass Properties with respect to Principal Inertial Axes
 ========================================================

 Mass Per Unit Span                     =    7.3780480000E+02
 Mass Moments of Intertia about x1 axis =    2.1878527947E+03
 Mass Moments of Intertia about x2 axis =    1.9626507452E+03
 Mass Moments of Intertia about x3 axis =    2.2520204952E+02
 The user coordinate axes are the principal inertial axes.
 The mass-weighted radius of gyration   =    1.7220204745E+00

 The Geometric Center of the Cross Section
 ========================================================

  Xg2 =    1.4505837298E-14
  Xg3 =    3.2320117005E-16

 Classical Stiffness Matrix (1-extension; 2-twist; 3,4-bending)
 ========================================================

     1.3061207351E+10    2.1169365332E+04    3.5052125978E+02    1.8438497492E+01
     2.1169365332E+04    5.8924586155E+08   -1.1353216606E+01    7.6556699358E-04
     3.5052125978E+02   -1.1353216606E+01    3.9342179397E+10   -4.7575506247E+01
     1.8438497492E+01    7.6556699358E-04   -4.7575506247E+01    3.0130492855E+09

 Classical Flexibility Matrix (1-extension; 2-twist; 3,4-bending)
 ========================================================

     7.6562600467E-11   -2.7506033827E-15   -6.8213939413E-19   -4.6852846180E-19
    -2.7506033827E-15    1.6970844690E-09    4.8976269274E-19   -4.1436147976E-22
    -6.8213939413E-19    4.8976269274E-19    2.5418012304E-11    4.0134584641E-19
    -4.6852846180E-19   -4.1436147976E-22    4.0134584641E-19    3.3188969222E-10

 The Neutral Axes (or Tension Center) of the Cross Section
 ========================================================

  Xt2 =   -1.4116993146E-09
  Xt3 =    2.6836850396E-08

 Classical Stiffness Matrix (correct up to the 2nd order) (1-extension; 2-twist; 3,4-bending)
 ========================================================

     1.3061207351E+10    2.1169365332E+04    3.5052125978E+02    1.8438497492E+01
     2.1169365332E+04    5.8924586155E+08   -1.1353216606E+01    7.6556699358E-04
     3.5052125978E+02   -1.1353216606E+01    3.9342179397E+10   -4.7575506247E+01
     1.8438497492E+01    7.6556699358E-04   -4.7575506247E+01    3.0130492855E+09

 Classical Flexibility Matrix (correct up to the 2nd order) (1-extension; 2-twist; 3,4-bending)
 ========================================================

     7.6562600467E-11   -2.7506033827E-15   -6.8213939413E-19   -4.6852846180E-19
    -2.7506033827E-15    1.6970844690E-09    4.8976269274E-19   -4.1436147976E-22
    -6.8213939413E-19    4.8976269274E-19    2.5418012304E-11    4.0134584641E-19
    -4.6852846180E-19   -4.1436147976E-22    4.0134584641E-19    3.3188969222E-10

 The Neutral Axes (or Tension Center) of the Cross Section, Corrected by Initial Curvature/Twist
 ========================================================

  Xt2 =   -1.4116993146E-09
  Xt3 =    2.6836850396E-08

 Timoshenko Stiffness Matrix (1-extension; 2,3-shear, 4-twist; 5,6-bending)
 ========================================================

     1.3061207351E+10    1.4542452161E+01    2.5418274669E-03    2.1169365331E+04    3.5052096080E+02    1.8438497369E+01
     1.4542452161E+01    5.2028477372E+08    1.1622861565E+00   -2.6548133495E+01   -1.0696579838E+04   -3.2348680747E-01
     2.5418274669E-03    1.1622861565E+00    2.4331656696E+08   -4.8606496824E+01   -3.1813691239E-01   -1.0928071385E+04
     2.1169365331E+04   -2.6548133495E+01   -4.8606496824E+01    5.8924586155E+08   -1.1352670737E+01    2.9486459730E-03
     3.5052096080E+02   -1.0696579838E+04   -3.1813691239E-01   -1.1352670737E+01    3.9342179398E+10   -4.7575485309E+01
     1.8438497369E+01   -3.2348680747E-01   -1.0928071385E+04    2.9486459730E-03   -4.7575485309E+01    3.0130492860E+09

 Timoshenko Flexibility Matrix (1-extension; 2,3-shear, 4-twist; 5,6-bending)
 ========================================================

     7.6562600467E-11   -2.1401515688E-18   -1.3703298611E-21   -2.7506033827E-15   -6.8213939413E-19   -4.6852846180E-19
    -2.1401515688E-18    1.9220243423E-09   -9.1811900982E-18    8.6595787837E-17    5.2257112197E-16    2.0632722117E-19
    -1.3703298611E-21   -9.1811900982E-18    4.1098722239E-09    3.3902060918E-16    3.3249730673E-20    1.4906154126E-14
    -2.7506033827E-15    8.6595787837E-17    3.3902060918E-16    1.6970844690E-09    4.8976269274E-19   -4.1436147976E-22
    -6.8213939413E-19    5.2257112197E-16    3.3249730673E-20    4.8976269274E-19    2.5418012304E-11    4.0134584641E-19
    -4.6852846180E-19    2.0632722117E-19    1.4906154126E-14   -4.1436147976E-22    4.0134584641E-19    3.3188969222E-10

 The Generalized Shear Center of the Cross Section in the User Coordinate System
 ========================================================

  Xs2 =   -1.9976649093E-07
  Xs3 =    5.1026209607E-08
