
 The 6X6 Mass Matrix
 ========================================================

     4.3227600000E+02    0.0000000000E+00    0.0000000000E+00    0.0000000000E+00    4.9695490778E-15   -6.2770913684E-12
     0.0000000000E+00    4.3227600000E+02    0.0000000000E+00   -4.9695490778E-15    0.0000000000E+00    0.0000000000E+00
     0.0000000000E+00    0.0000000000E+00    4.3227600000E+02    6.2770913684E-12    0.0000000000E+00    0.0000000000E+00
     0.0000000000E+00   -4.9695490778E-15    6.2770913684E-12    1.5253018844E+03    0.0000000000E+00    0.0000000000E+00
     4.9695490778E-15    0.0000000000E+00    0.0000000000E+00    0.0000000000E+00    1.3376918162E+03    7.8025693545E-15
    -6.2770913684E-12    0.0000000000E+00    0.0000000000E+00    0.0000000000E+00    7.8025693545E-15    1.8761006823E+02

 The Mass Center of the Cross Section
 ========================================================

  Xm2 =    1.4521026771E-14
  Xm3 =    1.1496241008E-17

 The 6X6 Mass Matrix at the Mass Center
 ========================================================

   4.322760000000E+02  0.000000000000E+00  0.000000000000E+00  0.000000000000E+00  0.000000000000E+00  0.000000000000E+00
   0.000000000000E+00  4.322760000000E+02  0.000000000000E+00  0.000000000000E+00  0.000000000000E+00  0.000000000000E+00
   0.000000000000E+00  0.000000000000E+00  4.322760000000E+02  0.000000000000E+00  0.000000000000E+00  0.000000000000E+00
   0.000000000000E+00  0.000000000000E+00  0.000000000000E+00  1.525301884427E+03  0.000000000000E+00  0.000000000000E+00
   0.000000000000E+00  0.000000000000E+00  0.000000000000E+00  0.000000000000E+00  1.337691816195E+03  7.802569354509E-15
   0.000000000000E+00  0.000000000000E+00  0.000000000000E+00  0.000000000000E+00  7.802569354509E-15  1.876100682320E+02

 The Mass Properties with respect to Principal Inertial Axes
 ========================================================

 Mass Per Unit Span                     =    4.3227600000E+02
 Mass Moments of Intertia about x1 axis =    1.5253018844E+03
 Mass Moments of Intertia about x2 axis =    1.3376918162E+03
 Mass Moments of Intertia about x3 axis =    1.8761006823E+02
 The user coordinate axes are the principal inertial axes.
 The mass-weighted radius of gyration   =    1.8784400592E+00

 The Geometric Center of the Cross Section
 ========================================================

  Xg2 =   -2.5071964872E-14
  Xg3 =    7.5717206109E-20

 Classical Stiffness Matrix (1-extension; 2-twist; 3,4-bending)
 ========================================================

     5.3424804053E+09    5.5384255611E+04    1.5716772825E+03    5.1012697617E-01
     5.5384255611E+04    7.0465541685E+08   -1.6891706367E+01   -3.0349876695E-01
     1.5716772825E+03   -1.6891706367E+01    2.0978545650E+10   -1.5147086116E+00
     5.1012697617E-01   -3.0349876695E-01   -1.5147086116E+00    1.7047755780E+09

 Classical Flexibility Matrix (1-extension; 2-twist; 3,4-bending)
 ========================================================

     1.8717897399E-10   -1.4711826366E-14   -1.4023145103E-17   -5.6012962351E-20
    -1.4711826366E-14    1.4191333479E-09    1.1437735700E-18    2.5265069104E-19
    -1.4023145103E-17    1.1437735700E-18    4.7667746691E-11    4.2353231031E-20
    -5.6012962351E-20    2.5265069104E-19    4.2353231031E-20    5.8658747399E-10

 The Neutral Axes (or Tension Center) of the Cross Section
 ========================================================

  Xt2 =   -9.5489509025E-11
  Xt3 =    2.9418518970E-07

 Classical Stiffness Matrix (correct up to the 2nd order) (1-extension; 2-twist; 3,4-bending)
 ========================================================

     5.3424804053E+09    5.5384255611E+04    1.5716772825E+03    5.1012697617E-01
     5.5384255611E+04    7.0465541685E+08   -1.6891706367E+01   -3.0349876695E-01
     1.5716772825E+03   -1.6891706367E+01    2.0978545650E+10   -1.5147086116E+00
     5.1012697617E-01   -3.0349876695E-01   -1.5147086116E+00    1.7047755780E+09

 Classical Flexibility Matrix (correct up to the 2nd order) (1-extension; 2-twist; 3,4-bending)
 ========================================================

     1.8717897399E-10   -1.4711826366E-14   -1.4023145103E-17   -5.6012962351E-20
    -1.4711826366E-14    1.4191333479E-09    1.1437735700E-18    2.5265069104E-19
    -1.4023145103E-17    1.1437735700E-18    4.7667746691E-11    4.2353231031E-20
    -5.6012962351E-20    2.5265069104E-19    4.2353231031E-20    5.8658747399E-10

 The Neutral Axes (or Tension Center) of the Cross Section, Corrected by Initial Curvature/Twist
 ========================================================

  Xt2 =   -9.5489509025E-11
  Xt3 =    2.9418518970E-07

 Timoshenko Stiffness Matrix (1-extension; 2,3-shear, 4-twist; 5,6-bending)
 ========================================================

     5.3424804053E+09    1.1377875041E+01   -4.9659218047E-01    5.5384255605E+04    1.5716789848E+03    5.1012582391E-01
     1.1377875041E+01    1.9063019526E+08   -2.8438797288E-01   -1.1205490186E+02    2.8521043519E+04   -1.6201192974E-01
    -4.9659218047E-01   -2.8438797288E-01    2.9651683234E+08    6.9656516747E-01    4.2458899074E-01    6.8224478910E+02
     5.5384255605E+04   -1.1205490186E+02    6.9656516747E-01    7.0465541685E+08   -1.6908471405E+01   -3.0349706901E-01
     1.5716789848E+03    2.8521043519E+04    4.2458899074E-01   -1.6908471405E+01    2.0978545655E+10   -1.5147318739E+00
     5.1012582391E-01   -1.6201192974E-01    6.8224478910E+02   -3.0349706901E-01   -1.5147318739E+00    1.7047755780E+09

 Timoshenko Flexibility Matrix (1-extension; 2,3-shear, 4-twist; 5,6-bending)
 ========================================================

     1.8717897399E-10   -1.1178436611E-17    3.1351307390E-19   -1.4711826366E-14   -1.4023145103E-17   -5.6012962351E-20
    -1.1178436611E-17    5.2457586734E-09    5.0311908601E-18    8.3418569957E-16   -7.1317866285E-15    4.9851811595E-19
     3.1351307390E-19    5.0311908601E-18    3.3724898250E-09   -3.3337942124E-18   -6.8263461298E-20   -1.3496577726E-15
    -1.4711826366E-14    8.3418569957E-16   -3.3337942124E-18    1.4191333479E-09    1.1437735700E-18    2.5265069104E-19
    -1.4023145103E-17   -7.1317866285E-15   -6.8263461298E-20    1.1437735700E-18    4.7667746691E-11    4.2353231031E-20
    -5.6012962351E-20    4.9851811595E-19   -1.3496577726E-15    2.5265069104E-19    4.2353231031E-20    5.8658747399E-10

 The Generalized Shear Center of the Cross Section in the User Coordinate System
 ========================================================

  Xs2 =    2.3491761485E-09
  Xs3 =    5.8781347139E-07
