
 The 6X6 Mass Matrix
 ========================================================

     6.2993624000E+02    0.0000000000E+00    0.0000000000E+00    0.0000000000E+00    1.1825609936E-14    3.2005162409E-12
     0.0000000000E+00    6.2993624000E+02    0.0000000000E+00   -1.1825609936E-14    0.0000000000E+00    0.0000000000E+00
     0.0000000000E+00    0.0000000000E+00    6.2993624000E+02   -3.2005162409E-12    0.0000000000E+00    0.0000000000E+00
     0.0000000000E+00   -1.1825609936E-14   -3.2005162409E-12    3.1003718694E+03    0.0000000000E+00    0.0000000000E+00
     1.1825609936E-14    0.0000000000E+00    0.0000000000E+00    0.0000000000E+00    2.8527744537E+03   -1.6519771662E-14
     3.2005162409E-12    0.0000000000E+00    0.0000000000E+00    0.0000000000E+00   -1.6519771662E-14    2.4759741573E+02

 The Mass Center of the Cross Section
 ========================================================

  Xm2 =   -5.0806987084E-15
  Xm3 =    1.8772709339E-17

 The 6X6 Mass Matrix at the Mass Center
 ========================================================

   6.299362400001E+02  0.000000000000E+00  0.000000000000E+00  0.000000000000E+00  0.000000000000E+00  0.000000000000E+00
   0.000000000000E+00  6.299362400001E+02  0.000000000000E+00  0.000000000000E+00  0.000000000000E+00  0.000000000000E+00
   0.000000000000E+00  0.000000000000E+00  6.299362400001E+02  0.000000000000E+00  0.000000000000E+00  0.000000000000E+00
   0.000000000000E+00  0.000000000000E+00  0.000000000000E+00  3.100371869404E+03  0.000000000000E+00  0.000000000000E+00
   0.000000000000E+00  0.000000000000E+00  0.000000000000E+00  0.000000000000E+00  2.852774453672E+03 -1.651977166173E-14
   0.000000000000E+00  0.000000000000E+00  0.000000000000E+00  0.000000000000E+00 -1.651977166173E-14  2.475974157319E+02

 The Mass Properties with respect to Principal Inertial Axes
 ========================================================

 Mass Per Unit Span                     =    6.2993624000E+02
 Mass Moments of Intertia about x1 axis =    3.1003718694E+03
 Mass Moments of Intertia about x2 axis =    2.8527744537E+03
 Mass Moments of Intertia about x3 axis =    2.4759741573E+02
 The user coordinate axes are the principal inertial axes.
 The mass-weighted radius of gyration   =    2.2184957289E+00

 The Geometric Center of the Cross Section
 ========================================================

  Xg2 =   -8.0492241310E-15
  Xg3 =    9.1961733351E-17

 Classical Stiffness Matrix (1-extension; 2-twist; 3,4-bending)
 ========================================================

     7.1748793769E+09    1.0249950424E+06    4.6711758565E+02    4.8290597972E+01
     1.0249950424E+06    8.6436623011E+08    7.3940726420E+01    5.8254889882E+00
     4.6711758565E+02    7.3940726420E+01    3.7947911841E+10    5.4637984113E+01
     4.8290597972E+01    5.8254889882E+00    5.4637984113E+01    2.2460477800E+09

 Classical Flexibility Matrix (1-extension; 2-twist; 3,4-bending)
 ========================================================

     1.3937518903E-10   -1.6527586665E-13   -1.7153086391E-18   -2.9961732666E-18
    -1.6527586665E-13    1.1569172124E-09   -2.2521949566E-18   -2.9970987916E-18
    -1.7153086391E-18   -2.2521949566E-18    2.6351911119E-11   -6.4104388960E-19
    -2.9961732666E-18   -2.9970987916E-18   -6.4104388960E-19    4.4522650359E-10

 The Neutral Axes (or Tension Center) of the Cross Section
 ========================================================

  Xt2 =   -6.7295484078E-09
  Xt3 =    6.5092381181E-08

 Classical Stiffness Matrix (correct up to the 2nd order) (1-extension; 2-twist; 3,4-bending)
 ========================================================

     7.1748793769E+09    1.0249950424E+06    4.6711758565E+02    4.8290597972E+01
     1.0249950424E+06    8.6436623011E+08    7.3940726420E+01    5.8254889882E+00
     4.6711758565E+02    7.3940726420E+01    3.7947911841E+10    5.4637984113E+01
     4.8290597972E+01    5.8254889882E+00    5.4637984113E+01    2.2460477800E+09

 Classical Flexibility Matrix (correct up to the 2nd order) (1-extension; 2-twist; 3,4-bending)
 ========================================================

     1.3937518903E-10   -1.6527586665E-13   -1.7153086391E-18   -2.9961732666E-18
    -1.6527586665E-13    1.1569172124E-09   -2.2521949566E-18   -2.9970987916E-18
    -1.7153086391E-18   -2.2521949566E-18    2.6351911119E-11   -6.4104388960E-19
    -2.9961732666E-18   -2.9970987916E-18   -6.4104388960E-19    4.4522650359E-10

 The Neutral Axes (or Tension Center) of the Cross Section, Corrected by Initial Curvature/Twist
 ========================================================

  Xt2 =   -6.7295484078E-09
  Xt3 =    6.5092381181E-08

 Timoshenko Stiffness Matrix (1-extension; 2,3-shear, 4-twist; 5,6-bending)
 ========================================================

     7.1748793769E+09   -5.9148848837E+01   -1.2121717084E+01    1.0249950424E+06    4.6679172612E+02    4.8286631832E+01
    -5.9148848837E+01    3.1707131469E+08   -3.4042922333E+00    7.2801588154E+00    1.7467942635E+06   -5.3369212246E+00
    -1.2121717084E+01   -3.4042922333E+00    3.4668114834E+08   -2.1307659538E+00   -1.4293209805E+01    1.1346006755E+05
     1.0249950424E+06    7.2801588154E+00   -2.1307659538E+00    8.6436623011E+08    7.3980834013E+01    5.8247915193E+00
     4.6679172612E+02    1.7467942635E+06   -1.4293209805E+01    7.3980834013E+01    3.7947921464E+10    5.4603910527E+01
     4.8286631832E+01   -5.3369212246E+00    1.1346006755E+05    5.8247915193E+00    5.4603910527E+01    2.2460478172E+09

 Timoshenko Flexibility Matrix (1-extension; 2,3-shear, 4-twist; 5,6-bending)
 ========================================================

     1.3937518903E-10    2.6013332433E-17    4.8732227405E-18   -1.6527586665E-13   -1.7153086391E-18   -2.9961732666E-18
     2.6013332433E-17    3.1538654154E-09    3.0961459289E-17   -2.6581978248E-17   -1.4517670014E-13    7.4959866710E-18
     4.8732227405E-18    3.0961459289E-17    2.8844949352E-09    7.1058271275E-18    1.0852389279E-18   -1.4571149718E-13
    -1.6527586665E-13   -2.6581978248E-17    7.1058271275E-18    1.1569172124E-09   -2.2521949566E-18   -2.9970987916E-18
    -1.7153086391E-18   -1.4517670014E-13    1.0852389279E-18   -2.2521949566E-18    2.6351911119E-11   -6.4104388960E-19
    -2.9961732666E-18    7.4959866710E-18   -1.4571149718E-13   -2.9970987916E-18   -6.4104388960E-19    4.4522650359E-10

 The Generalized Shear Center of the Cross Section in the User Coordinate System
 ========================================================

  Xs2 =   -6.1420359656E-09
  Xs3 =   -2.2976560435E-08
