
 The 6X6 Mass Matrix
 ========================================================

     7.4561696000E+02    0.0000000000E+00    0.0000000000E+00    0.0000000000E+00    3.1075836349E-14    1.1032188184E-11
     0.0000000000E+00    7.4561696000E+02    0.0000000000E+00   -3.1075836349E-14    0.0000000000E+00    0.0000000000E+00
     0.0000000000E+00    0.0000000000E+00    7.4561696000E+02   -1.1032188184E-11    0.0000000000E+00    0.0000000000E+00
     0.0000000000E+00   -3.1075836349E-14   -1.1032188184E-11    4.2148655693E+03    0.0000000000E+00    0.0000000000E+00
     3.1075836349E-14    0.0000000000E+00    0.0000000000E+00    0.0000000000E+00    3.9330425907E+03   -2.6451063562E-14
     1.1032188184E-11    0.0000000000E+00    0.0000000000E+00    0.0000000000E+00   -2.6451063562E-14    2.8182297862E+02

 The Mass Center of the Cross Section
 ========================================================

  Xm2 =   -1.4796053169E-14
  Xm3 =    4.1678017019E-17

 The 6X6 Mass Matrix at the Mass Center
 ========================================================

   7.456169600001E+02  0.000000000000E+00  0.000000000000E+00  0.000000000000E+00  0.000000000000E+00  0.000000000000E+00
   0.000000000000E+00  7.456169600001E+02  0.000000000000E+00  0.000000000000E+00  0.000000000000E+00  0.000000000000E+00
   0.000000000000E+00  0.000000000000E+00  7.456169600001E+02  0.000000000000E+00  0.000000000000E+00  0.000000000000E+00
   0.000000000000E+00  0.000000000000E+00  0.000000000000E+00  4.214865569329E+03  0.000000000000E+00  0.000000000000E+00
   0.000000000000E+00  0.000000000000E+00  0.000000000000E+00  0.000000000000E+00  3.933042590705E+03 -2.645106356169E-14
   0.000000000000E+00  0.000000000000E+00  0.000000000000E+00  0.000000000000E+00 -2.645106356169E-14  2.818229786238E+02

 The Mass Properties with respect to Principal Inertial Axes
 ========================================================

 Mass Per Unit Span                     =    7.4561696000E+02
 Mass Moments of Intertia about x1 axis =    4.2148655693E+03
 Mass Moments of Intertia about x2 axis =    3.9330425907E+03
 Mass Moments of Intertia about x3 axis =    2.8182297862E+02
 The user coordinate axes are the principal inertial axes.
 The mass-weighted radius of gyration   =    2.3775736273E+00

 The Geometric Center of the Cross Section
 ========================================================

  Xg2 =    1.7074721814E-14
  Xg3 =    2.5650915010E-17

 Classical Stiffness Matrix (1-extension; 2-twist; 3,4-bending)
 ========================================================

     8.0732568827E+09    3.1289831807E+06   -2.0640065986E+02   -4.7814645634E+01
     3.1289831807E+06    9.2646814245E+08   -1.6797047052E+01   -3.6408895291E+00
    -2.0640065986E+02   -1.6797047052E+01    4.8338621718E+10   -1.0215625876E+02
    -4.7814645634E+01   -3.6408895291E+00   -1.0215625876E+02    2.5304850346E+09

 Classical Flexibility Matrix (1-extension; 2-twist; 3,4-bending)
 ========================================================

     1.2386590982E-10   -4.1833532177E-13    5.2874860832E-19    2.3398998391E-18
    -4.1833532177E-13    1.0793693416E-09    3.7328066975E-19    1.5451037898E-18
     5.2874860832E-19    3.7328066975E-19    2.0687391665E-11    8.3515473663E-19
     2.3398998391E-18    1.5451037898E-18    8.3515473663E-19    3.9518115552E-10

 The Neutral Axes (or Tension Center) of the Cross Section
 ========================================================

  Xt2 =    5.9210814713E-09
  Xt3 =   -2.5558978723E-08

 Classical Stiffness Matrix (correct up to the 2nd order) (1-extension; 2-twist; 3,4-bending)
 ========================================================

     8.0732568827E+09    3.1289831807E+06   -2.0640065986E+02   -4.7814645634E+01
     3.1289831807E+06    9.2646814245E+08   -1.6797047052E+01   -3.6408895291E+00
    -2.0640065986E+02   -1.6797047052E+01    4.8338621718E+10   -1.0215625876E+02
    -4.7814645634E+01   -3.6408895291E+00   -1.0215625876E+02    2.5304850346E+09

 Classical Flexibility Matrix (correct up to the 2nd order) (1-extension; 2-twist; 3,4-bending)
 ========================================================

     1.2386590982E-10   -4.1833532177E-13    5.2874860832E-19    2.3398998391E-18
    -4.1833532177E-13    1.0793693416E-09    3.7328066975E-19    1.5451037898E-18
     5.2874860832E-19    3.7328066975E-19    2.0687391665E-11    8.3515473663E-19
     2.3398998391E-18    1.5451037898E-18    8.3515473663E-19    3.9518115552E-10

 The Neutral Axes (or Tension Center) of the Cross Section, Corrected by Initial Curvature/Twist
 ========================================================

  Xt2 =    5.9210814713E-09
  Xt3 =   -2.5558978723E-08

 Timoshenko Stiffness Matrix (1-extension; 2,3-shear, 4-twist; 5,6-bending)
 ========================================================

     8.0732568827E+09    1.9232166777E+01   -3.4416891973E-01    3.1289831807E+06   -2.0632451992E+02   -4.7814779486E+01
     1.9232166777E+01    3.7446307477E+08    1.3207033727E+00    9.9835372949E+00    1.4824953266E+06    9.1031106217E+00
    -3.4416891973E-01    1.3207033727E+00    3.6943006458E+08   -1.9875016657E+01   -9.9242169440E-01    1.4417908204E+05
     3.1289831807E+06    9.9835372949E+00   -1.9875016657E+01    9.2646814245E+08   -1.6757522281E+01   -3.6486459958E+00
    -2.0632451992E+02    1.4824953266E+06   -9.9242169440E-01   -1.6757522281E+01    4.8338627587E+10   -1.0212060900E+02
    -4.7814779486E+01    9.1031106217E+00    1.4417908204E+05   -3.6486459958E+00   -1.0212060900E+02    2.5304850909E+09

 Timoshenko Flexibility Matrix (1-extension; 2,3-shear, 4-twist; 5,6-bending)
 ========================================================

     1.2386590982E-10   -6.3526083566E-18    9.1976865031E-20   -4.1833532177E-13    5.2874860832E-19    2.3398998391E-18
    -6.3526083566E-18    2.6704906005E-09   -9.5434092745E-18   -2.8756993108E-17   -8.1901163368E-14   -9.6095249421E-18
     9.1976865031E-20   -9.5434092745E-18    2.7068723369E-09    5.8068140603E-17    5.5540631790E-20   -1.5422907258E-13
    -4.1833532177E-13   -2.8756993108E-17    5.8068140603E-17    1.0793693416E-09    3.7328066975E-19    1.5451037898E-18
     5.2874860832E-19   -8.1901163368E-14    5.5540631790E-20    3.7328066975E-19    2.0687391665E-11    8.3515473663E-19
     2.3398998391E-18   -9.6095249421E-18   -1.5422907258E-13    1.5451037898E-18    8.3515473663E-19    3.9518115552E-10

 The Generalized Shear Center of the Cross Section in the User Coordinate System
 ========================================================

  Xs2 =   -5.3798211940E-08
  Xs3 =   -2.6642403113E-08
