
 The 6X6 Mass Matrix
 ========================================================

     4.6857176000E+02    0.0000000000E+00    0.0000000000E+00    0.0000000000E+00    7.7826634026E-14    1.3175016633E-12
     0.0000000000E+00    4.6857176000E+02    0.0000000000E+00   -7.7826634026E-14    0.0000000000E+00    0.0000000000E+00
     0.0000000000E+00    0.0000000000E+00    4.6857176000E+02   -1.3175016633E-12    0.0000000000E+00    0.0000000000E+00
     0.0000000000E+00   -7.7826634026E-14   -1.3175016633E-12    3.1991904858E+02    0.0000000000E+00    0.0000000000E+00
     7.7826634026E-14    0.0000000000E+00    0.0000000000E+00    0.0000000000E+00    1.9804811560E+02    5.2735593670E-16
     1.3175016633E-12    0.0000000000E+00    0.0000000000E+00    0.0000000000E+00    5.2735593670E-16    1.2187093298E+02

 The Mass Center of the Cross Section
 ========================================================

  Xm2 =   -2.8117393659E-15
  Xm3 =    1.6609330879E-16

 The 6X6 Mass Matrix at the Mass Center
 ========================================================

   4.685717600000E+02  0.000000000000E+00  0.000000000000E+00  0.000000000000E+00  0.000000000000E+00  0.000000000000E+00
   0.000000000000E+00  4.685717600000E+02  0.000000000000E+00  0.000000000000E+00  0.000000000000E+00  0.000000000000E+00
   0.000000000000E+00  0.000000000000E+00  4.685717600000E+02  0.000000000000E+00  0.000000000000E+00  0.000000000000E+00
   0.000000000000E+00  0.000000000000E+00  0.000000000000E+00  3.199190485754E+02  0.000000000000E+00  0.000000000000E+00
   0.000000000000E+00  0.000000000000E+00  0.000000000000E+00  0.000000000000E+00  1.980481155980E+02  5.273559366967E-16
   0.000000000000E+00  0.000000000000E+00  0.000000000000E+00  0.000000000000E+00  5.273559366967E-16  1.218709329774E+02

 The Mass Properties with respect to Principal Inertial Axes
 ========================================================

 Mass Per Unit Span                     =    4.6857176000E+02
 Mass Moments of Intertia about x1 axis =    3.1991904858E+02
 Mass Moments of Intertia about x2 axis =    1.9804811560E+02
 Mass Moments of Intertia about x3 axis =    1.2187093298E+02
 The user coordinate axes are the principal inertial axes.
 The mass-weighted radius of gyration   =    8.2628904395E-01

 The Geometric Center of the Cross Section
 ========================================================

  Xg2 =    6.7065591768E-15
  Xg3 =   -6.4185636257E-18

 Classical Stiffness Matrix (1-extension; 2-twist; 3,4-bending)
 ========================================================

     9.0259718073E+09    6.4588631785E+03   -3.6423790241E+00   -3.7193331483E-02
     6.4588631785E+03    1.9074223132E+08    3.8396072978E-01    1.7284123790E-03
    -3.6423790241E+00    3.8396072978E-01    4.1083754853E+09   -7.3322014681E-01
    -3.7193331483E-02    1.7284123790E-03   -7.3322014681E-01    1.9132620164E+09

 Classical Flexibility Matrix (1-extension; 2-twist; 3,4-bending)
 ========================================================

     1.1079139414E-10   -3.7515889961E-15    9.8225123772E-20    2.1537602110E-21
    -3.7515889961E-15    5.2426774769E-09   -4.8997369932E-19   -4.7362297824E-21
     9.8225123772E-20   -4.8997369932E-19    2.4340521055E-10    9.3280273526E-20
     2.1537602110E-21   -4.7362297824E-21    9.3280273526E-20    5.2266756536E-10

 The Neutral Axes (or Tension Center) of the Cross Section
 ========================================================

  Xt2 =    4.1207075321E-12
  Xt3 =   -4.0354569054E-10

 Classical Stiffness Matrix (correct up to the 2nd order) (1-extension; 2-twist; 3,4-bending)
 ========================================================

     9.0259718073E+09    6.4588631785E+03   -3.6423790241E+00   -3.7193331483E-02
     6.4588631785E+03    1.9074223132E+08    3.8396072978E-01    1.7284123790E-03
    -3.6423790241E+00    3.8396072978E-01    4.1083754853E+09   -7.3322014681E-01
    -3.7193331483E-02    1.7284123790E-03   -7.3322014681E-01    1.9132620164E+09

 Classical Flexibility Matrix (correct up to the 2nd order) (1-extension; 2-twist; 3,4-bending)
 ========================================================

     1.1079139414E-10   -3.7515889961E-15    9.8225123772E-20    2.1537602110E-21
    -3.7515889961E-15    5.2426774769E-09   -4.8997369932E-19   -4.7362297824E-21
     9.8225123772E-20   -4.8997369932E-19    2.4340521055E-10    9.3280273526E-20
     2.1537602110E-21   -4.7362297824E-21    9.3280273526E-20    5.2266756536E-10

 The Neutral Axes (or Tension Center) of the Cross Section, Corrected by Initial Curvature/Twist
 ========================================================

  Xt2 =    4.1207075321E-12
  Xt3 =   -4.0354569054E-10

 Timoshenko Stiffness Matrix (1-extension; 2,3-shear, 4-twist; 5,6-bending)
 ========================================================

     9.0259718073E+09   -2.9940593138E-01   -4.0356738102E-03    6.4588631785E+03   -3.6423786537E+00   -3.7193165584E-02
    -2.9940593138E-01    4.6227449622E+08    8.8097200049E-03    2.8397255059E-01   -5.7188784618E+02    2.5725433198E-03
    -4.0356738102E-03    8.8097200049E-03    8.6274491211E+07    1.2024462247E-02   -1.8592971811E-03   -3.5466213671E+03
     6.4588631785E+03    2.8397255059E-01    1.2024462247E-02    1.9074223132E+08    3.8396037847E-01    1.7279180721E-03
    -3.6423786537E+00   -5.7188784618E+02   -1.8592971811E-03    3.8396037847E-01    4.1083754853E+09   -7.3322007356E-01
    -3.7193165584E-02    2.5725433198E-03   -3.5466213671E+03    1.7279180721E-03   -7.3322007356E-01    1.9132620165E+09

 Timoshenko Flexibility Matrix (1-extension; 2,3-shear, 4-twist; 5,6-bending)
 ========================================================

     1.1079139414E-10    7.1759792818E-20    5.1831157788E-21   -3.7515889961E-15    9.8225123772E-20    2.1537602110E-21
     7.1759792818E-20    2.1632168942E-09   -2.2089199946E-19   -3.2205495018E-18    3.0112083350E-16   -2.9089229529E-21
     5.1831157788E-21   -2.2089199946E-19    1.1590911590E-08   -7.3069581075E-19    5.2494172819E-21    2.1486118656E-14
    -3.7515889961E-15   -3.2205495018E-18   -7.3069581075E-19    5.2426774769E-09   -4.8997369932E-19   -4.7362297824E-21
     9.8225123772E-20    3.0112083350E-16    5.2494172819E-21   -4.8997369932E-19    2.4340521055E-10    9.3280273526E-20
     2.1537602110E-21   -2.9089229529E-21    2.1486118656E-14   -4.7362297824E-21    9.3280273526E-20    5.2266756536E-10

 The Generalized Shear Center of the Cross Section in the User Coordinate System
 ========================================================

  Xs2 =    1.3937454936E-10
  Xs3 =   -6.1429479802E-10
