
 The 6X6 Mass Matrix
 ========================================================

     1.2943476000E+03    0.0000000000E+00    0.0000000000E+00    0.0000000000E+00   -6.4170890823E-14   -3.4386066000E+02
     0.0000000000E+00    1.2943476000E+03    0.0000000000E+00    6.4170890823E-14    0.0000000000E+00    0.0000000000E+00
     0.0000000000E+00    0.0000000000E+00    1.2943476000E+03    3.4386066000E+02    0.0000000000E+00    0.0000000000E+00
     0.0000000000E+00    6.4170890823E-14    3.4386066000E+02    2.7778561709E+03    0.0000000000E+00    0.0000000000E+00
    -6.4170890823E-14    0.0000000000E+00    0.0000000000E+00    0.0000000000E+00    2.2660170088E+03    1.9428902931E-14
    -3.4386066000E+02    0.0000000000E+00    0.0000000000E+00    0.0000000000E+00    1.9428902931E-14    5.1183916213E+02

 The Mass Center of the Cross Section
 ========================================================

  Xm2 =    2.6566330405E-01
  Xm3 =   -4.9577787932E-17

 The 6X6 Mass Matrix at the Mass Center
 ========================================================

   1.294347600000E+03  0.000000000000E+00  0.000000000000E+00  0.000000000000E+00  0.000000000000E+00  0.000000000000E+00
   0.000000000000E+00  1.294347600000E+03  0.000000000000E+00  0.000000000000E+00  0.000000000000E+00  0.000000000000E+00
   0.000000000000E+00  0.000000000000E+00  1.294347600000E+03  0.000000000000E+00  0.000000000000E+00  0.000000000000E+00
   0.000000000000E+00  0.000000000000E+00  0.000000000000E+00  2.686505011858E+03  0.000000000000E+00  0.000000000000E+00
   0.000000000000E+00  0.000000000000E+00  0.000000000000E+00  0.000000000000E+00  2.266017008798E+03  2.381052051239E-15
   0.000000000000E+00  0.000000000000E+00  0.000000000000E+00  0.000000000000E+00  2.381052051239E-15  4.204880030602E+02

 The Mass Properties with respect to Principal Inertial Axes
 ========================================================

 Mass Per Unit Span                     =    1.2943476000E+03
 Mass Moments of Intertia about x1 axis =    2.6865050119E+03
 Mass Moments of Intertia about x2 axis =    2.2660170088E+03
 Mass Moments of Intertia about x3 axis =    4.2048800306E+02
 The user coordinate axes are the principal inertial axes.
 The mass-weighted radius of gyration   =    1.4406827831E+00

 The Geometric Center of the Cross Section
 ========================================================

  Xg2 =    5.5868125872E-15
  Xg3 =   -5.3415201064E-16

 Classical Stiffness Matrix (1-extension; 2-twist; 3,4-bending)
 ========================================================

     2.3313515312E+10    1.7774754588E+04   -2.1988476431E+02   -5.7521797254E+09
     1.7774754588E+04    9.6037385587E+08    4.9634339927E-01    1.2841382590E+04
    -2.1988476431E+02    4.9634339927E-01    4.4957612066E+10   -1.4048471162E+02
    -5.7521797254E+09    1.2841382590E+04   -1.4048471162E+02    8.0802748982E+09

 Classical Flexibility Matrix (1-extension; 2-twist; 3,4-bending)
 ========================================================

     5.2032769020E-11   -1.4583153656E-15    3.7023573675E-19    3.7041046598E-11
    -1.4583153656E-15    1.0412611651E-09   -1.1511333925E-20   -2.6929436623E-15
     3.7023573675E-19   -1.1511333925E-20    2.2243174271E-11    6.5028586720E-19
     3.7041046598E-11   -2.6929436623E-15    6.5028586720E-19    1.5012691679E-10

 The Neutral Axes (or Tension Center) of the Cross Section
 ========================================================

  Xt2 =    2.4673154815E-01
  Xt3 =   -9.4316438578E-09

 Classical Stiffness Matrix (correct up to the 2nd order) (1-extension; 2-twist; 3,4-bending)
 ========================================================

     2.3313515312E+10    1.7774754588E+04   -2.1988476431E+02   -5.7521797254E+09
     1.7774754588E+04    9.6037385587E+08    4.9634339927E-01    1.2841382590E+04
    -2.1988476431E+02    4.9634339927E-01    4.4957612066E+10   -1.4048471162E+02
    -5.7521797254E+09    1.2841382590E+04   -1.4048471162E+02    8.0802748982E+09

 Classical Flexibility Matrix (correct up to the 2nd order) (1-extension; 2-twist; 3,4-bending)
 ========================================================

     5.2032769020E-11   -1.4583153656E-15    3.7023573675E-19    3.7041046598E-11
    -1.4583153656E-15    1.0412611651E-09   -1.1511333925E-20   -2.6929436623E-15
     3.7023573675E-19   -1.1511333925E-20    2.2243174271E-11    6.5028586720E-19
     3.7041046598E-11   -2.6929436623E-15    6.5028586720E-19    1.5012691679E-10

 The Neutral Axes (or Tension Center) of the Cross Section, Corrected by Initial Curvature/Twist
 ========================================================

  Xt2 =    2.4673154815E-01
  Xt3 =   -9.4316438578E-09

 Timoshenko Stiffness Matrix (1-extension; 2,3-shear, 4-twist; 5,6-bending)
 ========================================================

     2.3313515312E+10   -4.5994502517E-02   -3.9215736210E+03    1.3107391708E+04   -2.1988476286E+02   -5.7521797254E+09
    -4.5994502517E-02    7.5932271179E+08    8.9825698316E+00    4.8767644536E+00   -3.3368697388E+03    8.4694669232E-03
    -3.9215736210E+03    8.9825698316E+00    1.4893716685E+09    1.7726144430E+09   -4.7422325659E-01   -8.3509262392E+03
     1.3107391708E+04    4.8767644536E+00    1.7726144430E+09    3.0700970567E+09   -6.8040198179E-02    2.9023104448E+03
    -2.1988476286E+02   -3.3368697388E+03   -4.7422325659E-01   -6.8040198179E-02    4.4957612066E+10   -1.4048470900E+02
    -5.7521797254E+09    8.4694669232E-03   -8.3509262392E+03    2.9023104448E+03   -1.4048470900E+02    8.0802748982E+09

 Timoshenko Flexibility Matrix (1-extension; 2,3-shear, 4-twist; 5,6-bending)
 ========================================================

     5.2032769020E-11    2.7250124500E-21    2.0803459121E-15   -1.4583153656E-15    3.7023573675E-19    3.7041046598E-11
     2.7250124500E-21    1.3169631100E-09   -1.7431855444E-17    7.9728553741E-18    9.7748393361E-17    5.4030416497E-22
     2.0803459121E-15   -1.7431855444E-17    2.1463902569E-09   -1.2392840681E-09    2.0786881027E-20    4.1443710530E-15
    -1.4583153656E-15    7.9728553741E-18   -1.2392840681E-09    1.0412611651E-09   -1.1511333925E-20   -2.6929436623E-15
     3.7023573675E-19    9.7748393361E-17    2.0786881027E-20   -1.1511333925E-20    2.2243174271E-11    6.5028586720E-19
     3.7041046598E-11    5.4030416497E-22    4.1443710530E-15   -2.6929436623E-15    6.5028586720E-19    1.5012691679E-10

 The Generalized Shear Center of the Cross Section in the User Coordinate System
 ========================================================

  Xs2 =    1.1901760189E+00
  Xs3 =    7.6569218574E-09
