
 The 6X6 Mass Matrix
 ========================================================

     1.2296288000E+02    0.0000000000E+00    0.0000000000E+00    0.0000000000E+00    9.7404723176E-16   -5.3175408000E+01
     0.0000000000E+00    1.2296288000E+02    0.0000000000E+00   -9.7404723176E-16    0.0000000000E+00    0.0000000000E+00
     0.0000000000E+00    0.0000000000E+00    1.2296288000E+02    5.3175408000E+01    0.0000000000E+00    0.0000000000E+00
     0.0000000000E+00   -9.7404723176E-16    5.3175408000E+01    6.8524090980E+01    0.0000000000E+00    0.0000000000E+00
     9.7404723176E-16    0.0000000000E+00    0.0000000000E+00    0.0000000000E+00    3.8467289220E+00   -3.8250652645E-16
    -5.3175408000E+01    0.0000000000E+00    0.0000000000E+00    0.0000000000E+00   -3.8250652645E-16    6.4677362058E+01

 The Mass Center of the Cross Section
 ========================================================

  Xm2 =    4.3245089900E-01
  Xm3 =    7.9214737957E-18

 The 6X6 Mass Matrix at the Mass Center
 ========================================================

   1.229628800000E+02  0.000000000000E+00  0.000000000000E+00  0.000000000000E+00  0.000000000000E+00  0.000000000000E+00
   0.000000000000E+00  1.229628800000E+02  0.000000000000E+00  0.000000000000E+00  0.000000000000E+00  0.000000000000E+00
   0.000000000000E+00  0.000000000000E+00  1.229628800000E+02  0.000000000000E+00  0.000000000000E+00  0.000000000000E+00
   0.000000000000E+00  0.000000000000E+00  0.000000000000E+00  4.552833798560E+01  0.000000000000E+00  0.000000000000E+00
   0.000000000000E+00  0.000000000000E+00  0.000000000000E+00  0.000000000000E+00  3.846728922027E+00  3.872107459355E-17
   0.000000000000E+00  0.000000000000E+00  0.000000000000E+00  0.000000000000E+00  3.872107459355E-17  4.168160906357E+01

 The Mass Properties with respect to Principal Inertial Axes
 ========================================================

 Mass Per Unit Span                     =    1.2296288000E+02
 Mass Moments of Intertia about x1 axis =    4.5528337986E+01
 Mass Moments of Intertia about x2 axis =    3.8467289220E+00
 Mass Moments of Intertia about x3 axis =    4.1681609064E+01
 The user coordinate axes are the principal inertial axes.
 The mass-weighted radius of gyration   =    6.0849061605E-01

 The Geometric Center of the Cross Section
 ========================================================

  Xg2 =    7.1579149005E-15
  Xg3 =   -5.1710908029E-18

 Classical Stiffness Matrix (1-extension; 2-twist; 3,4-bending)
 ========================================================

     1.9240743820E+09    3.7859189798E+02   -3.0872626449E-01   -8.8933727355E+08
     3.7859189798E+02    1.0730379742E+07   -2.3322069960E-04    1.1657923073E+02
    -3.0872626449E-01   -2.3322069960E-04    6.7536270653E+07    1.1892681359E-01
    -8.8933727355E+08    1.1657923073E+02    1.1892681359E-01    9.3410668513E+08

 Classical Flexibility Matrix (1-extension; 2-twist; 3,4-bending)
 ========================================================

     9.2819412867E-10   -4.2349739457E-14    2.6868719134E-18    8.8370809123E-10
    -4.2349739457E-14    9.3193346750E-08    3.2171929522E-19   -5.1950822395E-14
     2.6868719134E-18    3.2171929522E-19    1.4806858453E-08    6.7294541322E-19
     8.8370809123E-10   -5.1950822395E-14    6.7294541322E-19    1.9118956891E-09

 The Neutral Axes (or Tension Center) of the Cross Section
 ========================================================

  Xt2 =    4.6221564088E-01
  Xt3 =   -1.6045442898E-10

 Classical Stiffness Matrix (correct up to the 2nd order) (1-extension; 2-twist; 3,4-bending)
 ========================================================

     1.9240743820E+09    3.7859189798E+02   -3.0872626449E-01   -8.8933727355E+08
     3.7859189798E+02    1.0730379742E+07   -2.3322069960E-04    1.1657923073E+02
    -3.0872626449E-01   -2.3322069960E-04    6.7536270653E+07    1.1892681359E-01
    -8.8933727355E+08    1.1657923073E+02    1.1892681359E-01    9.3410668513E+08

 Classical Flexibility Matrix (correct up to the 2nd order) (1-extension; 2-twist; 3,4-bending)
 ========================================================

     9.2819412867E-10   -4.2349739457E-14    2.6868719134E-18    8.8370809123E-10
    -4.2349739457E-14    9.3193346750E-08    3.2171929522E-19   -5.1950822395E-14
     2.6868719134E-18    3.2171929522E-19    1.4806858453E-08    6.7294541322E-19
     8.8370809123E-10   -5.1950822395E-14    6.7294541322E-19    1.9118956891E-09

 The Neutral Axes (or Tension Center) of the Cross Section, Corrected by Initial Curvature/Twist
 ========================================================

  Xt2 =    4.6221564088E-01
  Xt3 =   -1.6045442898E-10

 Timoshenko Stiffness Matrix (1-extension; 2,3-shear, 4-twist; 5,6-bending)
 ========================================================

     1.9240743820E+09    1.8885957662E-03   -2.6155664232E+02    2.8502569855E+02   -3.0872625715E-01   -8.8933727354E+08
     1.8885957662E-03    3.9814140919E+07    1.4336944508E-01    4.9772338419E-02    1.8119588175E+00   -2.5048951142E-03
    -2.6155664232E+02    1.4336944508E-01    2.8632807107E+07    1.0242763924E+07   -7.9416425046E-04   -2.6412178062E+02
     2.8502569855E+02    4.9772338419E-02    1.0242763924E+07    1.4394505736E+07   -5.1731575457E-04    2.2095408864E+01
    -3.0872625715E-01    1.8119588175E+00   -7.9416425046E-04   -5.1731575457E-04    6.7536270653E+07    1.1892682081E-01
    -8.8933727354E+08   -2.5048951142E-03   -2.6412178062E+02    2.2095408864E+01    1.1892682081E-01    9.3410668513E+08

 Timoshenko Flexibility Matrix (1-extension; 2,3-shear, 4-twist; 5,6-bending)
 ========================================================

     9.2819412867E-10    1.1507449754E-20    3.1780337654E-14   -4.2349739457E-14    2.6868719134E-18    8.8370809123E-10
     1.1507449754E-20    2.5116704189E-08   -1.2703224021E-16    3.5460850088E-18   -6.7386654877E-16    7.8272818906E-20
     3.1780337654E-14   -1.2703224021E-16    4.6850878412E-08   -3.3337892668E-08    2.9563150910E-19    4.4293003464E-14
    -4.2349739457E-14    3.5460850088E-18   -3.3337892668E-08    9.3193346750E-08    3.2171929522E-19   -5.1950822395E-14
     2.6868719134E-18   -6.7386654877E-16    2.9563150910E-19    3.2171929522E-19    1.4806858453E-08    6.7294541322E-19
     8.8370809123E-10    7.8272818906E-20    4.4293003464E-14   -5.1950822395E-14    6.7294541322E-19    1.9118956891E-09

 The Generalized Shear Center of the Cross Section in the User Coordinate System
 ========================================================

  Xs2 =    3.5772824810E-01
  Xs3 =    3.8050838740E-11
