
 The 6X6 Mass Matrix
 ========================================================

     1.3910524000E+03    0.0000000000E+00    0.0000000000E+00    0.0000000000E+00    4.4208386951E-13   -5.5111914000E+02
     0.0000000000E+00    1.3910524000E+03    0.0000000000E+00   -4.4208386951E-13    0.0000000000E+00    0.0000000000E+00
     0.0000000000E+00    0.0000000000E+00    1.3910524000E+03    5.5111914000E+02    0.0000000000E+00    0.0000000000E+00
     0.0000000000E+00   -4.4208386951E-13    5.5111914000E+02    5.8859992645E+03    0.0000000000E+00    0.0000000000E+00
     4.4208386951E-13    0.0000000000E+00    0.0000000000E+00    0.0000000000E+00    5.1783314950E+03    6.0952978775E-14
    -5.5111914000E+02    0.0000000000E+00    0.0000000000E+00    0.0000000000E+00    6.0952978775E-14    7.0766776949E+02

 The Mass Center of the Cross Section
 ========================================================

  Xm2 =    3.9618862668E-01
  Xm3 =    3.1780533178E-16

 The 6X6 Mass Matrix at the Mass Center
 ========================================================

   1.391052400000E+03  0.000000000000E+00  0.000000000000E+00  0.000000000000E+00  0.000000000000E+00  0.000000000000E+00
   0.000000000000E+00  1.391052400000E+03  0.000000000000E+00  0.000000000000E+00  0.000000000000E+00  0.000000000000E+00
   0.000000000000E+00  0.000000000000E+00  1.391052400000E+03  0.000000000000E+00  0.000000000000E+00  0.000000000000E+00
   0.000000000000E+00  0.000000000000E+00  0.000000000000E+00  5.667652129277E+03  0.000000000000E+00  0.000000000000E+00
   0.000000000000E+00  0.000000000000E+00  0.000000000000E+00  0.000000000000E+00  5.178331495006E+03  2.361015799160E-13
   0.000000000000E+00  0.000000000000E+00  0.000000000000E+00  0.000000000000E+00  2.361015799160E-13  4.893206342709E+02

 The Mass Properties with respect to Principal Inertial Axes
 ========================================================

 Mass Per Unit Span                     =    1.3910524000E+03
 Mass Moments of Intertia about x1 axis =    5.6676521293E+03
 Mass Moments of Intertia about x2 axis =    5.1783314950E+03
 Mass Moments of Intertia about x3 axis =    4.8932063427E+02
 The user coordinate axes are the principal inertial axes.
 The mass-weighted radius of gyration   =    2.0185050865E+00

 The Geometric Center of the Cross Section
 ========================================================

  Xg2 =    8.8695203008E-15
  Xg3 =   -3.9078805127E-16

 Classical Stiffness Matrix (1-extension; 2-twist; 3,4-bending)
 ========================================================

     1.9112495720E+10    1.8899686173E+06   -7.9673991330E+02   -9.2202891926E+09
     1.8899686173E+06    1.7111080753E+09   -3.8468868425E+01   -1.4816479289E+05
    -7.9673991330E+02   -3.8468868425E+01    7.0908581240E+10   -9.4415840315E+02
    -9.2202891926E+09   -1.4816479289E+05   -9.4415840315E+02    9.7113526003E+09

 Classical Flexibility Matrix (1-extension; 2-twist; 3,4-bending)
 ========================================================

     9.6539660624E-11   -9.8694194932E-14    2.3051217907E-18    9.1658043068E-11
    -9.8694194932E-14    5.8441672293E-10    3.1481611133E-19   -8.4787266005E-14
     2.3051217907E-18    3.1481611133E-19    1.4102665467E-11    3.5596572084E-18
     9.1658043068E-11   -8.4787266005E-14    3.5596572084E-18    1.8999553690E-10

 The Neutral Axes (or Tension Center) of the Cross Section
 ========================================================

  Xt2 =    4.8242208508E-01
  Xt3 =   -4.1684640354E-08

 Classical Stiffness Matrix (correct up to the 2nd order) (1-extension; 2-twist; 3,4-bending)
 ========================================================

     1.9112495720E+10    1.8899686173E+06   -7.9673991330E+02   -9.2202891926E+09
     1.8899686173E+06    1.7111080753E+09   -3.8468868425E+01   -1.4816479289E+05
    -7.9673991330E+02   -3.8468868425E+01    7.0908581240E+10   -9.4415840315E+02
    -9.2202891926E+09   -1.4816479289E+05   -9.4415840315E+02    9.7113526003E+09

 Classical Flexibility Matrix (correct up to the 2nd order) (1-extension; 2-twist; 3,4-bending)
 ========================================================

     9.6539660624E-11   -9.8694194932E-14    2.3051217907E-18    9.1658043068E-11
    -9.8694194932E-14    5.8441672293E-10    3.1481611133E-19   -8.4787266005E-14
     2.3051217907E-18    3.1481611133E-19    1.4102665467E-11    3.5596572084E-18
     9.1658043068E-11   -8.4787266005E-14    3.5596572084E-18    1.8999553690E-10

 The Neutral Axes (or Tension Center) of the Cross Section, Corrected by Initial Curvature/Twist
 ========================================================

  Xt2 =    4.8242208508E-01
  Xt3 =   -4.1684640354E-08

 Timoshenko Stiffness Matrix (1-extension; 2,3-shear, 4-twist; 5,6-bending)
 ========================================================

     1.9112496021E+10   -4.5122804153E+01   -9.5906198117E+05    8.5246264758E+05   -7.9692161098E+02   -9.2202892461E+09
    -4.5122804153E+01    5.8334789278E+08    9.3196218942E+00    1.9012950955E+02    2.4585950091E+06   -4.8464184030E+01
    -9.5906198117E+05    9.3196218942E+00    3.0525475613E+09    3.3022227758E+09   -2.6945525313E+01    1.7032752277E+05
     8.5246264758E+05    1.9012950955E+02    3.3022227758E+09    5.2834276025E+09   -6.6859499217E+01    3.6094228039E+04
    -7.9692161098E+02    2.4585950091E+06   -2.6945525313E+01   -6.6859499217E+01    7.0908591602E+10   -9.4436416742E+02
    -9.2202892461E+09   -4.8464184030E+01    1.7032752277E+05    3.6094228039E+04   -9.4436416742E+02    9.7113526098E+09

 Timoshenko Flexibility Matrix (1-extension; 2,3-shear, 4-twist; 5,6-bending)
 ========================================================

     9.6539660624E-11    1.5102719762E-17    1.3198347970E-13   -9.8694194932E-14    2.3051217907E-18    9.1658043068E-11
     1.5102719762E-17    1.7142431789E-09    1.8991757663E-16   -1.8039350742E-16   -5.9437504382E-14    2.2885470516E-17
     1.3198347970E-13    1.8991757663E-16    1.0115234584E-09   -6.3221760005E-10   -2.1537119679E-19    1.0991825988E-13
    -9.8694194932E-14   -1.8039350742E-16   -6.3221760005E-10    5.8441672293E-10    3.1481611133E-19   -8.4787266005E-14
     2.3051217907E-18   -5.9437504382E-14   -2.1537119679E-19    3.1481611133E-19    1.4102665467E-11    3.5596572084E-18
     9.1658043068E-11    2.2885470516E-17    1.0991825988E-13   -8.4787266005E-14    3.5596572084E-18    1.8999553690E-10

 The Generalized Shear Center of the Cross Section in the User Coordinate System
 ========================================================

  Xs2 =    1.0817924526E+00
  Xs3 =   -3.0867273359E-07
