
 The 6X6 Mass Matrix
 ========================================================

     4.3327048000E+02    0.0000000000E+00    0.0000000000E+00    0.0000000000E+00    2.0983215165E-13    8.6375351316E-13
     0.0000000000E+00    4.3327048000E+02    0.0000000000E+00   -2.0983215165E-13    0.0000000000E+00    0.0000000000E+00
     0.0000000000E+00    0.0000000000E+00    4.3327048000E+02   -8.6375351316E-13    0.0000000000E+00    0.0000000000E+00
     0.0000000000E+00   -2.0983215165E-13   -8.6375351316E-13    3.5635432406E+02    0.0000000000E+00    0.0000000000E+00
     2.0983215165E-13    0.0000000000E+00    0.0000000000E+00    0.0000000000E+00    2.3633432206E+02   -4.1633363423E-15
     8.6375351316E-13    0.0000000000E+00    0.0000000000E+00    0.0000000000E+00   -4.1633363423E-15    1.2002000200E+02

 The Mass Center of the Cross Section
 ========================================================

  Xm2 =   -1.9935664972E-15
  Xm3 =    4.8429828788E-16

 The 6X6 Mass Matrix at the Mass Center
 ========================================================

   4.332704800000E+02  0.000000000000E+00  0.000000000000E+00  0.000000000000E+00  0.000000000000E+00  0.000000000000E+00
   0.000000000000E+00  4.332704800000E+02  0.000000000000E+00  0.000000000000E+00  0.000000000000E+00  0.000000000000E+00
   0.000000000000E+00  0.000000000000E+00  4.332704800000E+02  0.000000000000E+00  0.000000000000E+00  0.000000000000E+00
   0.000000000000E+00  0.000000000000E+00  0.000000000000E+00  3.563543240637E+02  0.000000000000E+00  0.000000000000E+00
   0.000000000000E+00  0.000000000000E+00  0.000000000000E+00  0.000000000000E+00  2.363343220638E+02 -4.163336342345E-15
   0.000000000000E+00  0.000000000000E+00  0.000000000000E+00  0.000000000000E+00 -4.163336342345E-15  1.200200019999E+02

 The Mass Properties with respect to Principal Inertial Axes
 ========================================================

 Mass Per Unit Span                     =    4.3327048000E+02
 Mass Moments of Intertia about x1 axis =    3.5635432406E+02
 Mass Moments of Intertia about x2 axis =    2.3633432206E+02
 Mass Moments of Intertia about x3 axis =    1.2002000200E+02
 The user coordinate axes are the principal inertial axes.
 The mass-weighted radius of gyration   =    9.0690431102E-01

 The Geometric Center of the Cross Section
 ========================================================

  Xg2 =    1.0567019645E-14
  Xg3 =    2.5874828110E-16

 Classical Stiffness Matrix (1-extension; 2-twist; 3,4-bending)
 ========================================================

     8.0925925141E+09    7.6768613377E+03    1.7205247504E+01    1.2002947814E-01
     7.6768613377E+03    2.2007022600E+08   -3.6082735628E-01   -2.0065854586E-03
     1.7205247504E+01   -3.6082735628E-01    4.8438078181E+09   -7.0422294427E-01
     1.2002947814E-01   -2.0065854586E-03   -7.0422294427E-01    1.7691830037E+09

 Classical Flexibility Matrix (1-extension; 2-twist; 3,4-bending)
 ========================================================

     1.2356979525E-10   -4.3105703163E-15   -4.3892130873E-19   -8.3835459451E-21
    -4.3105703163E-15    4.5440040582E-09    3.3850953574E-19    5.1540457274E-21
    -4.3892130873E-19    3.3850953574E-19    2.0644914860E-10    8.2177042746E-20
    -8.3835459451E-21    5.1540457274E-21    8.2177042746E-20    5.6523265141E-10

 The Neutral Axes (or Tension Center) of the Cross Section
 ========================================================

  Xt2 =   -1.4832026688E-11
  Xt3 =    2.1260504667E-09

 Classical Stiffness Matrix (correct up to the 2nd order) (1-extension; 2-twist; 3,4-bending)
 ========================================================

     8.0925925141E+09    7.6768613377E+03    1.7205247504E+01    1.2002947814E-01
     7.6768613377E+03    2.2007022600E+08   -3.6082735628E-01   -2.0065854586E-03
     1.7205247504E+01   -3.6082735628E-01    4.8438078181E+09   -7.0422294427E-01
     1.2002947814E-01   -2.0065854586E-03   -7.0422294427E-01    1.7691830037E+09

 Classical Flexibility Matrix (correct up to the 2nd order) (1-extension; 2-twist; 3,4-bending)
 ========================================================

     1.2356979525E-10   -4.3105703163E-15   -4.3892130873E-19   -8.3835459451E-21
    -4.3105703163E-15    4.5440040582E-09    3.3850953574E-19    5.1540457274E-21
    -4.3892130873E-19    3.3850953574E-19    2.0644914860E-10    8.2177042746E-20
    -8.3835459451E-21    5.1540457274E-21    8.2177042746E-20    5.6523265141E-10

 The Neutral Axes (or Tension Center) of the Cross Section, Corrected by Initial Curvature/Twist
 ========================================================

  Xt2 =   -1.4832026688E-11
  Xt3 =    2.1260504667E-09

 Timoshenko Stiffness Matrix (1-extension; 2,3-shear, 4-twist; 5,6-bending)
 ========================================================

     8.0925925141E+09    1.9223245365E-01    8.5573930790E-04    7.6768613377E+03    1.7205247099E+01    1.2002944178E-01
     1.9223245365E-01    4.0576371368E+08    9.2859740257E-02   -1.4327267479E+00   -8.5471198893E+02    6.7701301233E-04
     8.5573930790E-04    9.2859740257E-02    9.9387780259E+07   -2.2759355899E-03   -2.1258574073E-03   -4.2225026339E+03
     7.6768613377E+03   -1.4327267479E+00   -2.2759355899E-03    2.2007022600E+08   -3.6082433835E-01   -2.0064887676E-03
     1.7205247099E+01   -8.5471198893E+02   -2.1258574073E-03   -3.6082433835E-01    4.8438078181E+09   -7.0422285538E-01
     1.2002944178E-01    6.7701301233E-04   -4.2225026339E+03   -2.0064887676E-03   -7.0422285538E-01    1.7691830039E+09

 Timoshenko Flexibility Matrix (1-extension; 2,3-shear, 4-twist; 5,6-bending)
 ========================================================

     1.2356979525E-10   -5.8557912298E-20   -1.0644038574E-21   -4.3105703163E-15   -4.3892130873E-19   -8.3835459451E-21
    -5.8557912298E-20    2.4644884850E-09   -2.3026146980E-18    1.6044601958E-17    4.3487023719E-16   -9.4840798340E-22
    -1.0644038574E-21   -2.3026146980E-18    1.0061599097E-08    1.0405589593E-19    4.4189342253E-21    2.4013981932E-14
    -4.3105703163E-15    1.6044601958E-17    1.0405589593E-19    4.5440040582E-09    3.3850953574E-19    5.1540457274E-21
    -4.3892130873E-19    4.3487023719E-16    4.4189342253E-21    3.3850953574E-19    2.0644914860E-10    8.2177042746E-20
    -8.3835459451E-21   -9.4840798340E-22    2.4013981932E-14    5.1540457274E-21    8.2177042746E-20    5.6523265141E-10

 The Generalized Shear Center of the Cross Section in the User Coordinate System
 ========================================================

  Xs2 =   -2.2899604533E-11
  Xs3 =    3.5309391788E-09
