
 The 6X6 Mass Matrix
 ========================================================

     4.7412120000E+02    0.0000000000E+00    0.0000000000E+00    0.0000000000E+00    4.9404924596E-14    4.9416026826E-13
     0.0000000000E+00    4.7412120000E+02    0.0000000000E+00   -4.9404924596E-14    0.0000000000E+00    0.0000000000E+00
     0.0000000000E+00    0.0000000000E+00    4.7412120000E+02   -4.9416026826E-13    0.0000000000E+00    0.0000000000E+00
     0.0000000000E+00   -4.9404924596E-14   -4.9416026826E-13    3.5553164274E+02    0.0000000000E+00    0.0000000000E+00
     4.9404924596E-14    0.0000000000E+00    0.0000000000E+00    0.0000000000E+00    2.3016534749E+02    2.4424906542E-15
     4.9416026826E-13    0.0000000000E+00    0.0000000000E+00    0.0000000000E+00    2.4424906542E-15    1.2536629525E+02

 The Mass Center of the Cross Section
 ========================================================

  Xm2 =   -1.0422657081E-15
  Xm3 =    1.0420315437E-16

 The 6X6 Mass Matrix at the Mass Center
 ========================================================

   4.741212000000E+02  0.000000000000E+00  0.000000000000E+00  0.000000000000E+00  0.000000000000E+00  0.000000000000E+00
   0.000000000000E+00  4.741212000000E+02  0.000000000000E+00  0.000000000000E+00  0.000000000000E+00  0.000000000000E+00
   0.000000000000E+00  0.000000000000E+00  4.741212000000E+02  0.000000000000E+00  0.000000000000E+00  0.000000000000E+00
   0.000000000000E+00  0.000000000000E+00  0.000000000000E+00  3.555316427389E+02  0.000000000000E+00  0.000000000000E+00
   0.000000000000E+00  0.000000000000E+00  0.000000000000E+00  0.000000000000E+00  2.301653474925E+02  2.442490654175E-15
   0.000000000000E+00  0.000000000000E+00  0.000000000000E+00  0.000000000000E+00  2.442490654175E-15  1.253662952464E+02

 The Mass Properties with respect to Principal Inertial Axes
 ========================================================

 Mass Per Unit Span                     =    4.7412120000E+02
 Mass Moments of Intertia about x1 axis =    3.5553164274E+02
 Mass Moments of Intertia about x2 axis =    2.3016534749E+02
 Mass Moments of Intertia about x3 axis =    1.2536629525E+02
 The user coordinate axes are the principal inertial axes.
 The mass-weighted radius of gyration   =    8.6595324160E-01

 The Geometric Center of the Cross Section
 ========================================================

  Xg2 =   -7.3714622735E-16
  Xg3 =    1.5193002087E-16

 Classical Stiffness Matrix (1-extension; 2-twist; 3,4-bending)
 ========================================================

     9.0619521179E+09    7.2116812803E+03    8.1610962325E-01   -8.1969938627E-01
     7.2116812803E+03    2.0821540767E+08   -1.9634750038E-01    4.9669431373E-03
     8.1610962325E-01   -1.9634750038E-01    4.7603160288E+09    3.8318413074E+00
    -8.1969938627E-01    4.9669431373E-03    3.8318413074E+00    1.9359449244E+09

 Classical Flexibility Matrix (1-extension; 2-twist; 3,4-bending)
 ========================================================

     1.1035149899E-10   -3.8220987027E-15   -1.8918842859E-20    4.6723991945E-20
    -3.8220987027E-15    4.8027185462E-09    1.9809712111E-19   -1.2323678919E-20
    -1.8918842859E-20    1.9809712111E-19    2.1007008651E-10   -4.1579449125E-19
     4.6723991945E-20   -1.2323678919E-20   -4.1579449125E-19    5.1654362031E-10

 The Neutral Axes (or Tension Center) of the Cross Section
 ========================================================

  Xt2 =    9.0455074983E-11
  Xt3 =    9.0059670729E-11

 Classical Stiffness Matrix (correct up to the 2nd order) (1-extension; 2-twist; 3,4-bending)
 ========================================================

     9.0619521179E+09    7.2116812803E+03    8.1610962325E-01   -8.1969938627E-01
     7.2116812803E+03    2.0821540767E+08   -1.9634750038E-01    4.9669431373E-03
     8.1610962325E-01   -1.9634750038E-01    4.7603160288E+09    3.8318413074E+00
    -8.1969938627E-01    4.9669431373E-03    3.8318413074E+00    1.9359449244E+09

 Classical Flexibility Matrix (correct up to the 2nd order) (1-extension; 2-twist; 3,4-bending)
 ========================================================

     1.1035149899E-10   -3.8220987027E-15   -1.8918842859E-20    4.6723991945E-20
    -3.8220987027E-15    4.8027185462E-09    1.9809712111E-19   -1.2323678919E-20
    -1.8918842859E-20    1.9809712111E-19    2.1007008651E-10   -4.1579449125E-19
     4.6723991945E-20   -1.2323678919E-20   -4.1579449125E-19    5.1654362031E-10

 The Neutral Axes (or Tension Center) of the Cross Section, Corrected by Initial Curvature/Twist
 ========================================================

  Xt2 =    9.0455074983E-11
  Xt3 =    9.0059670729E-11

 Timoshenko Stiffness Matrix (1-extension; 2,3-shear, 4-twist; 5,6-bending)
 ========================================================

     9.0619521179E+09    1.7091005180E-01    1.0805459423E-02    7.2116812803E+03    8.1610934560E-01   -8.1969984227E-01
     1.7091005180E-01    4.6082883009E+08   -1.5860850745E-01   -3.8010883977E-02   -7.4863512841E+02    2.0381462311E-02
     1.0805459423E-02   -1.5860850745E-01    9.3442613519E+07   -1.3223263725E-02   -1.1466477304E-02   -3.9434691385E+03
     7.2116812803E+03   -3.8010883977E-02   -1.3223263725E-02    2.0821540767E+08   -1.9634743863E-01    4.9675011844E-03
     8.1610934560E-01   -7.4863512841E+02   -1.1466477304E-02   -1.9634743863E-01    4.7603160288E+09    3.8318417582E+00
    -8.1969984227E-01    2.0381462311E-02   -3.9434691385E+03    4.9675011844E-03    3.8318417582E+00    1.9359449246E+09

 Timoshenko Flexibility Matrix (1-extension; 2,3-shear, 4-twist; 5,6-bending)
 ========================================================

     1.1035149899E-10   -4.0926996371E-20   -1.2759327810E-20   -3.8220987027E-15   -1.8918842859E-20    4.6723991945E-20
    -4.0926996371E-20    2.1700031220E-09    3.6833395091E-18    3.9614791255E-19    3.4126737722E-16   -2.2838779589E-20
    -1.2759327810E-20    3.6833395091E-18    1.0701755467E-08    6.7964287713E-19    2.5761033928E-20    2.1799195770E-14
    -3.8220987027E-15    3.9614791255E-19    6.7964287713E-19    4.8027185462E-09    1.9809712111E-19   -1.2323678919E-20
    -1.8918842859E-20    3.4126737722E-16    2.5761033928E-20    1.9809712111E-19    2.1007008651E-10   -4.1579449125E-19
     4.6723991945E-20   -2.2838779589E-20    2.1799195770E-14   -1.2323678919E-20   -4.1579449125E-19    5.1654362031E-10

 The Generalized Shear Center of the Cross Section in the User Coordinate System
 ========================================================

  Xs2 =   -1.4151211873E-10
  Xs3 =    8.2484099107E-11
