
 The 6X6 Mass Matrix
 ========================================================

     6.6008960000E+02    0.0000000000E+00    0.0000000000E+00    0.0000000000E+00    3.8061220842E-13   -2.9076741015E-13
     0.0000000000E+00    6.6008960000E+02    0.0000000000E+00   -3.8061220842E-13    0.0000000000E+00    0.0000000000E+00
     0.0000000000E+00    0.0000000000E+00    6.6008960000E+02    2.9076741015E-13    0.0000000000E+00    0.0000000000E+00
     0.0000000000E+00   -3.8061220842E-13    2.9076741015E-13    4.0001035802E+02    0.0000000000E+00    0.0000000000E+00
     3.8061220842E-13    0.0000000000E+00    0.0000000000E+00    0.0000000000E+00    2.4414177451E+02    2.8033131372E-15
    -2.9076741015E-13    0.0000000000E+00    0.0000000000E+00    0.0000000000E+00    2.8033131372E-15    1.5586858352E+02

 The Mass Center of the Cross Section
 ========================================================

  Xm2 =    4.4049688126E-16
  Xm3 =    5.7660688552E-16

 The Mass Properties with respect to Principal Inertial Axes
 ========================================================

 Mass Per Unit Span                     =    6.6008960000E+02
 Mass Moments of Intertia about x1 axis =    4.0001035802E+02
 Mass Moments of Intertia about x2 axis =    2.4414177451E+02
 Mass Moments of Intertia about x3 axis =    1.5586858352E+02
 The user coordinate axes are the principal inertial axes.
 The mass-weighted radius of gyration   =    7.7845618487E-01

 The Geometric Center of the Cross Section
 ========================================================

  Xg2 =    6.6414712554E-15
  Xg3 =    9.2873667353E-19

 Classical Stiffness Matrix (1-extension; 2-twist; 3,4-bending)
 ========================================================

     1.3261820938E+10    6.2458435113E+03    3.0350700727E+00   -3.6136252620E+00
     6.2458435113E+03    1.8977387758E+08   -5.2164068922E-03    2.2431714770E-01
     3.0350700727E+00   -5.2164068922E-03    5.1443771146E+09   -2.2977528583E+00
    -3.6136252620E+00    2.2431714770E-01   -2.2977528583E+00    2.6951737870E+09

 Classical Flexibility Matrix (1-extension; 2-twist; 3,4-bending)
 ========================================================

     7.5404426335E-11   -2.4817127254E-15   -4.4486966125E-20    1.0110067773E-19
    -2.4817127254E-15    5.2694291373E-09    5.3446738102E-21   -4.3857367853E-19
    -4.4486966125E-20    5.3446738102E-21    1.9438699336E-10    1.6572336507E-19
     1.0110067773E-19   -4.3857367853E-19    1.6572336507E-19    3.7103358782E-10

 The Neutral Axes (or Tension Center) of the Cross Section
 ========================================================

  Xt2 =    2.7248389656E-10
  Xt3 =    2.2885773067E-10

 Classical Stiffness Matrix (correct up to the 2nd order) (1-extension; 2-twist; 3,4-bending)
 ========================================================

     1.3261820938E+10    6.2458435113E+03    3.0350700727E+00   -3.6136252620E+00
     6.2458435113E+03    1.8977387758E+08   -5.2164068922E-03    2.2431714770E-01
     3.0350700727E+00   -5.2164068922E-03    5.1443771146E+09   -2.2977528583E+00
    -3.6136252620E+00    2.2431714770E-01   -2.2977528583E+00    2.6951737870E+09

 Classical Flexibility Matrix (correct up to the 2nd order) (1-extension; 2-twist; 3,4-bending)
 ========================================================

     7.5404426335E-11   -2.4817127254E-15   -4.4486966125E-20    1.0110067773E-19
    -2.4817127254E-15    5.2694291373E-09    5.3446738102E-21   -4.3857367853E-19
    -4.4486966125E-20    5.3446738102E-21    1.9438699336E-10    1.6572336507E-19
     1.0110067773E-19   -4.3857367853E-19    1.6572336507E-19    3.7103358782E-10

 The Neutral Axes (or Tension Center) of the Cross Section, Corrected by Initial Curvature/Twist
 ========================================================

  Xt2 =    2.7248389656E-10
  Xt3 =    2.2885773067E-10

 Timoshenko Stiffness Matrix (1-extension; 2,3-shear, 4-twist; 5,6-bending)
 ========================================================

     1.3261820938E+10   -1.7154750911E-03   -2.1394238328E-01    6.2458435114E+03    3.0350700737E+00   -3.6136166255E+00
    -1.7154750911E-03    6.8948377097E+08    1.4446396573E-01   -9.3996849282E-02   -3.9174637975E+02    2.1092010624E-03
    -2.1394238328E-01    1.4446396573E-01    8.2972190885E+07   -3.1684404518E+01   -4.8150350974E-03   -3.3494766187E+03
     6.2458435114E+03   -9.3996849282E-02   -3.1684404518E+01    1.8977387758E+08   -5.2163516470E-03    2.2559620482E-01
     3.0350700737E+00   -3.9174637975E+02   -4.8150350974E-03   -5.2163516470E-03    5.1443771146E+09   -2.2977526651E+00
    -3.6136166255E+00    2.1092010624E-03   -3.3494766187E+03    2.2559620482E-01   -2.2977526651E+00    2.6951737872E+09

 Timoshenko Flexibility Matrix (1-extension; 2,3-shear, 4-twist; 5,6-bending)
 ========================================================

     7.5404426335E-11    1.8724688182E-22    1.9348542629E-19   -2.4817127254E-15   -4.4486966125E-20    1.0110067773E-19
     1.8724688182E-22    1.4503604611E-09   -2.5252413155E-18    7.1837723296E-19    1.1044553059E-16   -1.1380737159E-21
     1.9348542629E-19   -2.5252413155E-18    1.2052230867E-08    2.0122250671E-15    1.1287149061E-20    1.4978130792E-14
    -2.4817127254E-15    7.1837723296E-19    2.0122250671E-15    5.2694291373E-09    5.3446738102E-21   -4.3857367853E-19
    -4.4486966125E-20    1.1044553059E-16    1.1287149061E-20    5.3446738102E-21    1.9438699336E-10    1.6572336507E-19
     1.0110067773E-19   -1.1380737159E-21    1.4978130792E-14   -4.3857367853E-19    1.6572336507E-19    3.7103358782E-10

 The Generalized Shear Center of the Cross Section in the User Coordinate System
 ========================================================

  Xs2 =   -3.8186775353E-07
  Xs3 =    1.3632923306E-10
