
 The 6X6 Mass Matrix
 ========================================================

     1.7250936000E+02    0.0000000000E+00    0.0000000000E+00    0.0000000000E+00    1.5439038936E-15   -6.8144076000E+01
     0.0000000000E+00    1.7250936000E+02    0.0000000000E+00   -1.5439038936E-15    0.0000000000E+00    0.0000000000E+00
     0.0000000000E+00    0.0000000000E+00    1.7250936000E+02    6.8144076000E+01    0.0000000000E+00    0.0000000000E+00
     0.0000000000E+00   -1.5439038936E-15    6.8144076000E+01    9.5287351082E+01    0.0000000000E+00    0.0000000000E+00
     1.5439038936E-15    0.0000000000E+00    0.0000000000E+00    0.0000000000E+00    9.6036449798E+00    7.8062556419E-17
    -6.8144076000E+01    0.0000000000E+00    0.0000000000E+00    0.0000000000E+00    7.8062556419E-17    8.5683706102E+01

 The Mass Center of the Cross Section
 ========================================================

  Xm2 =    3.9501668779E-01
  Xm3 =    8.9496818817E-18

 The 6X6 Mass Matrix at the Mass Center
 ========================================================

   1.725093600000E+02  0.000000000000E+00  0.000000000000E+00  0.000000000000E+00  0.000000000000E+00  0.000000000000E+00
   0.000000000000E+00  1.725093600000E+02  0.000000000000E+00  0.000000000000E+00  0.000000000000E+00  0.000000000000E+00
   0.000000000000E+00  0.000000000000E+00  1.725093600000E+02  0.000000000000E+00  0.000000000000E+00  0.000000000000E+00
   0.000000000000E+00  0.000000000000E+00  0.000000000000E+00  6.836930388766E+01  0.000000000000E+00  0.000000000000E+00
   0.000000000000E+00  0.000000000000E+00  0.000000000000E+00  0.000000000000E+00  9.603644979780E+00  6.879303587428E-16
   0.000000000000E+00  0.000000000000E+00  0.000000000000E+00  0.000000000000E+00  6.879303587428E-16  5.876565890788E+01

 The Mass Properties with respect to Principal Inertial Axes
 ========================================================

 Mass Per Unit Span                     =    1.7250936000E+02
 Mass Moments of Intertia about x1 axis =    6.8369303888E+01
 Mass Moments of Intertia about x2 axis =    9.6036449798E+00
 Mass Moments of Intertia about x3 axis =    5.8765658908E+01
 The user coordinate axes are the principal inertial axes.
 The mass-weighted radius of gyration   =    6.2954132975E-01

 The Geometric Center of the Cross Section
 ========================================================

  Xg2 =   -2.6269163007E-15
  Xg3 =    8.9230653281E-18

 Classical Stiffness Matrix (1-extension; 2-twist; 3,4-bending)
 ========================================================

     2.7909508102E+09    6.9008368070E+02   -3.5825491625E-02   -1.1397586457E+09
     6.9008368070E+02    2.7890778037E+07   -1.9454638029E-05    3.1720521714E+02
    -3.5825491625E-02   -1.9454638029E-05    1.7497835976E+08   -2.8537189357E-03
    -1.1397586457E+09    3.1720521714E+02   -2.8537189357E-03    1.2581076553E+09

 Classical Flexibility Matrix (1-extension; 2-twist; 3,4-bending)
 ========================================================

     5.6869616714E-10   -1.9930311632E-14    1.2483860201E-19    5.1519945094E-10
    -1.9930311632E-14    3.5854145005E-08    3.9818528311E-21   -2.7095349671E-14
     1.2483860201E-19    3.9818528311E-21    5.7149924217E-09    1.2605825591E-19
     5.1519945094E-10   -2.7095349671E-14    1.2605825591E-19    1.2615796603E-09

 The Neutral Axes (or Tension Center) of the Cross Section
 ========================================================

  Xt2 =    4.0837647209E-01
  Xt3 =   -1.2836303317E-11

 Classical Stiffness Matrix (correct up to the 2nd order) (1-extension; 2-twist; 3,4-bending)
 ========================================================

     2.7909508102E+09    6.9008368070E+02   -3.5825491625E-02   -1.1397586457E+09
     6.9008368070E+02    2.7890778037E+07   -1.9454638029E-05    3.1720521714E+02
    -3.5825491625E-02   -1.9454638029E-05    1.7497835976E+08   -2.8537189357E-03
    -1.1397586457E+09    3.1720521714E+02   -2.8537189357E-03    1.2581076553E+09

 Classical Flexibility Matrix (correct up to the 2nd order) (1-extension; 2-twist; 3,4-bending)
 ========================================================

     5.6869616714E-10   -1.9930311632E-14    1.2483860201E-19    5.1519945094E-10
    -1.9930311632E-14    3.5854145005E-08    3.9818528311E-21   -2.7095349671E-14
     1.2483860201E-19    3.9818528311E-21    5.7149924217E-09    1.2605825591E-19
     5.1519945094E-10   -2.7095349671E-14    1.2605825591E-19    1.2615796603E-09

 The Neutral Axes (or Tension Center) of the Cross Section, Corrected by Initial Curvature/Twist
 ========================================================

  Xt2 =    4.0837647209E-01
  Xt3 =   -1.2836303317E-11

 Timoshenko Stiffness Matrix (1-extension; 2,3-shear, 4-twist; 5,6-bending)
 ========================================================

     2.7909508102E+09    1.5408176240E-04   -5.6503684625E+02    4.7053250957E+02   -3.5825491571E-02   -1.1397586456E+09
     1.5408176240E-04    7.0323696528E+07    1.1387494251E-02   -1.4892139740E-03   -4.4808666321E+00    6.7577229373E-05
    -5.6503684625E+02    1.1387494251E-02    5.3635847187E+07    2.0840787893E+07   -6.0167306582E-06   -6.0943024348E+02
     4.7053250957E+02   -1.4892139740E-03    2.0840787893E+07    3.5988691331E+07   -2.1792126906E-05    8.0404511899E+01
    -3.5825491571E-02   -4.4808666321E+00   -6.0167306582E-06   -2.1792126906E-05    1.7497835976E+08   -2.8537188716E-03
    -1.1397586456E+09    6.7577229373E-05   -6.0943024348E+02    8.0404511899E+01   -2.8537188716E-03    1.2581076553E+09

 Timoshenko Flexibility Matrix (1-extension; 2,3-shear, 4-twist; 5,6-bending)
 ========================================================

     5.6869616714E-10   -1.7446985391E-21    1.9589059707E-14   -1.9930311632E-14    1.2483860201E-19    5.1519945094E-10
    -1.7446985391E-21    1.4219957843E-08   -4.1906431959E-18    3.0151934654E-18    3.6414637042E-16   -2.3466003763E-21
     1.9589059707E-14   -4.1906431959E-18    2.4057488139E-08   -1.3931515402E-08   -9.0342871963E-22    3.0290188243E-14
    -1.9930311632E-14    3.0151934654E-18   -1.3931515402E-08    3.5854145005E-08    3.9818528311E-21   -2.7095349671E-14
     1.2483860201E-19    3.6414637042E-16   -9.0342871963E-22    3.9818528311E-21    5.7149924217E-09    1.2605825591E-19
     5.1519945094E-10   -2.3466003763E-21    3.0290188243E-14   -2.7095349671E-14    1.2605825591E-19    1.2615796603E-09

 The Generalized Shear Center of the Cross Section in the User Coordinate System
 ========================================================

  Xs2 =    3.8856080377E-01
  Xs3 =    8.4096091678E-11
