
 The 6X6 Mass Matrix
 ========================================================

     1.2235648000E+03    0.0000000000E+00    0.0000000000E+00    0.0000000000E+00   -3.5671465781E-13   -3.8520768000E+02
     0.0000000000E+00    1.2235648000E+03    0.0000000000E+00    3.5671465781E-13    0.0000000000E+00    0.0000000000E+00
     0.0000000000E+00    0.0000000000E+00    1.2235648000E+03    3.8520768000E+02    0.0000000000E+00    0.0000000000E+00
     0.0000000000E+00    3.5671465781E-13    3.8520768000E+02    3.0417779089E+03    0.0000000000E+00    0.0000000000E+00
    -3.5671465781E-13    0.0000000000E+00    0.0000000000E+00    0.0000000000E+00    2.5108470972E+03    4.0634162701E-14
    -3.8520768000E+02    0.0000000000E+00    0.0000000000E+00    0.0000000000E+00    4.0634162701E-14    5.3093081176E+02

 The Mass Center of the Cross Section
 ========================================================

  Xm2 =    3.1482409432E-01
  Xm3 =   -2.9153720164E-16

 The 6X6 Mass Matrix at the Mass Center
 ========================================================

   1.223564800000E+03  0.000000000000E+00  0.000000000000E+00  0.000000000000E+00  0.000000000000E+00  0.000000000000E+00
   0.000000000000E+00  1.223564800000E+03  0.000000000000E+00  0.000000000000E+00  0.000000000000E+00  0.000000000000E+00
   0.000000000000E+00  0.000000000000E+00  1.223564800000E+03  0.000000000000E+00  0.000000000000E+00  0.000000000000E+00
   0.000000000000E+00  0.000000000000E+00  0.000000000000E+00  2.920505249952E+03  0.000000000000E+00  0.000000000000E+00
   0.000000000000E+00  0.000000000000E+00  0.000000000000E+00  0.000000000000E+00  2.510847097173E+03 -7.166820637453E-14
   0.000000000000E+00  0.000000000000E+00  0.000000000000E+00  0.000000000000E+00 -7.166820637453E-14  4.096581527784E+02

 The Mass Properties with respect to Principal Inertial Axes
 ========================================================

 Mass Per Unit Span                     =    1.2235648000E+03
 Mass Moments of Intertia about x1 axis =    2.9205052500E+03
 Mass Moments of Intertia about x2 axis =    2.5108470972E+03
 Mass Moments of Intertia about x3 axis =    4.0965815278E+02
 The user coordinate axes are the principal inertial axes.
 The mass-weighted radius of gyration   =    1.5449538408E+00

 The Geometric Center of the Cross Section
 ========================================================

  Xg2 =    2.0939614284E-14
  Xg3 =   -5.9604102120E-17

 Classical Stiffness Matrix (1-extension; 2-twist; 3,4-bending)
 ========================================================

     2.1187313812E+10    1.9947822456E+04   -7.3074849144E+01   -6.4439444684E+09
     1.9947822456E+04    1.0659388042E+09    9.2176748415E-02    1.4413594577E+04
    -7.3074849144E+01    9.2176748415E-02    4.8511534407E+10   -1.1565027492E+01
    -6.4439444684E+09    1.4413594577E+04   -1.1565027492E+01    8.1275281968E+09

 Classical Flexibility Matrix (1-extension; 2-twist; 3,4-bending)
 ========================================================

     6.2195994955E-11   -1.8307269777E-15    1.0544423910E-19    4.9312352781E-11
    -1.8307269777E-15    9.3814015980E-10   -1.7860601257E-21   -3.1152244923E-15
     1.0544423910E-19   -1.7860601257E-21    2.0613654303E-11    1.1293400694E-19
     4.9312352781E-11   -3.1152244923E-15    1.1293400694E-19    1.6213614165E-10

 The Neutral Axes (or Tension Center) of the Cross Section
 ========================================================

  Xt2 =    3.0414164466E-01
  Xt3 =   -3.4489908215E-09

 Classical Stiffness Matrix (correct up to the 2nd order) (1-extension; 2-twist; 3,4-bending)
 ========================================================

     2.1187313812E+10    1.9947822456E+04   -7.3074849144E+01   -6.4439444684E+09
     1.9947822456E+04    1.0659388042E+09    9.2176748415E-02    1.4413594577E+04
    -7.3074849144E+01    9.2176748415E-02    4.8511534407E+10   -1.1565027492E+01
    -6.4439444684E+09    1.4413594577E+04   -1.1565027492E+01    8.1275281968E+09

 Classical Flexibility Matrix (correct up to the 2nd order) (1-extension; 2-twist; 3,4-bending)
 ========================================================

     6.2195994955E-11   -1.8307269777E-15    1.0544423910E-19    4.9312352781E-11
    -1.8307269777E-15    9.3814015980E-10   -1.7860601257E-21   -3.1152244923E-15
     1.0544423910E-19   -1.7860601257E-21    2.0613654303E-11    1.1293400694E-19
     4.9312352781E-11   -3.1152244923E-15    1.1293400694E-19    1.6213614165E-10

 The Neutral Axes (or Tension Center) of the Cross Section, Corrected by Initial Curvature/Twist
 ========================================================

  Xt2 =    3.0414164466E-01
  Xt3 =   -3.4489908215E-09

 Timoshenko Stiffness Matrix (1-extension; 2,3-shear, 4-twist; 5,6-bending)
 ========================================================

     2.1187313812E+10   -1.2024070259E-02   -4.4872643454E+03    1.4775805067E+04   -7.3074849015E+01   -6.4439444684E+09
    -1.2024070259E-02    5.8502326083E+08    1.1194186131E+00    1.5510429734E+00   -4.1542444344E+03   -2.4157043009E-03
    -4.4872643454E+03    1.1194186131E+00    1.6839802746E+09    1.9409543525E+09   -1.6610898414E-02   -9.6796970796E+03
     1.4775805067E+04    1.5510429734E+00    1.9409543525E+09    3.3030812786E+09    7.3029187892E-02    3.2567832644E+03
    -7.3074849015E+01   -4.1542444344E+03   -1.6610898414E-02    7.3029187892E-02    4.8511534407E+10   -1.1565027380E+01
    -6.4439444684E+09   -2.4157043009E-03   -9.6796970796E+03    3.2567832644E+03   -1.1565027380E+01    8.1275281968E+09

 Timoshenko Flexibility Matrix (1-extension; 2,3-shear, 4-twist; 5,6-bending)
 ========================================================

     6.2195994955E-11    1.4826517274E-21    2.5592793861E-15   -1.8307269777E-15    1.0544423910E-19    4.9312352781E-11
     1.4826517274E-21    1.7093337427E-09   -6.5423138424E-19   -4.1822067326E-19    1.4637735693E-16    1.6831799399E-21
     2.5592793861E-15   -6.5423138424E-19    1.8401362803E-09   -1.0812996173E-09    2.2627788552E-21    4.6539825643E-15
    -1.8307269777E-15   -4.1822067326E-19   -1.0812996173E-09    9.3814015980E-10   -1.7860601257E-21   -3.1152244923E-15
     1.0544423910E-19    1.4637735693E-16    2.2627788552E-21   -1.7860601257E-21    2.0613654303E-11    1.1293400694E-19
     4.9312352781E-11    1.6831799399E-21    4.6539825643E-15   -3.1152244923E-15    1.1293400694E-19    1.6213614165E-10

 The Generalized Shear Center of the Cross Section in the User Coordinate System
 ========================================================

  Xs2 =    1.1525992209E+00
  Xs3 =   -4.4579764430E-10
