
 The 6X6 Mass Matrix
 ========================================================

     4.1540640000E+02    0.0000000000E+00    0.0000000000E+00    0.0000000000E+00    8.1046280798E-15    1.3055112547E-12
     0.0000000000E+00    4.1540640000E+02    0.0000000000E+00   -8.1046280798E-15    0.0000000000E+00    0.0000000000E+00
     0.0000000000E+00    0.0000000000E+00    4.1540640000E+02   -1.3055112547E-12    0.0000000000E+00    0.0000000000E+00
     0.0000000000E+00   -8.1046280798E-15   -1.3055112547E-12    3.7115296974E+02    0.0000000000E+00    0.0000000000E+00
     8.1046280798E-15    0.0000000000E+00    0.0000000000E+00    0.0000000000E+00    2.5219287024E+02   -2.4980018054E-16
     1.3055112547E-12    0.0000000000E+00    0.0000000000E+00    0.0000000000E+00   -2.4980018054E-16    1.1896009950E+02

 The Mass Center of the Cross Section
 ========================================================

  Xm2 =   -3.1427326460E-15
  Xm3 =    1.9510118476E-17

 The 6X6 Mass Matrix at the Mass Center
 ========================================================

   4.154064000000E+02  0.000000000000E+00  0.000000000000E+00  0.000000000000E+00  0.000000000000E+00  0.000000000000E+00
   0.000000000000E+00  4.154064000000E+02  0.000000000000E+00  0.000000000000E+00  0.000000000000E+00  0.000000000000E+00
   0.000000000000E+00  0.000000000000E+00  4.154064000000E+02  0.000000000000E+00  0.000000000000E+00  0.000000000000E+00
   0.000000000000E+00  0.000000000000E+00  0.000000000000E+00  3.711529697408E+02  0.000000000000E+00  0.000000000000E+00
   0.000000000000E+00  0.000000000000E+00  0.000000000000E+00  0.000000000000E+00  2.521928702400E+02 -2.498001805407E-16
   0.000000000000E+00  0.000000000000E+00  0.000000000000E+00  0.000000000000E+00 -2.498001805407E-16  1.189600995008E+02

 The Mass Properties with respect to Principal Inertial Axes
 ========================================================

 Mass Per Unit Span                     =    4.1540640000E+02
 Mass Moments of Intertia about x1 axis =    3.7115296974E+02
 Mass Moments of Intertia about x2 axis =    2.5219287024E+02
 Mass Moments of Intertia about x3 axis =    1.1896009950E+02
 The user coordinate axes are the principal inertial axes.
 The mass-weighted radius of gyration   =    9.4523518297E-01

 The Geometric Center of the Cross Section
 ========================================================

  Xg2 =    1.0231276311E-14
  Xg3 =    5.1625360250E-17

 Classical Stiffness Matrix (1-extension; 2-twist; 3,4-bending)
 ========================================================

     7.6245262911E+09    8.0780103285E+03   -5.3579932540E+00   -4.8569595340E+00
     8.0780103285E+03    2.3359045045E+08    3.8497890826E-02    2.4096757743E-02
    -5.3579932540E+00    3.8497890826E-02    5.1324378089E+09    1.1963288184E+01
    -4.8569595340E+00    2.4096757743E-02    1.1963288184E+01    1.6962753104E+09

 Classical Flexibility Matrix (1-extension; 2-twist; 3,4-bending)
 ========================================================

     1.3115568913E-10   -4.5356178279E-15    1.3691962648E-19    3.7553926449E-19
    -4.5356178279E-15    4.2809969248E-09   -3.2116054682E-20   -6.0827493090E-20
     1.3691962648E-19   -3.2116054682E-20    1.9483918505E-10   -1.3741385643E-18
     3.7553926449E-19   -6.0827493090E-20   -1.3741385643E-18    5.8952694405E-10

 The Neutral Axes (or Tension Center) of the Cross Section
 ========================================================

  Xt2 =    6.3701798407E-10
  Xt3 =   -7.0273147222E-10

 Classical Stiffness Matrix (correct up to the 2nd order) (1-extension; 2-twist; 3,4-bending)
 ========================================================

     7.6245262911E+09    8.0780103285E+03   -5.3579932540E+00   -4.8569595340E+00
     8.0780103285E+03    2.3359045045E+08    3.8497890826E-02    2.4096757743E-02
    -5.3579932540E+00    3.8497890826E-02    5.1324378089E+09    1.1963288184E+01
    -4.8569595340E+00    2.4096757743E-02    1.1963288184E+01    1.6962753104E+09

 Classical Flexibility Matrix (correct up to the 2nd order) (1-extension; 2-twist; 3,4-bending)
 ========================================================

     1.3115568913E-10   -4.5356178279E-15    1.3691962648E-19    3.7553926449E-19
    -4.5356178279E-15    4.2809969248E-09   -3.2116054682E-20   -6.0827493090E-20
     1.3691962648E-19   -3.2116054682E-20    1.9483918505E-10   -1.3741385643E-18
     3.7553926449E-19   -6.0827493090E-20   -1.3741385643E-18    5.8952694405E-10

 The Neutral Axes (or Tension Center) of the Cross Section, Corrected by Initial Curvature/Twist
 ========================================================

  Xt2 =    6.3701798407E-10
  Xt3 =   -7.0273147222E-10

 Timoshenko Stiffness Matrix (1-extension; 2,3-shear, 4-twist; 5,6-bending)
 ========================================================

     7.6245262911E+09   -1.3391365396E-02   -2.3855087121E-03    8.0780103285E+03   -5.3579932191E+00   -4.8569594334E+00
    -1.3391365396E-02    3.7713816656E+08   -4.0419411006E-01    5.2347498413E-01   -9.8110631831E+02    2.7162944656E-03
    -2.3855087121E-03   -4.0419411006E-01    1.0560621531E+08   -7.0914056094E-02    1.3087455963E-02   -4.4511169705E+03
     8.0780103285E+03    5.2347498413E-01   -7.0914056094E-02    2.3359045045E+08    3.8496529023E-02    2.4099746650E-02
    -5.3579932191E+00   -9.8110631831E+02    1.3087455963E-02    3.8496529023E-02    5.1324378089E+09    1.1963287626E+01
    -4.8569594334E+00    2.7162944656E-03   -4.4511169705E+03    2.4099746650E-02    1.1963287626E+01    1.6962753106E+09

 Timoshenko Flexibility Matrix (1-extension; 2,3-shear, 4-twist; 5,6-bending)
 ========================================================

     1.3115568913E-10    4.6637082328E-21    2.9754211756E-21   -4.5356178279E-15    1.3691962648E-19    3.7553926449E-19
     4.6637082328E-21    2.6515481292E-09    1.0148456768E-17   -5.9421058038E-18    5.0686451930E-16   -4.2229448817E-21
     2.9754211756E-21    1.0148456768E-17    9.4691396447E-09    2.8746657685E-18   -2.4201803167E-20    2.4847527937E-14
    -4.5356178279E-15   -5.9421058038E-18    2.8746657685E-18    4.2809969248E-09   -3.2116054682E-20   -6.0827493090E-20
     1.3691962648E-19    5.0686451930E-16   -2.4201803167E-20   -3.2116054682E-20    1.9483918505E-10   -1.3741385643E-18
     3.7553926449E-19   -4.2229448817E-21    2.4847527937E-14   -6.0827493090E-20   -1.3741385643E-18    5.8952694405E-10

 The Generalized Shear Center of the Cross Section in the User Coordinate System
 ========================================================

  Xs2 =   -6.7149447173E-10
  Xs3 =   -1.3880191713E-09
