
 The 6X6 Mass Matrix
 ========================================================

     4.2960176000E+02    0.0000000000E+00    0.0000000000E+00    0.0000000000E+00   -1.3606195164E-14   -9.0902282988E-13
     0.0000000000E+00    4.2960176000E+02    0.0000000000E+00    1.3606195164E-14    0.0000000000E+00    0.0000000000E+00
     0.0000000000E+00    0.0000000000E+00    4.2960176000E+02    9.0902282988E-13    0.0000000000E+00    0.0000000000E+00
     0.0000000000E+00    1.3606195164E-14    9.0902282988E-13    1.3529270748E+03    0.0000000000E+00    0.0000000000E+00
    -1.3606195164E-14    0.0000000000E+00    0.0000000000E+00    0.0000000000E+00    1.1751085806E+03    2.5017965130E-14
    -9.0902282988E-13    0.0000000000E+00    0.0000000000E+00    0.0000000000E+00    2.5017965130E-14    1.7781849418E+02

 The Mass Center of the Cross Section
 ========================================================

  Xm2 =    2.1159662611E-15
  Xm3 =   -3.1671646698E-17

 The 6X6 Mass Matrix at the Mass Center
 ========================================================

   4.296017600000E+02  0.000000000000E+00  0.000000000000E+00  0.000000000000E+00  0.000000000000E+00  0.000000000000E+00
   0.000000000000E+00  4.296017600000E+02  0.000000000000E+00  0.000000000000E+00  0.000000000000E+00  0.000000000000E+00
   0.000000000000E+00  0.000000000000E+00  4.296017600000E+02  0.000000000000E+00  0.000000000000E+00  0.000000000000E+00
   0.000000000000E+00  0.000000000000E+00  0.000000000000E+00  1.352927074808E+03  0.000000000000E+00  0.000000000000E+00
   0.000000000000E+00  0.000000000000E+00  0.000000000000E+00  0.000000000000E+00  1.175108580631E+03  2.501796513010E-14
   0.000000000000E+00  0.000000000000E+00  0.000000000000E+00  0.000000000000E+00  2.501796513010E-14  1.778184941774E+02

 The Mass Properties with respect to Principal Inertial Axes
 ========================================================

 Mass Per Unit Span                     =    4.2960176000E+02
 Mass Moments of Intertia about x1 axis =    1.3529270748E+03
 Mass Moments of Intertia about x2 axis =    1.1751085806E+03
 Mass Moments of Intertia about x3 axis =    1.7781849418E+02
 The user coordinate axes are the principal inertial axes.
 The mass-weighted radius of gyration   =    1.7746150815E+00

 The Geometric Center of the Cross Section
 ========================================================

  Xg2 =    1.2411176711E-14
  Xg3 =   -1.7487564656E-16

 Classical Stiffness Matrix (1-extension; 2-twist; 3,4-bending)
 ========================================================

     5.8617251346E+09   -4.4766806223E+05   -4.0443113448E+02    2.3575970003E+02
    -4.4766806223E+05    6.2724496461E+08   -2.8152766339E+01    1.5670213004E+01
    -4.0443113448E+02   -2.8152766339E+01    2.0284011036E+10   -3.3928582763E+02
     2.3575970003E+02    1.5670213004E+01   -3.3928582763E+02    1.7342060825E+09

 Classical Flexibility Matrix (1-extension; 2-twist; 3,4-bending)
 ========================================================

     1.7059825078E-10    1.2175687754E-13    3.4016282038E-18   -2.3193379169E-17
     1.2175687754E-13    1.5942735469E-09    2.2151658242E-18   -1.4422340535E-17
     3.4016282038E-18    2.2151658242E-18    4.9299914017E-11    9.6451981463E-18
    -2.3193379169E-17   -1.4422340535E-17    9.6451981463E-18    5.7663273706E-10

 The Neutral Axes (or Tension Center) of the Cross Section
 ========================================================

  Xt2 =   -4.0222100384E-08
  Xt3 =   -6.8998671895E-08

 Classical Stiffness Matrix (correct up to the 2nd order) (1-extension; 2-twist; 3,4-bending)
 ========================================================

     5.8617251346E+09   -4.4766806223E+05   -4.0443113448E+02    2.3575970003E+02
    -4.4766806223E+05    6.2724496461E+08   -2.8152766339E+01    1.5670213004E+01
    -4.0443113448E+02   -2.8152766339E+01    2.0284011036E+10   -3.3928582763E+02
     2.3575970003E+02    1.5670213004E+01   -3.3928582763E+02    1.7342060825E+09

 Classical Flexibility Matrix (correct up to the 2nd order) (1-extension; 2-twist; 3,4-bending)
 ========================================================

     1.7059825078E-10    1.2175687754E-13    3.4016282038E-18   -2.3193379169E-17
     1.2175687754E-13    1.5942735469E-09    2.2151658242E-18   -1.4422340535E-17
     3.4016282038E-18    2.2151658242E-18    4.9299914017E-11    9.6451981463E-18
    -2.3193379169E-17   -1.4422340535E-17    9.6451981463E-18    5.7663273706E-10

 The Neutral Axes (or Tension Center) of the Cross Section, Corrected by Initial Curvature/Twist
 ========================================================

  Xt2 =   -4.0222100384E-08
  Xt3 =   -6.8998671895E-08

 Timoshenko Stiffness Matrix (1-extension; 2,3-shear, 4-twist; 5,6-bending)
 ========================================================

     5.8617251346E+09    1.3578203479E+01   -1.1871992118E+01   -4.4766806223E+05   -4.0435714240E+02    2.3575583552E+02
     1.3578203479E+01    1.9493388249E+08    2.7186696774E+00    3.2448814314E+01    1.0622695339E+06    1.1449342519E+01
    -1.1871992118E+01    2.7186696774E+00    2.6901526546E+08    6.2387288667E+00    1.7198085258E+01    8.7586403018E+04
    -4.4766806223E+05    3.2448814314E+01    6.2387288667E+00    6.2724496461E+08   -2.7975939898E+01    1.5672246125E+01
    -4.0435714240E+02    1.0622695339E+06    1.7198085258E+01   -2.7975939898E+01    2.0284016825E+10   -3.3921784121E+02
     2.3575583552E+02    1.1449342519E+01    8.7586403018E+04    1.5672246125E+01   -3.3921784121E+02    1.7342061111E+09

 Timoshenko Flexibility Matrix (1-extension; 2,3-shear, 4-twist; 5,6-bending)
 ========================================================

     1.7059825078E-10   -1.1921897824E-17    7.5334493586E-18    1.2175687754E-13    3.4016282038E-18   -2.3193379169E-17
    -1.1921897824E-17    5.1299459726E-09   -5.1815037028E-17   -2.6540430892E-16   -2.6865415091E-13   -3.3918168774E-17
     7.5334493586E-18   -5.1815037028E-17    3.7172612296E-09   -3.6962701729E-17   -3.1521575655E-18   -1.8774097156E-13
     1.2175687754E-13   -2.6540430892E-16   -3.6962701729E-17    1.5942735469E-09    2.2151658242E-18   -1.4422340535E-17
     3.4016282038E-18   -2.6865415091E-13   -3.1521575655E-18    2.2151658242E-18    4.9299914017E-11    9.6451981463E-18
    -2.3193379169E-17   -3.3918168774E-17   -1.8774097156E-13   -1.4422340535E-17    9.6451981463E-18    5.7663273706E-10

 The Generalized Shear Center of the Cross Section in the User Coordinate System
 ========================================================

  Xs2 =    2.3184667274E-08
  Xs3 =   -1.6647350728E-07
