
 The 6X6 Mass Matrix
 ========================================================

     9.3714352000E+02    0.0000000000E+00    0.0000000000E+00    0.0000000000E+00   -5.1647575106E-13   -6.3749006074E-13
     0.0000000000E+00    9.3714352000E+02    0.0000000000E+00    5.1647575106E-13    0.0000000000E+00    0.0000000000E+00
     0.0000000000E+00    0.0000000000E+00    9.3714352000E+02    6.3749006074E-13    0.0000000000E+00    0.0000000000E+00
     0.0000000000E+00    5.1647575106E-13    6.3749006074E-13    1.8281267907E+03    0.0000000000E+00    0.0000000000E+00
    -5.1647575106E-13    0.0000000000E+00    0.0000000000E+00    0.0000000000E+00    1.5843849248E+03   -6.3837823916E-15
    -6.3749006074E-13    0.0000000000E+00    0.0000000000E+00    0.0000000000E+00   -6.3837823916E-15    2.4374186595E+02

 The Mass Center of the Cross Section
 ========================================================

  Xm2 =    6.8024805927E-16
  Xm3 =   -5.5111702747E-16

 The Mass Properties with respect to Principal Inertial Axes
 ========================================================

 Mass Per Unit Span                     =    9.3714352000E+02
 Mass Moments of Intertia about x1 axis =    1.8281267907E+03
 Mass Moments of Intertia about x2 axis =    1.5843849248E+03
 Mass Moments of Intertia about x3 axis =    2.4374186595E+02
 The user coordinate axes are the principal inertial axes.
 The mass-weighted radius of gyration   =    1.3966902560E+00

 The Geometric Center of the Cross Section
 ========================================================

  Xg2 =    3.9623832805E-15
  Xg3 =    3.1399973176E-16

 Classical Stiffness Matrix (1-extension; 2-twist; 3,4-bending)
 ========================================================

     1.8052284697E+10    1.6016651925E+04    8.0557360732E+00    4.3203809318E+00
     1.6016651925E+04    4.6411239333E+08   -1.4324497489E+00    3.5191356965E-01
     8.0557360732E+00   -1.4324497489E+00    3.2867656880E+10   -3.0224121745E-01
     4.3203809318E+00    3.5191356965E-01   -3.0224121745E-01    3.8267272084E+09

 Classical Flexibility Matrix (1-extension; 2-twist; 3,4-bending)
 ========================================================

     5.5394650417E-11   -1.9116852878E-15   -1.3577098716E-20   -6.2540470122E-20
    -1.9116852878E-15    2.1546504993E-09    9.3905202248E-20   -1.9814385715E-19
    -1.3577098716E-20    9.3905202248E-20    3.0425046837E-11    2.4030203152E-21
    -6.2540470122E-20   -1.9814385715E-19    2.4030203152E-21    2.6131990747E-10

 The Neutral Axes (or Tension Center) of the Cross Section
 ========================================================

  Xt2 =   -2.3932531863E-10
  Xt3 =    4.4624742202E-10

 Classical Stiffness Matrix (correct up to the 2nd order) (1-extension; 2-twist; 3,4-bending)
 ========================================================

     1.8052284697E+10    1.6016651925E+04    8.0557360732E+00    4.3203809318E+00
     1.6016651925E+04    4.6411239333E+08   -1.4324497489E+00    3.5191356965E-01
     8.0557360732E+00   -1.4324497489E+00    3.2867656880E+10   -3.0224121745E-01
     4.3203809318E+00    3.5191356965E-01   -3.0224121745E-01    3.8267272084E+09

 Classical Flexibility Matrix (correct up to the 2nd order) (1-extension; 2-twist; 3,4-bending)
 ========================================================

     5.5394650417E-11   -1.9116852878E-15   -1.3577098716E-20   -6.2540470122E-20
    -1.9116852878E-15    2.1546504993E-09    9.3905202248E-20   -1.9814385715E-19
    -1.3577098716E-20    9.3905202248E-20    3.0425046837E-11    2.4030203152E-21
    -6.2540470122E-20   -1.9814385715E-19    2.4030203152E-21    2.6131990747E-10

 The Neutral Axes (or Tension Center) of the Cross Section, Corrected by Initial Curvature/Twist
 ========================================================

  Xt2 =   -2.3932531863E-10
  Xt3 =    4.4624742202E-10

 Timoshenko Stiffness Matrix (1-extension; 2,3-shear, 4-twist; 5,6-bending)
 ========================================================

     1.8052284697E+10    1.3949732411E-01   -3.4406433625E-01    1.6016651925E+04    8.0557352374E+00    4.3203958563E+00
     1.3949732411E-01    8.5484055302E+08   -1.0718332923E-02   -2.2415592589E+00   -5.1218301614E+03   -1.7361404568E-03
    -3.4406433625E-01   -1.0718332923E-02    1.8973757759E+08   -3.3897082654E+01   -2.5990205311E-02   -8.2302631316E+03
     1.6016651925E+04   -2.2415592589E+00   -3.3897082654E+01    4.6411239333E+08   -1.4324363139E+00    3.5338392630E-01
     8.0557352374E+00   -5.1218301614E+03   -2.5990205311E-02   -1.4324363139E+00    3.2867656880E+10   -3.0224007966E-01
     4.3203958563E+00   -1.7361404568E-03   -8.2302631316E+03    3.5338392630E-01   -3.0224007966E-01    3.8267272087E+09

 Timoshenko Flexibility Matrix (1-extension; 2,3-shear, 4-twist; 5,6-bending)
 ========================================================

     5.5394650417E-11   -9.0446811052E-21    1.0010672946E-19   -1.9116852878E-15   -1.3577098716E-20   -6.2540470122E-20
    -9.0446811052E-21    1.1698087982E-09    6.6083908812E-20    5.6499162459E-18    1.8229355404E-16    5.3088430333E-22
     1.0010672946E-19    6.6083908812E-20    5.2704372680E-09    3.8493357354E-16    4.1677464936E-21    1.1335295977E-14
    -1.9116852878E-15    5.6499162459E-18    3.8493357354E-16    2.1546504993E-09    9.3905202248E-20   -1.9814385715E-19
    -1.3577098716E-20    1.8229355404E-16    4.1677464936E-21    9.3905202248E-20    3.0425046837E-11    2.4030203152E-21
    -6.2540470122E-20    5.3088430333E-22    1.1335295977E-14   -1.9814385715E-19    2.4030203152E-21    2.6131990747E-10

 The Generalized Shear Center of the Cross Section in the User Coordinate System
 ========================================================

  Xs2 =   -1.7865244208E-07
  Xs3 =    2.6221961509E-09
