
 The 6X6 Mass Matrix
 ========================================================

     3.2048056000E+02    0.0000000000E+00    0.0000000000E+00    0.0000000000E+00   -1.0768295977E-14    1.2530401250E-12
     0.0000000000E+00    3.2048056000E+02    0.0000000000E+00    1.0768295977E-14    0.0000000000E+00    0.0000000000E+00
     0.0000000000E+00    0.0000000000E+00    3.2048056000E+02   -1.2530401250E-12    0.0000000000E+00    0.0000000000E+00
     0.0000000000E+00    1.0768295977E-14   -1.2530401250E-12    3.6161355386E+02    0.0000000000E+00    0.0000000000E+00
    -1.0768295977E-14    0.0000000000E+00    0.0000000000E+00    0.0000000000E+00    2.5252598122E+02    3.3413484653E-15
     1.2530401250E-12    0.0000000000E+00    0.0000000000E+00    0.0000000000E+00    3.3413484653E-15    1.0908757264E+02

 The Mass Center of the Cross Section
 ========================================================

  Xm2 =   -3.9098787302E-15
  Xm3 =   -3.3600465430E-17

 The 6X6 Mass Matrix at the Mass Center
 ========================================================

   3.204805600000E+02  0.000000000000E+00  0.000000000000E+00  0.000000000000E+00  0.000000000000E+00  0.000000000000E+00
   0.000000000000E+00  3.204805600000E+02  0.000000000000E+00  0.000000000000E+00  0.000000000000E+00  0.000000000000E+00
   0.000000000000E+00  0.000000000000E+00  3.204805600000E+02  0.000000000000E+00  0.000000000000E+00  0.000000000000E+00
   0.000000000000E+00  0.000000000000E+00  0.000000000000E+00  3.616135538616E+02  0.000000000000E+00  0.000000000000E+00
   0.000000000000E+00  0.000000000000E+00  0.000000000000E+00  0.000000000000E+00  2.525259812239E+02  3.341348465274E-15
   0.000000000000E+00  0.000000000000E+00  0.000000000000E+00  0.000000000000E+00  3.341348465274E-15  1.090875726377E+02

 The Mass Properties with respect to Principal Inertial Axes
 ========================================================

 Mass Per Unit Span                     =    3.2048056000E+02
 Mass Moments of Intertia about x1 axis =    3.6161355386E+02
 Mass Moments of Intertia about x2 axis =    2.5252598122E+02
 Mass Moments of Intertia about x3 axis =    1.0908757264E+02
 The user coordinate axes are the principal inertial axes.
 The mass-weighted radius of gyration   =    1.0622371955E+00

 The Geometric Center of the Cross Section
 ========================================================

  Xg2 =    1.1339967779E-14
  Xg3 =    8.4932885158E-18

 Classical Stiffness Matrix (1-extension; 2-twist; 3,4-bending)
 ========================================================

     5.1544369950E+09    4.1679925883E+05    2.1509548687E+01    2.1604950955E-01
     4.1679925883E+05    2.8193630564E+08    2.5348312611E+00   -1.1640879615E-01
     2.1509548687E+01    2.5348312611E+00    4.7542693345E+09    9.5089496018E-01
     2.1604950955E-01   -1.1640879615E-01    9.5089496018E-01    1.2883032572E+09

 Classical Flexibility Matrix (1-extension; 2-twist; 3,4-bending)
 ========================================================

     1.9400763275E-10   -2.8681030402E-13   -8.7758797680E-19   -3.2561153653E-20
    -2.8681030402E-13    3.5469008408E-09   -1.8898016371E-18    3.2053976549E-19
    -8.7758797680E-19   -1.8898016371E-18    2.1033726313E-10   -1.5524966063E-19
    -3.2561153653E-20    3.2053976549E-19   -1.5524966063E-19    7.7621475718E-10

 The Neutral Axes (or Tension Center) of the Cross Section
 ========================================================

  Xt2 =   -4.1948641146E-11
  Xt3 =    4.1722896064E-09

 Classical Stiffness Matrix (correct up to the 2nd order) (1-extension; 2-twist; 3,4-bending)
 ========================================================

     5.1544369950E+09    4.1679925883E+05    2.1509548687E+01    2.1604950955E-01
     4.1679925883E+05    2.8193630564E+08    2.5348312611E+00   -1.1640879615E-01
     2.1509548687E+01    2.5348312611E+00    4.7542693345E+09    9.5089496018E-01
     2.1604950955E-01   -1.1640879615E-01    9.5089496018E-01    1.2883032572E+09

 Classical Flexibility Matrix (correct up to the 2nd order) (1-extension; 2-twist; 3,4-bending)
 ========================================================

     1.9400763275E-10   -2.8681030402E-13   -8.7758797680E-19   -3.2561153653E-20
    -2.8681030402E-13    3.5469008408E-09   -1.8898016371E-18    3.2053976549E-19
    -8.7758797680E-19   -1.8898016371E-18    2.1033726313E-10   -1.5524966063E-19
    -3.2561153653E-20    3.2053976549E-19   -1.5524966063E-19    7.7621475718E-10

 The Neutral Axes (or Tension Center) of the Cross Section, Corrected by Initial Curvature/Twist
 ========================================================

  Xt2 =   -4.1948641146E-11
  Xt3 =    4.1722896064E-09

 Timoshenko Stiffness Matrix (1-extension; 2,3-shear, 4-twist; 5,6-bending)
 ========================================================

     5.1544369950E+09    7.2011963919E-01   -8.5715752844E-02    4.1679925883E+05    2.1507665163E+01    2.1610728724E-01
     7.2011963919E-01    2.7369477997E+08    1.5498979135E-01   -1.5870441938E+00   -7.1586824735E+05   -7.2710420675E-02
    -8.5715752844E-02    1.5498979135E-01    1.2862649330E+08   -1.8369086247E-02   -3.2064251163E-01   -8.6702453809E+04
     4.1679925883E+05   -1.5870441938E+00   -1.8369086247E-02    2.8193630564E+08    2.5389822886E+00   -1.1639641379E-01
     2.1507665163E+01   -7.1586824735E+05   -3.2064251163E-01    2.5389822886E+00    4.7542712069E+09    9.5130099971E-01
     2.1610728724E-01   -7.2710420675E-02   -8.6702453809E+04   -1.1639641379E-01    9.5130099971E-01    1.2883033157E+09

 Timoshenko Flexibility Matrix (1-extension; 2,3-shear, 4-twist; 5,6-bending)
 ========================================================

     1.9400763275E-10   -5.1441289645E-19    1.2922235611E-19   -2.8681030402E-13   -8.7758797680E-19   -3.2561153653E-20
    -5.1441289645E-19    3.6537064899E-09   -4.4010605545E-18    2.0562840383E-17    5.5015213635E-13    2.0550874329E-19
     1.2922235611E-19   -4.4010605545E-18    7.7744484805E-09    5.0655607110E-19    5.2356507599E-19    5.2321821426E-13
    -2.8681030402E-13    2.0562840383E-17    5.0655607110E-19    3.5469008408E-09   -1.8898016371E-18    3.2053976549E-19
    -8.7758797680E-19    5.5015213635E-13    5.2356507599E-19   -1.8898016371E-18    2.1033726313E-10   -1.5524966063E-19
    -3.2561153653E-20    2.0550874329E-19    5.2321821426E-13    3.2053976549E-19   -1.5524966063E-19    7.7621475718E-10

 The Generalized Shear Center of the Cross Section in the User Coordinate System
 ========================================================

  Xs2 =   -1.4281653021E-10
  Xs3 =    5.7974105581E-09
