
 The 6X6 Mass Matrix
 ========================================================

     4.1719760000E+02    0.0000000000E+00    0.0000000000E+00    0.0000000000E+00    3.3306690739E-15    4.0467629248E-14
     0.0000000000E+00    4.1719760000E+02    0.0000000000E+00   -3.3306690739E-15    0.0000000000E+00    0.0000000000E+00
     0.0000000000E+00    0.0000000000E+00    4.1719760000E+02   -4.0467629248E-14    0.0000000000E+00    0.0000000000E+00
     0.0000000000E+00   -3.3306690739E-15   -4.0467629248E-14    1.6914151458E+02    0.0000000000E+00    0.0000000000E+00
     3.3306690739E-15    0.0000000000E+00    0.0000000000E+00    0.0000000000E+00    6.9437094727E+01    1.6653345369E-16
     4.0467629248E-14    0.0000000000E+00    0.0000000000E+00    0.0000000000E+00    1.6653345369E-16    9.9704419854E+01

 The Mass Center of the Cross Section
 ========================================================

  Xm2 =   -9.6998710557E-17
  Xm3 =    7.9834329677E-18

 The Mass Properties with respect to Principal Inertial Axes
 ========================================================

 Mass Per Unit Span                     =    4.1719760000E+02
 Mass Moments of Intertia about x1 axis =    1.6914151458E+02
 Mass Moments of Intertia about x2 axis =    6.9437094727E+01
 Mass Moments of Intertia about x3 axis =    9.9704419854E+01
 The user coordinate axes are the principal inertial axes.
 The mass-weighted radius of gyration   =    6.3672837910E-01

 The Geometric Center of the Cross Section
 ========================================================

  Xg2 =   -2.7752116323E-15
  Xg3 =    2.1387265970E-17

 Classical Stiffness Matrix (1-extension; 2-twist; 3,4-bending)
 ========================================================

     8.3404798625E+09    2.6842047353E+03   -6.7849267217E-02   -5.8401978403E-03
     2.6842047353E+03    9.3197454763E+07    1.7711890436E-03    7.2437930854E-04
    -6.7849267217E-02    1.7711890436E-03    1.4604887322E+09    3.0881521151E-01
    -5.8401978403E-03    7.2437930854E-04    3.0881521151E-01    1.7032845228E+09

 Classical Flexibility Matrix (1-extension; 2-twist; 3,4-bending)
 ========================================================

     1.1989717816E-10   -3.4531905853E-15    5.5700133909E-21    4.1110321340E-22
    -3.4531905853E-15    1.0729906761E-08   -1.3012717709E-20   -4.5632673226E-21
     5.5700133909E-21   -1.3012717709E-20    6.8470230406E-10   -1.2414043809E-19
     4.1110321340E-22   -4.5632673226E-21   -1.2414043809E-19    5.8710097264E-10

 The Neutral Axes (or Tension Center) of the Cross Section
 ========================================================

  Xt2 =    7.0022574237E-13
  Xt3 =   -8.1349417958E-12

 Classical Stiffness Matrix (correct up to the 2nd order) (1-extension; 2-twist; 3,4-bending)
 ========================================================

     8.3404798625E+09    2.6842047353E+03   -6.7849267217E-02   -5.8401978403E-03
     2.6842047353E+03    9.3197454763E+07    1.7711890436E-03    7.2437930854E-04
    -6.7849267217E-02    1.7711890436E-03    1.4604887322E+09    3.0881521151E-01
    -5.8401978403E-03    7.2437930854E-04    3.0881521151E-01    1.7032845228E+09

 Classical Flexibility Matrix (correct up to the 2nd order) (1-extension; 2-twist; 3,4-bending)
 ========================================================

     1.1989717816E-10   -3.4531905853E-15    5.5700133909E-21    4.1110321340E-22
    -3.4531905853E-15    1.0729906761E-08   -1.3012717709E-20   -4.5632673226E-21
     5.5700133909E-21   -1.3012717709E-20    6.8470230406E-10   -1.2414043809E-19
     4.1110321340E-22   -4.5632673226E-21   -1.2414043809E-19    5.8710097264E-10

 The Neutral Axes (or Tension Center) of the Cross Section, Corrected by Initial Curvature/Twist
 ========================================================

  Xt2 =    7.0022574237E-13
  Xt3 =   -8.1349417958E-12

 Timoshenko Stiffness Matrix (1-extension; 2,3-shear, 4-twist; 5,6-bending)
 ========================================================

     8.3404798625E+09    5.6429152078E-04    1.7488290899E-04    2.6842047353E+03   -6.7849267357E-02   -5.8402036333E-03
     5.6429152078E-04    4.3553845287E+08   -1.5921893891E-02   -9.2499817994E-03   -1.0802289079E+02    8.8642014684E-04
     1.7488290899E-04   -1.5921893891E-02    4.5117775828E+07    5.4430713256E-04    8.9385396124E-04   -1.4945150054E+03
     2.6842047353E+03   -9.2499817994E-03    5.4430713256E-04    9.3197454763E+07    1.7711913378E-03    7.2436127848E-04
    -6.7849267357E-02   -1.0802289079E+02    8.9385396124E-04    1.7711913378E-03    1.4604887322E+09    3.0881518168E-01
    -5.8402036333E-03    8.8642014684E-04   -1.4945150054E+03    7.2436127848E-04    3.0881518168E-01    1.7032845228E+09

 Timoshenko Flexibility Matrix (1-extension; 2,3-shear, 4-twist; 5,6-bending)
 ========================================================

     1.1989717816E-10   -1.5541291664E-22   -4.6468321903E-22   -3.4531905853E-15    5.5700133909E-21    4.1110321340E-22
    -1.5541291664E-22    2.2960085233E-09    8.1025275454E-19    2.2788215860E-19    1.6982087742E-16   -1.1942043115E-21
    -4.6468321903E-22    8.1025275454E-19    2.2164213144E-08   -1.2944722755E-19   -1.3569079623E-20    1.9447572430E-14
    -3.4531905853E-15    2.2788215860E-19   -1.2944722755E-19    1.0729906761E-08   -1.3012717709E-20   -4.5632673226E-21
     5.5700133909E-21    1.6982087742E-16   -1.3569079623E-20   -1.3012717709E-20    6.8470230406E-10   -1.2414043809E-19
     4.1110321340E-22   -1.1942043115E-21    1.9447572430E-14   -4.5632673226E-21   -1.2414043809E-19    5.8710097264E-10

 The Generalized Shear Center of the Cross Section in the User Coordinate System
 ========================================================

  Xs2 =    1.2064152134E-11
  Xs3 =    2.1238037167E-11
