
 The 6X6 Mass Matrix
 ========================================================

     3.4338656000E+02    0.0000000000E+00    0.0000000000E+00    0.0000000000E+00   -2.5257573810E-15   -8.3322096000E+01
     0.0000000000E+00    3.4338656000E+02    0.0000000000E+00    2.5257573810E-15    0.0000000000E+00    0.0000000000E+00
     0.0000000000E+00    0.0000000000E+00    3.4338656000E+02    8.3322096000E+01    0.0000000000E+00    0.0000000000E+00
     0.0000000000E+00    2.5257573810E-15    8.3322096000E+01    1.6584127684E+02    0.0000000000E+00    0.0000000000E+00
    -2.5257573810E-15    0.0000000000E+00    0.0000000000E+00    0.0000000000E+00    3.6237851257E+01    1.1934897515E-15
    -8.3322096000E+01    0.0000000000E+00    0.0000000000E+00    0.0000000000E+00    1.1934897515E-15    1.2960342559E+02

 The Mass Center of the Cross Section
 ========================================================

  Xm2 =    2.4264809898E-01
  Xm3 =   -7.3554345896E-18

 The 6X6 Mass Matrix at the Mass Center
 ========================================================

   3.433865600000E+02  0.000000000000E+00  0.000000000000E+00  0.000000000000E+00  0.000000000000E+00  0.000000000000E+00
   0.000000000000E+00  3.433865600000E+02  0.000000000000E+00  0.000000000000E+00  0.000000000000E+00  0.000000000000E+00
   0.000000000000E+00  0.000000000000E+00  3.433865600000E+02  0.000000000000E+00  0.000000000000E+00  0.000000000000E+00
   0.000000000000E+00  0.000000000000E+00  0.000000000000E+00  1.456233286461E+02  0.000000000000E+00  0.000000000000E+00
   0.000000000000E+00  0.000000000000E+00  0.000000000000E+00  0.000000000000E+00  3.623785125675E+01  5.806195244770E-16
   0.000000000000E+00  0.000000000000E+00  0.000000000000E+00  0.000000000000E+00  5.806195244770E-16  1.093854773894E+02

 The Mass Properties with respect to Principal Inertial Axes
 ========================================================

 Mass Per Unit Span                     =    3.4338656000E+02
 Mass Moments of Intertia about x1 axis =    1.4562332865E+02
 Mass Moments of Intertia about x2 axis =    3.6237851257E+01
 Mass Moments of Intertia about x3 axis =    1.0938547739E+02
 The user coordinate axes are the principal inertial axes.
 The mass-weighted radius of gyration   =    6.5121415271E-01

 The Geometric Center of the Cross Section
 ========================================================

  Xg2 =    2.0212615843E-15
  Xg3 =   -2.5583435522E-17

 Classical Stiffness Matrix (1-extension; 2-twist; 3,4-bending)
 ========================================================

     6.2964157436E+09    1.7342826416E+03   -1.3994852303E-02   -1.3936508418E+09
     1.7342826416E+03    9.7265018986E+07   -9.3413799375E-05    1.1066202254E+03
    -1.3994852303E-02   -9.3413799375E-05    7.2661691492E+08   -3.7301862758E-02
    -1.3936508418E+09    1.1066202254E+03   -3.7301862758E-02    2.0791336457E+09

 Classical Flexibility Matrix (1-extension; 2-twist; 3,4-bending)
 ========================================================

     1.8648900172E-10   -4.7474095123E-15    1.0009094255E-20    1.2500425588E-10
    -4.7474095123E-15    1.0281188555E-08    1.3212128726E-21   -8.6543751036E-15
     1.0009094255E-20    1.3212128726E-21    1.3762410143E-09    3.1400355021E-20
     1.2500425588E-10   -8.6543751036E-15    3.1400355021E-20    5.6476036973E-10

 The Neutral Axes (or Tension Center) of the Cross Section
 ========================================================

  Xt2 =    2.2134034641E-01
  Xt3 =   -2.2226694055E-12

 Classical Stiffness Matrix (correct up to the 2nd order) (1-extension; 2-twist; 3,4-bending)
 ========================================================

     6.2964157436E+09    1.7342826416E+03   -1.3994852303E-02   -1.3936508418E+09
     1.7342826416E+03    9.7265018986E+07   -9.3413799375E-05    1.1066202254E+03
    -1.3994852303E-02   -9.3413799375E-05    7.2661691492E+08   -3.7301862758E-02
    -1.3936508418E+09    1.1066202254E+03   -3.7301862758E-02    2.0791336457E+09

 Classical Flexibility Matrix (correct up to the 2nd order) (1-extension; 2-twist; 3,4-bending)
 ========================================================

     1.8648900172E-10   -4.7474095123E-15    1.0009094255E-20    1.2500425588E-10
    -4.7474095123E-15    1.0281188555E-08    1.3212128726E-21   -8.6543751036E-15
     1.0009094255E-20    1.3212128726E-21    1.3762410143E-09    3.1400355021E-20
     1.2500425588E-10   -8.6543751036E-15    3.1400355021E-20    5.6476036973E-10

 The Neutral Axes (or Tension Center) of the Cross Section, Corrected by Initial Curvature/Twist
 ========================================================

  Xt2 =    2.2134034641E-01
  Xt3 =   -2.2226694055E-12

 Timoshenko Stiffness Matrix (1-extension; 2,3-shear, 4-twist; 5,6-bending)
 ========================================================

     6.2964157436E+09    2.5445235579E-04   -1.0051260679E+03    1.0904555514E+03   -1.3994852562E-02   -1.3936508418E+09
     2.5445235579E-04    2.5511398034E+08   -5.4874197038E-04    2.6351057611E-03   -5.2423934346E+01    3.3701273448E-04
    -1.0051260679E+03   -5.4874197038E-04    1.0559395978E+08    6.7637537254E+07    2.1714041632E-05   -1.1553459664E+03
     1.0904555514E+03    2.6351057611E-03    6.7637537254E+07    1.4058981195E+08   -7.9505622265E-05    3.6657073769E+02
    -1.3994852562E-02   -5.2423934346E+01    2.1714041632E-05   -7.9505622265E-05    7.2661691492E+08   -3.7301863065E-02
    -1.3936508418E+09    3.3701273448E-04   -1.1553459664E+03    3.6657073769E+02   -3.7301863065E-02    2.0791336457E+09

 Timoshenko Flexibility Matrix (1-extension; 2,3-shear, 4-twist; 5,6-bending)
 ========================================================

     1.8648900172E-10   -3.5107509138E-22    6.1837931729E-15   -4.7474095123E-15    1.0009094255E-20    1.2500425588E-10
    -3.5107509138E-22    3.9198165411E-09    9.7466658605E-20   -1.2036103430E-19    2.8280680064E-16   -8.7062075774E-22
     6.1837931729E-15    9.7466658605E-20    1.3688570527E-08   -6.5855497359E-09   -1.1288604571E-21    1.2912663496E-14
    -4.7474095123E-15   -1.2036103430E-19   -6.5855497359E-09    1.0281188555E-08    1.3212128726E-21   -8.6543751036E-15
     1.0009094255E-20    2.8280680064E-16   -1.1288604571E-21    1.3212128726E-21    1.3762410143E-09    3.1400355021E-20
     1.2500425588E-10   -8.7062075774E-22    1.2912663496E-14   -8.6543751036E-15    3.1400355021E-20    5.6476036973E-10

 The Generalized Shear Center of the Cross Section in the User Coordinate System
 ========================================================

  Xs2 =    6.4054362009E-01
  Xs3 =   -1.1706918286E-11
