
 The 6X6 Mass Matrix
 ========================================================

     1.2067740000E+03    0.0000000000E+00    0.0000000000E+00    0.0000000000E+00   -9.2889237968E-14   -4.6319130000E+02
     0.0000000000E+00    1.2067740000E+03    0.0000000000E+00    9.2889237968E-14    0.0000000000E+00    0.0000000000E+00
     0.0000000000E+00    0.0000000000E+00    1.2067740000E+03    4.6319130000E+02    0.0000000000E+00    0.0000000000E+00
     0.0000000000E+00    9.2889237968E-14    4.6319130000E+02    3.7938526966E+03    0.0000000000E+00    0.0000000000E+00
    -9.2889237968E-14    0.0000000000E+00    0.0000000000E+00    0.0000000000E+00    3.2008112819E+03   -2.9403562918E-16
    -4.6319130000E+02    0.0000000000E+00    0.0000000000E+00    0.0000000000E+00   -2.9403562918E-16    5.9304141467E+02

 The Mass Center of the Cross Section
 ========================================================

  Xm2 =    3.8382605194E-01
  Xm3 =   -7.6973184679E-17

 The 6X6 Mass Matrix at the Mass Center
 ========================================================

   1.206774000000E+03  0.000000000000E+00  0.000000000000E+00  0.000000000000E+00  0.000000000000E+00  0.000000000000E+00
   0.000000000000E+00  1.206774000000E+03  0.000000000000E+00  0.000000000000E+00  0.000000000000E+00  0.000000000000E+00
   0.000000000000E+00  0.000000000000E+00  1.206774000000E+03  0.000000000000E+00  0.000000000000E+00  0.000000000000E+00
   0.000000000000E+00  0.000000000000E+00  0.000000000000E+00  3.616067808630E+03  0.000000000000E+00  0.000000000000E+00
   0.000000000000E+00  0.000000000000E+00  0.000000000000E+00  0.000000000000E+00  3.200811281932E+03 -3.594734510590E-14
   0.000000000000E+00  0.000000000000E+00  0.000000000000E+00  0.000000000000E+00 -3.594734510590E-14  4.152565266975E+02

 The Mass Properties with respect to Principal Inertial Axes
 ========================================================

 Mass Per Unit Span                     =    1.2067740000E+03
 Mass Moments of Intertia about x1 axis =    3.6160678086E+03
 Mass Moments of Intertia about x2 axis =    3.2008112819E+03
 Mass Moments of Intertia about x3 axis =    4.1525652670E+02
 The user coordinate axes are the principal inertial axes.
 The mass-weighted radius of gyration   =    1.7310328537E+00

 The Geometric Center of the Cross Section
 ========================================================

  Xg2 =   -4.9395428491E-15
  Xg3 =    2.4193223733E-17

 Classical Stiffness Matrix (1-extension; 2-twist; 3,4-bending)
 ========================================================

     1.8800135482E+10    1.6211791171E+05   -1.4856299461E+02   -7.7490519838E+09
     1.6211791171E+05    1.3489553836E+09   -7.5119709063E+00   -1.4888815850E+04
    -1.4856299461E+02   -7.5119709063E+00    5.4468942111E+10   -3.0328235054E+01
    -7.7490519838E+09   -1.4888815850E+04   -3.0328235054E+01    8.5712255306E+09

 Classical Flexibility Matrix (1-extension; 2-twist; 3,4-bending)
 ========================================================

     8.4786057140E-11   -9.3435734214E-15    2.7393143664E-19    7.6653164918E-11
    -9.3435734214E-15    7.4131436338E-10    1.0220735831E-19   -7.1595996273E-15
     2.7393143664E-19    1.0220735831E-19    1.8359086137E-11    3.1261680543E-19
     7.6653164918E-11   -7.1595996273E-15    3.1261680543E-19    1.8596983056E-10

 The Neutral Axes (or Tension Center) of the Cross Section
 ========================================================

  Xt2 =    4.1218064613E-01
  Xt3 =   -7.9021819878E-09

 Classical Stiffness Matrix (correct up to the 2nd order) (1-extension; 2-twist; 3,4-bending)
 ========================================================

     1.8800135482E+10    1.6211791171E+05   -1.4856299461E+02   -7.7490519838E+09
     1.6211791171E+05    1.3489553836E+09   -7.5119709063E+00   -1.4888815850E+04
    -1.4856299461E+02   -7.5119709063E+00    5.4468942111E+10   -3.0328235054E+01
    -7.7490519838E+09   -1.4888815850E+04   -3.0328235054E+01    8.5712255306E+09

 Classical Flexibility Matrix (correct up to the 2nd order) (1-extension; 2-twist; 3,4-bending)
 ========================================================

     8.4786057140E-11   -9.3435734214E-15    2.7393143664E-19    7.6653164918E-11
    -9.3435734214E-15    7.4131436338E-10    1.0220735831E-19   -7.1595996273E-15
     2.7393143664E-19    1.0220735831E-19    1.8359086137E-11    3.1261680543E-19
     7.6653164918E-11   -7.1595996273E-15    3.1261680543E-19    1.8596983056E-10

 The Neutral Axes (or Tension Center) of the Cross Section, Corrected by Initial Curvature/Twist
 ========================================================

  Xt2 =    4.1218064613E-01
  Xt3 =   -7.9021819878E-09

 Timoshenko Stiffness Matrix (1-extension; 2,3-shear, 4-twist; 5,6-bending)
 ========================================================

     1.8800135483E+10    1.6708738893E+00   -6.0817971778E+04    9.4839015112E+04   -1.4856275198E+02   -7.7490519839E+09
     1.6708738893E+00    5.1148184150E+08   -5.8303068693E-01    8.8497198756E+00    6.8941103490E+04   -1.8763584648E+00
    -6.0817971778E+04   -5.8303068693E-01    2.2739717062E+09    2.5155443828E+09   -6.5125913305E-01    1.4325838535E+03
     9.4839015112E+04    8.8497198756E+00    2.5155443828E+09    4.1317356287E+09   -8.2311360173E+00   -1.3304043156E+04
    -1.4856275198E+02    6.8941103490E+04   -6.5125913305E-01   -8.2311360173E+00    5.4468942120E+10   -3.0328488373E+01
    -7.7490519839E+09   -1.8763584648E+00    1.4325838535E+03   -1.3304043156E+04   -3.0328488373E+01    8.5712255306E+09

 Timoshenko Flexibility Matrix (1-extension; 2,3-shear, 4-twist; 5,6-bending)
 ========================================================

     8.4786057140E-11    4.3659984240E-21    1.2555511356E-14   -9.3435734214E-15    2.7393143664E-19    7.6653164918E-11
     4.3659984240E-21    1.9551036206E-09    1.5724270020E-17   -1.3761101542E-17   -2.4745661618E-15    4.3191337214E-19
     1.2555511356E-14    1.5724270020E-17    1.3469450648E-09   -8.2006701235E-10   -1.0780074947E-19    9.8531407444E-15
    -9.3435734214E-15   -1.3761101542E-17   -8.2006701235E-10    7.4131436338E-10    1.0220735831E-19   -7.1595996273E-15
     2.7393143664E-19   -2.4745661618E-15   -1.0780074947E-19    1.0220735831E-19    1.8359086137E-11    3.1261680543E-19
     7.6653164918E-11    4.3191337214E-19    9.8531407444E-15   -7.1595996273E-15    3.1261680543E-19    1.8596983056E-10

 The Generalized Shear Center of the Cross Section in the User Coordinate System
 ========================================================

  Xs2 =    1.1062338097E+00
  Xs3 =   -1.8563111983E-08
