
 The 6X6 Mass Matrix
 ========================================================

     1.2062517600E+03    0.0000000000E+00    0.0000000000E+00    0.0000000000E+00   -1.8427533804E-13   -4.9626891600E+02
     0.0000000000E+00    1.2062517600E+03    0.0000000000E+00    1.8427533804E-13    0.0000000000E+00    0.0000000000E+00
     0.0000000000E+00    0.0000000000E+00    1.2062517600E+03    4.9626891600E+02    0.0000000000E+00    0.0000000000E+00
     0.0000000000E+00    1.8427533804E-13    4.9626891600E+02    4.1047501959E+03    0.0000000000E+00    0.0000000000E+00
    -1.8427533804E-13    0.0000000000E+00    0.0000000000E+00    0.0000000000E+00    3.4831032941E+03    3.6704146666E-14
    -4.9626891600E+02    0.0000000000E+00    0.0000000000E+00    0.0000000000E+00    3.6704146666E-14    6.2164690175E+02

 The Mass Center of the Cross Section
 ========================================================

  Xm2 =    4.1141404511E-01
  Xm3 =   -1.5276689673E-16

 The 6X6 Mass Matrix at the Mass Center
 ========================================================

   1.206251760000E+03  0.000000000000E+00  0.000000000000E+00  0.000000000000E+00  0.000000000000E+00  0.000000000000E+00
   0.000000000000E+00  1.206251760000E+03  0.000000000000E+00  0.000000000000E+00  0.000000000000E+00  0.000000000000E+00
   0.000000000000E+00  0.000000000000E+00  1.206251760000E+03  0.000000000000E+00  0.000000000000E+00  0.000000000000E+00
   0.000000000000E+00  0.000000000000E+00  0.000000000000E+00  3.900578193681E+03  0.000000000000E+00  0.000000000000E+00
   0.000000000000E+00  0.000000000000E+00  0.000000000000E+00  0.000000000000E+00  3.483103294119E+03 -3.910931557196E-14
   0.000000000000E+00  0.000000000000E+00  0.000000000000E+00  0.000000000000E+00 -3.910931557196E-14  4.174748995619E+02

 The Mass Properties with respect to Principal Inertial Axes
 ========================================================

 Mass Per Unit Span                     =    1.2062517600E+03
 Mass Moments of Intertia about x1 axis =    3.9005781937E+03
 Mass Moments of Intertia about x2 axis =    3.4831032941E+03
 Mass Moments of Intertia about x3 axis =    4.1747489956E+02
 The user coordinate axes are the principal inertial axes.
 The mass-weighted radius of gyration   =    1.7982311407E+00

 The Geometric Center of the Cross Section
 ========================================================

  Xg2 =   -2.3544040541E-15
  Xg3 =    1.0938183086E-16

 Classical Stiffness Matrix (1-extension; 2-twist; 3,4-bending)
 ========================================================

     1.7706347538E+10    8.2715022891E+04   -4.6827789093E+02   -8.3025834953E+09
     8.2715022891E+04    1.4727193484E+09   -1.4196762136E+01   -6.6793461209E+04
    -4.6827789093E+02   -1.4196762136E+01    5.3986549872E+10    2.3572942434E+02
    -8.3025834953E+09   -6.6793461209E+04    2.3572942434E+02    8.7561473032E+09

 Classical Flexibility Matrix (1-extension; 2-twist; 3,4-bending)
 ========================================================

     1.0168974303E-10   -1.3382674753E-15    4.6103101093E-19    9.6422268012E-11
    -1.3382674753E-15    6.7901599951E-10    1.7853113608E-19    3.9107098345E-15
     4.6103101093E-19    1.7853113608E-19    1.8523132194E-11   -6.1520995879E-20
     9.6422268012E-11    3.9107098345E-15   -6.1520995879E-20    2.0563312481E-10

 The Neutral Axes (or Tension Center) of the Cross Section
 ========================================================

  Xt2 =    4.6890435625E-01
  Xt3 =   -2.6446848663E-08

 Classical Stiffness Matrix (correct up to the 2nd order) (1-extension; 2-twist; 3,4-bending)
 ========================================================

     1.7706347538E+10    8.2715022891E+04   -4.6827789093E+02   -8.3025834953E+09
     8.2715022891E+04    1.4727193484E+09   -1.4196762136E+01   -6.6793461209E+04
    -4.6827789093E+02   -1.4196762136E+01    5.3986549872E+10    2.3572942434E+02
    -8.3025834953E+09   -6.6793461209E+04    2.3572942434E+02    8.7561473032E+09

 Classical Flexibility Matrix (correct up to the 2nd order) (1-extension; 2-twist; 3,4-bending)
 ========================================================

     1.0168974303E-10   -1.3382674753E-15    4.6103101093E-19    9.6422268012E-11
    -1.3382674753E-15    6.7901599951E-10    1.7853113608E-19    3.9107098345E-15
     4.6103101093E-19    1.7853113608E-19    1.8523132194E-11   -6.1520995879E-20
     9.6422268012E-11    3.9107098345E-15   -6.1520995879E-20    2.0563312481E-10

 The Neutral Axes (or Tension Center) of the Cross Section, Corrected by Initial Curvature/Twist
 ========================================================

  Xt2 =    4.6890435625E-01
  Xt3 =   -2.6446848663E-08

 Timoshenko Stiffness Matrix (1-extension; 2,3-shear, 4-twist; 5,6-bending)
 ========================================================

     1.7706347674E+10    1.4749472007E+01   -5.9127184838E+05   -5.4892249306E+05   -4.6823379342E+02   -8.3025835284E+09
     1.4749472007E+01    4.8402683613E+08   -4.9761711814E+00    4.1979293185E+00    1.3603716541E+06   -8.0381116115E+00
    -5.9127184838E+05   -4.9761711814E+00    2.5729474126E+09    2.7486005241E+09   -1.1518100896E+01    1.4383303874E+05
    -5.4892249306E+05    4.1979293185E+00    2.7486005241E+09    4.4089646849E+09   -2.6474455920E+01    8.6858946822E+04
    -4.6823379342E+02    1.3603716541E+06   -1.1518100896E+01   -2.6474455920E+01    5.3986553695E+10    2.3570618988E+02
    -8.3025835284E+09   -8.0381116115E+00    1.4383303874E+05    8.6858946822E+04    2.3570618988E+02    8.7561473113E+09

 Timoshenko Flexibility Matrix (1-extension; 2,3-shear, 4-twist; 5,6-bending)
 ========================================================

     1.0168974303E-10   -1.4985574966E-18    1.9408067554E-14   -1.3382674753E-15    4.6103101093E-19    9.6422268012E-11
    -1.4985574966E-18    2.0660012962E-09    1.8253131181E-17   -1.3346837595E-17   -5.2059807643E-14    4.7688267226E-19
     1.9408067554E-14    1.8253131181E-17    1.1635517925E-09   -7.2537189231E-10   -1.0778964327E-19    6.4851524920E-15
    -1.3382674753E-15   -1.3346837595E-17   -7.2537189231E-10    6.7901599951E-10    1.7853113608E-19    3.9107098345E-15
     4.6103101093E-19   -5.2059807643E-14   -1.0778964327E-19    1.7853113608E-19    1.8523132194E-11   -6.1520995879E-20
     9.6422268012E-11    4.7688267226E-19    6.4851524920E-15    3.9107098345E-15   -6.1520995879E-20    2.0563312481E-10

 The Generalized Shear Center of the Cross Section in the User Coordinate System
 ========================================================

  Xs2 =    1.0682692202E+00
  Xs3 =   -1.9656145960E-08
