
 The 6X6 Mass Matrix
 ========================================================

     3.3004480000E+02    0.0000000000E+00    0.0000000000E+00    0.0000000000E+00    3.6621266176E-02    1.9817480990E-14
     0.0000000000E+00    3.3004480000E+02    0.0000000000E+00   -3.6621266176E-02    0.0000000000E+00    0.0000000000E+00
     0.0000000000E+00    0.0000000000E+00    3.3004480000E+02   -1.9817480990E-14    0.0000000000E+00    0.0000000000E+00
     0.0000000000E+00   -3.6621266176E-02   -1.9817480990E-14    1.0845201357E+02    0.0000000000E+00    0.0000000000E+00
     3.6621266176E-02    0.0000000000E+00    0.0000000000E+00    0.0000000000E+00    3.0517721813E+01    4.9960036108E-16
     1.9817480990E-14    0.0000000000E+00    0.0000000000E+00    0.0000000000E+00    4.9960036108E-16    7.7934291759E+01

 The Mass Center of the Cross Section
 ========================================================

  Xm2 =   -6.0044821156E-17
  Xm3 =    1.1095847041E-04

 The 6X6 Mass Matrix at the Mass Center
 ========================================================

   3.300448000000E+02  0.000000000000E+00  0.000000000000E+00  0.000000000000E+00  0.000000000000E+00  0.000000000000E+00
   0.000000000000E+00  3.300448000000E+02  0.000000000000E+00  0.000000000000E+00  0.000000000000E+00  0.000000000000E+00
   0.000000000000E+00  0.000000000000E+00  3.300448000000E+02  0.000000000000E+00  0.000000000000E+00  0.000000000000E+00
   0.000000000000E+00  0.000000000000E+00  0.000000000000E+00  1.084520095088E+02  0.000000000000E+00  0.000000000000E+00
   0.000000000000E+00  0.000000000000E+00  0.000000000000E+00  0.000000000000E+00  3.051771774989E+01  4.974014437033E-16
   0.000000000000E+00  0.000000000000E+00  0.000000000000E+00  0.000000000000E+00  4.974014437033E-16  7.793429175893E+01

 The Mass Properties with respect to Principal Inertial Axes
 ========================================================

 Mass Per Unit Span                     =    3.3004480000E+02
 Mass Moments of Intertia about x1 axis =    1.0845200951E+02
 Mass Moments of Intertia about x2 axis =    3.0517717750E+01
 Mass Moments of Intertia about x3 axis =    7.7934291759E+01
 The user coordinate axes are the principal inertial axes.
 The mass-weighted radius of gyration   =    5.7323454485E-01

 The Geometric Center of the Cross Section
 ========================================================

  Xg2 =    1.8988397805E-15
  Xg3 =   -3.8906536324E-17

 Classical Stiffness Matrix (1-extension; 2-twist; 3,4-bending)
 ========================================================

     6.6307499670E+09    2.0922863243E+03   -6.9179222379E+05    1.0162735251E+00
     2.0922863243E+03    6.1986841975E+07    1.4348718139E+00   -1.8160285886E-03
    -6.9179222379E+05    1.4348718139E+00    6.4303139753E+08   -5.3378886441E-01
     1.0162735251E+00   -1.8160285886E-03   -5.3378886441E-01    1.3474903907E+09

 Classical Flexibility Matrix (1-extension; 2-twist; 3,4-bending)
 ========================================================

     1.5081252004E-10   -5.0904868832E-15    1.6224857607E-13   -1.1367811984E-19
    -5.0904868832E-15    1.6132455988E-08   -4.1474748714E-17    2.1745722766E-20
     1.6224857607E-13   -4.1474748714E-17    1.5551341911E-09    6.1592159065E-19
    -1.1367811984E-19    2.1745722766E-20    6.1592159065E-19    7.4212032002E-10

 The Neutral Axes (or Tension Center) of the Cross Section
 ========================================================

  Xt2 =   -1.5326676340E-10
  Xt3 =   -1.0433091691E-04

 Classical Stiffness Matrix (correct up to the 2nd order) (1-extension; 2-twist; 3,4-bending)
 ========================================================

     6.6301627090E+09    2.0922499669E+03   -1.0625486522E+06   -1.4988777216E+00
     2.0922499669E+03    6.1986826611E+07    1.2807102973E+02    1.1504875052E-03
    -1.0625486522E+06    1.2807102973E+02    6.4266400117E+08    9.3237348483E-01
    -1.4988777216E+00    1.1504875052E-03    9.3237348483E-01    1.3463831062E+09

 Classical Flexibility Matrix (correct up to the 2nd order) (1-extension; 2-twist; 3,4-bending)
 ========================================================

     1.5082590109E-10   -5.0913628048E-15    2.4936803413E-13    1.6773612478E-19
    -5.0913628048E-15    1.6132459987E-08   -3.2233182185E-15   -1.3788660562E-20
     2.4936803413E-13   -3.2233182185E-15    1.5560234635E-09   -1.0772723132E-18
     1.6773612478E-19   -1.3788660562E-20   -1.0772723132E-18    7.4273065029E-10

 The Neutral Axes (or Tension Center) of the Cross Section, Corrected by Initial Curvature/Twist
 ========================================================

  Xt2 =    2.2606952895E-10
  Xt3 =   -1.6025981612E-04

 Timoshenko Stiffness Matrix (1-extension; 2,3-shear, 4-twist; 5,6-bending)
 ========================================================

     6.5937018941E+09   -6.1739436618E+02    1.7845734238E-03    2.0464967315E+03   -1.8146908657E+06   -1.2255523742E+00
    -6.1739436618E+02    3.4832425523E+08   -4.1031834216E-01   -5.6053316131E+05   -2.7818495602E+01    3.5758871110E-04
     1.7845734238E-03   -4.1031834216E-01    3.2990227846E+07    7.2638243303E-03   -1.0432990185E-03   -1.2599019684E+03
     2.0464967315E+03   -5.6053316131E+05    7.2638243303E-03    6.1986906109E+07    1.2789604350E+02    7.1454273080E-04
    -1.8146908657E+06   -2.7818495602E+01   -1.0432990185E-03    1.2789604350E+02    6.4266441647E+08    9.3235936739E-01
    -1.2255523742E+00    3.5758871110E-04   -1.2599019684E+03    7.1454273080E-04    9.3235936739E-01    1.3463219647E+09

 Timoshenko Flexibility Matrix (1-extension; 2,3-shear, 4-twist; 5,6-bending)
 ========================================================

     1.5165999209E-10    2.6079190344E-16   -8.1807460617E-21   -5.0055775577E-15    4.2824216799E-13    1.3775900997E-19
     2.6079190344E-16    2.8709299943E-09    3.5701683016E-17    2.5961151574E-11    1.1984152158E-16   -7.4274507526E-22
    -8.1807460617E-21    3.5701683016E-17    3.0312006474E-08   -3.2292162209E-18    4.9146333399E-20    2.8366288022E-14
    -5.0055775577E-15    2.5961151574E-11   -3.2292162209E-18    1.6132674058E-08   -3.2235588368E-15   -8.5744467309E-21
     4.2824216799E-13    1.1984152158E-16    4.9146333399E-20   -3.2235588368E-15    1.5560232549E-09   -1.0771925277E-18
     1.3775900997E-19   -7.4274507526E-22    2.8366288022E-14   -8.5744467309E-21   -1.0771925277E-18    7.4276438048E-10

 The Generalized Shear Center of the Cross Section in the User Coordinate System
 ========================================================

  Xs2 =    2.0016620985E-10
  Xs3 =    1.6092280474E-03
