
 The 6X6 Mass Matrix
 ========================================================

     3.9813436000E+02    0.0000000000E+00    0.0000000000E+00    0.0000000000E+00    1.3952098889E-01   -6.6613381478E-16
     0.0000000000E+00    3.9813436000E+02    0.0000000000E+00   -1.3952098889E-01    0.0000000000E+00    0.0000000000E+00
     0.0000000000E+00    0.0000000000E+00    3.9813436000E+02    6.6613381478E-16    0.0000000000E+00    0.0000000000E+00
     0.0000000000E+00   -1.3952098889E-01    6.6613381478E-16    1.8636382687E+02    0.0000000000E+00    0.0000000000E+00
     1.3952098889E-01    0.0000000000E+00    0.0000000000E+00    0.0000000000E+00    8.7200618058E+01   -2.1371793224E-15
    -6.6613381478E-16    0.0000000000E+00    0.0000000000E+00    0.0000000000E+00   -2.1371793224E-15    9.9163208811E+01

 The Mass Center of the Cross Section
 ========================================================

  Xm2 =    1.6731382209E-18
  Xm3 =    3.5043694519E-04

 The 6X6 Mass Matrix at the Mass Center
 ========================================================

   3.981343600000E+02  0.000000000000E+00  0.000000000000E+00  0.000000000000E+00  0.000000000000E+00  0.000000000000E+00
   0.000000000000E+00  3.981343600000E+02  0.000000000000E+00  0.000000000000E+00  0.000000000000E+00  0.000000000000E+00
   0.000000000000E+00  0.000000000000E+00  3.981343600000E+02  0.000000000000E+00  0.000000000000E+00  0.000000000000E+00
   0.000000000000E+00  0.000000000000E+00  0.000000000000E+00  1.863637779759E+02  0.000000000000E+00  0.000000000000E+00
   0.000000000000E+00  0.000000000000E+00  0.000000000000E+00  0.000000000000E+00  8.720056916462E+01 -2.136945884504E-15
   0.000000000000E+00  0.000000000000E+00  0.000000000000E+00  0.000000000000E+00 -2.136945884504E-15  9.916320881125E+01

 The Mass Properties with respect to Principal Inertial Axes
 ========================================================

 Mass Per Unit Span                     =    3.9813436000E+02
 Mass Moments of Intertia about x1 axis =    1.8636377798E+02
 Mass Moments of Intertia about x2 axis =    8.7200569165E+01
 Mass Moments of Intertia about x3 axis =    9.9163208811E+01
 The user coordinate axes are the principal inertial axes.
 The mass-weighted radius of gyration   =    6.8417298689E-01

 The Geometric Center of the Cross Section
 ========================================================

  Xg2 =   -3.8973923167E-15
  Xg3 =   -4.7095071714E-17

 Classical Stiffness Matrix (1-extension; 2-twist; 3,4-bending)
 ========================================================

     7.8207567965E+09    3.9941847046E+03   -2.4775230000E+06    3.5681368531E-01
     3.9941847046E+03    1.2039774784E+08    7.1371965661E+00    9.2149809521E-04
    -2.4775230000E+06    7.1371965661E+00    1.8223414583E+09    2.5139434939E-01
     3.5681368531E-01    9.2149809521E-04    2.5139434939E-01    1.6255801722E+09

 Classical Flexibility Matrix (1-extension; 2-twist; 3,4-bending)
 ========================================================

     1.2786491854E-10   -4.2419177413E-15    1.7383585012E-13   -2.8093139316E-20
    -4.2419177413E-15    8.3058032061E-09   -3.8296664202E-17   -4.7074015558E-21
     1.7383585012E-13   -3.8296664202E-17    5.4874481736E-10   -8.4900994533E-20
    -2.8093139316E-20   -4.7074015558E-21   -8.4900994533E-20    6.1516498361E-10

 The Neutral Axes (or Tension Center) of the Cross Section
 ========================================================

  Xt2 =   -4.5623929248E-11
  Xt3 =   -3.1678814017E-04

 Classical Stiffness Matrix (correct up to the 2nd order) (1-extension; 2-twist; 3,4-bending)
 ========================================================

     7.8194547977E+09    3.9922434955E+03   -3.6526568001E+06   -2.4959190831E+00
     3.9922434955E+03    1.2039767152E+08    4.7721327422E+02   -3.0932488475E-03
    -3.6526568001E+06    4.7721327422E+02    1.8207850548E+09    1.1046403388E+00
    -2.4959190831E+00   -3.0932488475E-03    1.1046403388E+00    1.6228738174E+09

 Classical Flexibility Matrix (correct up to the 2nd order) (1-extension; 2-twist; 3,4-bending)
 ========================================================

     1.2788627379E-10   -4.2415735113E-15    2.5655124330E-13    1.9650965948E-19
    -4.2415735113E-15    8.3058084713E-09   -2.1853952818E-15    1.5826097912E-20
     2.5655124330E-13   -2.1853952818E-15    5.4921416146E-10   -3.7343864107E-19
     1.9650965948E-19    1.5826097912E-20   -3.7343864107E-19    6.1619085185E-10

 The Neutral Axes (or Tension Center) of the Cross Section, Corrected by Initial Curvature/Twist
 ========================================================

  Xt2 =    3.1919347898E-10
  Xt3 =   -4.6712423187E-04

 Timoshenko Stiffness Matrix (1-extension; 2,3-shear, 4-twist; 5,6-bending)
 ========================================================

     7.7362650776E+09   -9.8222132342E+02    4.8941103940E-04    3.8368975876E+03   -4.8164640847E+06   -2.5431352607E+00
    -9.8222132342E+02    4.0635929305E+08   -2.5863599641E-01   -6.2001679563E+05    7.1486572924E+01    4.2014659373E-03
     4.8941103940E-04   -2.5863599641E-01    5.7780320016E+07    2.9681826331E-02   -5.4907211931E-04   -2.2852243158E+03
     3.8368975876E+03   -6.2001679563E+05    2.9681826331E-02    1.2039763472E+08    4.7655855994E+02   -3.1375467078E-03
    -4.8164640847E+06    7.1486572924E+01   -5.4907211931E-04    4.7655855994E+02    1.8207865302E+09    1.1050144226E+00
    -2.5431352607E+00    4.2014659373E-03   -2.2852243158E+03   -3.1375467078E-03    1.1050144226E+00    1.6228012717E+09

 Timoshenko Flexibility Matrix (1-extension; 2,3-shear, 4-twist; 5,6-bending)
 ========================================================

     1.2926155411E-10    3.0609627525E-16   -1.0801337040E-21   -4.1191549290E-15    3.4193115146E-13    2.0233639589E-19
     3.0609627525E-16    2.4608957505E-09    1.1008939592E-17    1.2672979000E-11   -9.9125358983E-17   -6.3307577527E-21
    -1.0801337040E-21    1.1008939592E-17    1.7306930799E-08   -4.2100121808E-18    5.2020590976E-21    2.4371572652E-14
    -4.1191549290E-15    1.2672979000E-11   -4.2100121808E-18    8.3058762723E-09   -2.1853095237E-15    1.6014991192E-20
     3.4193115146E-13   -9.9125358983E-17    5.2020590976E-21   -2.1853095237E-15    5.4921410628E-10   -3.7344062795E-19
     2.0233639589E-19   -6.3307577527E-21    2.4371572652E-14    1.6014991192E-20   -3.7344062795E-19    6.1621839808E-10

 The Generalized Shear Center of the Cross Section in the User Coordinate System
 ========================================================

  Xs2 =    5.0687152599E-10
  Xs3 =    1.5257847077E-03
