
 The 6X6 Mass Matrix
 ========================================================

     3.9813436000E+02    0.0000000000E+00    0.0000000000E+00    0.0000000000E+00    1.0464074167E-01   -4.5352610556E-14
     0.0000000000E+00    3.9813436000E+02    0.0000000000E+00   -1.0464074167E-01    0.0000000000E+00    0.0000000000E+00
     0.0000000000E+00    0.0000000000E+00    3.9813436000E+02    4.5352610556E-14    0.0000000000E+00    0.0000000000E+00
     0.0000000000E+00   -1.0464074167E-01    4.5352610556E-14    1.8636382687E+02    0.0000000000E+00    0.0000000000E+00
     1.0464074167E-01    0.0000000000E+00    0.0000000000E+00    0.0000000000E+00    8.7200618058E+01    2.4424906542E-15
    -4.5352610556E-14    0.0000000000E+00    0.0000000000E+00    0.0000000000E+00    2.4424906542E-15    9.9163208811E+01

 The Mass Center of the Cross Section
 ========================================================

  Xm2 =    1.1391282721E-16
  Xm3 =    2.6282770889E-04

 The 6X6 Mass Matrix at the Mass Center
 ========================================================

   3.981343600000E+02  0.000000000000E+00  0.000000000000E+00  0.000000000000E+00  0.000000000000E+00  0.000000000000E+00
   0.000000000000E+00  3.981343600000E+02  0.000000000000E+00  0.000000000000E+00  0.000000000000E+00  0.000000000000E+00
   0.000000000000E+00  0.000000000000E+00  3.981343600000E+02  0.000000000000E+00  0.000000000000E+00  0.000000000000E+00
   0.000000000000E+00  0.000000000000E+00  0.000000000000E+00  1.863637993667E+02  0.000000000000E+00  0.000000000000E+00
   0.000000000000E+00  0.000000000000E+00  0.000000000000E+00  0.000000000000E+00  8.720059055544E+01  2.454410576900E-15
   0.000000000000E+00  0.000000000000E+00  0.000000000000E+00  0.000000000000E+00  2.454410576900E-15  9.916320881125E+01

 The Mass Properties with respect to Principal Inertial Axes
 ========================================================

 Mass Per Unit Span                     =    3.9813436000E+02
 Mass Moments of Intertia about x1 axis =    1.8636379937E+02
 Mass Moments of Intertia about x2 axis =    8.7200590555E+01
 Mass Moments of Intertia about x3 axis =    9.9163208811E+01
 The user coordinate axes are the principal inertial axes.
 The mass-weighted radius of gyration   =    6.8417302615E-01

 The Geometric Center of the Cross Section
 ========================================================

  Xg2 =   -3.8973923167E-15
  Xg3 =   -4.7095071714E-17

 Classical Stiffness Matrix (1-extension; 2-twist; 3,4-bending)
 ========================================================

     7.8207550622E+09    3.9941895115E+03   -1.8581257621E+06    3.5681410254E-01
     3.9941895115E+03    1.2039768655E+08    5.4204424260E+00    9.2149897128E-04
    -1.8581257621E+06    5.4204424260E+00    1.8223410062E+09    2.5139428419E-01
     3.5681410254E-01    9.2149897128E-04    2.5139428419E-01    1.6255800368E+09

 Classical Flexibility Matrix (1-extension; 2-twist; 3,4-bending)
 ========================================================

     1.2786492280E-10   -4.2419207119E-15    1.3037576740E-13   -2.8086454347E-20
    -4.2419207119E-15    8.3058074343E-09   -2.9030336790E-17   -4.7074102524E-21
     1.3037576740E-13   -2.9030336790E-17    5.4874485009E-10   -8.4891445242E-20
    -2.8086454347E-20   -4.7074102524E-21   -8.4891445242E-20    6.1516503486E-10

 The Neutral Axes (or Tension Center) of the Cross Section
 ========================================================

  Xt2 =   -4.5623992715E-11
  Xt3 =   -2.3758904959E-04

 Classical Stiffness Matrix (correct up to the 2nd order) (1-extension; 2-twist; 3,4-bending)
 ========================================================

     7.8200226562E+09    3.9929953606E+03   -2.7394757832E+06   -1.6321359482E+00
     3.9929953606E+03    1.2039764362E+08    3.5797743016E+02   -2.0903864494E-03
    -2.7394757832E+06    3.5797743016E+02    1.8214655287E+09    4.7270190133E-01
    -1.6321359482E+00   -2.0903864494E-03    4.7270190133E-01    1.6240577625E+09

 Classical Flexibility Matrix (correct up to the 2nd order) (1-extension; 2-twist; 3,4-bending)
 ========================================================

     1.2787693474E-10   -4.2416183597E-15    1.9232632293E-13    1.2845701986E-19
    -4.2416183597E-15    8.3058103960E-09   -1.6387422242E-15    1.0686938385E-20
     1.9232632293E-13   -1.6387422242E-15    5.4900875757E-10   -1.5960244165E-19
     1.2845701986E-19    1.0686938385E-20   -1.5960244165E-19    6.1574164607E-10

 The Neutral Axes (or Tension Center) of the Cross Section, Corrected by Initial Curvature/Twist
 ========================================================

  Xt2 =    2.0871242330E-10
  Xt3 =   -3.5031558290E-04

 Timoshenko Stiffness Matrix (1-extension; 2,3-shear, 4-twist; 5,6-bending)
 ========================================================

     7.7732742824E+09   -7.3714108513E+02    4.5750073702E-04    3.9055837060E+03   -3.6247992027E+06   -1.6778886490E+00
    -7.3714108513E+02    4.0694546586E+08   -8.0473632897E-02   -4.6591049032E+05    3.5445376180E+01    3.3259344873E-03
     4.5750073702E-04   -8.0473632897E-02    5.7823565606E+07    2.9383339773E-02   -4.1431618319E-04   -2.2812388996E+03
     3.9055837060E+03   -4.6591049032E+05    2.9383339773E-02    1.2039762485E+08    3.5750701047E+02   -2.1228788238E-03
    -3.6247992027E+06    3.5445376180E+01   -4.1431618319E-04    3.5750701047E+02    1.8214663626E+09    4.7290410296E-01
    -1.6778886490E+00    3.3259344873E-03   -2.2812388996E+03   -2.1228788238E-03    4.7290410296E-01    1.6240168960E+09

 Timoshenko Flexibility Matrix (1-extension; 2,3-shear, 4-twist; 5,6-bending)
 ========================================================

     1.2864603662E-10    2.2822946402E-16   -1.0083357012E-21   -4.1730312908E-15    2.5601134450E-13    1.3283891589E-19
     2.2822946402E-16    2.4573426034E-09    3.4150757883E-18    9.5093378944E-12   -4.9231654123E-17   -5.0150811426E-21
    -1.0083357012E-21    3.4150757883E-18    1.7293987141E-08   -4.2074245827E-18    3.9261876616E-21    2.4292675952E-14
    -4.1730312908E-15    9.5093378944E-12   -4.2074245827E-18    8.3058484900E-09   -1.6387140530E-15    1.0828001490E-20
     2.5601134450E-13   -4.9231654123E-17    3.9261876616E-21   -1.6387140530E-15    5.4900872643E-10   -1.5960358279E-19
     1.3283891589E-19   -5.0150811426E-21    2.4292675952E-14    1.0828001490E-20   -1.5960358279E-19    6.1575714053E-10

 The Generalized Shear Center of the Cross Section in the User Coordinate System
 ========================================================

  Xs2 =    5.0656168214E-10
  Xs3 =    1.1448966238E-03
