
 The 6X6 Mass Matrix
 ========================================================

     3.9813436000E+02    0.0000000000E+00    0.0000000000E+00    0.0000000000E+00    1.6568117431E-01    5.7398530373E-14
     0.0000000000E+00    3.9813436000E+02    0.0000000000E+00   -1.6568117431E-01    0.0000000000E+00    0.0000000000E+00
     0.0000000000E+00    0.0000000000E+00    3.9813436000E+02   -5.7398530373E-14    0.0000000000E+00    0.0000000000E+00
     0.0000000000E+00   -1.6568117431E-01   -5.7398530373E-14    1.8636382687E+02    0.0000000000E+00    0.0000000000E+00
     1.6568117431E-01    0.0000000000E+00    0.0000000000E+00    0.0000000000E+00    8.7200618058E+01    1.1379786002E-15
     5.7398530373E-14    0.0000000000E+00    0.0000000000E+00    0.0000000000E+00    1.1379786002E-15    9.9163208811E+01

 The Mass Center of the Cross Section
 ========================================================

  Xm2 =   -1.4416874337E-16
  Xm3 =    4.1614387241E-04

 The 6X6 Mass Matrix at the Mass Center
 ========================================================

   3.981343600000E+02  0.000000000000E+00  0.000000000000E+00  0.000000000000E+00  0.000000000000E+00  0.000000000000E+00
   0.000000000000E+00  3.981343600000E+02  0.000000000000E+00  0.000000000000E+00  0.000000000000E+00  0.000000000000E+00
   0.000000000000E+00  0.000000000000E+00  3.981343600000E+02  0.000000000000E+00  0.000000000000E+00  0.000000000000E+00
   0.000000000000E+00  0.000000000000E+00  0.000000000000E+00  1.863637579220E+02  0.000000000000E+00  0.000000000000E+00
   0.000000000000E+00  0.000000000000E+00  0.000000000000E+00  0.000000000000E+00  8.720054911072E+01  1.114092553541E-15
   0.000000000000E+00  0.000000000000E+00  0.000000000000E+00  0.000000000000E+00  1.114092553541E-15  9.916320881125E+01

 The Mass Properties with respect to Principal Inertial Axes
 ========================================================

 Mass Per Unit Span                     =    3.9813436000E+02
 Mass Moments of Intertia about x1 axis =    1.8636375792E+02
 Mass Moments of Intertia about x2 axis =    8.7200549111E+01
 Mass Moments of Intertia about x3 axis =    9.9163208811E+01
 The user coordinate axes are the principal inertial axes.
 The mass-weighted radius of gyration   =    6.8417295008E-01

 The Geometric Center of the Cross Section
 ========================================================

  Xg2 =   -3.8973923167E-15
  Xg3 =   -4.7095071714E-17

 Classical Stiffness Matrix (1-extension; 2-twist; 3,4-bending)
 ========================================================

     7.8207584224E+09    3.9941801981E+03   -2.9420713268E+06    3.5680692391E-01
     3.9941801981E+03    1.2039780530E+08    8.4247628564E+00    9.2149749608E-04
    -2.9420713268E+06    8.4247628564E+00    1.8223418821E+09    2.5139439130E-01
     3.5680692391E-01    9.2149749608E-04    2.5139439130E-01    1.6255802992E+09

 Classical Flexibility Matrix (1-extension; 2-twist; 3,4-bending)
 ========================================================

     1.2786491454E-10   -4.2419149382E-15    2.0643091317E-13   -2.8097645205E-20
    -4.2419149382E-15    8.3057992421E-09   -4.5246397544E-17   -4.7073948233E-21
     2.0643091317E-13   -4.5246397544E-17    5.4874478668E-10   -8.4908151033E-20
    -2.8097645205E-20   -4.7073948233E-21   -8.4908151033E-20    6.1516493556E-10

 The Neutral Axes (or Tension Center) of the Cross Section
 ========================================================

  Xt2 =   -4.5623055217E-11
  Xt3 =   -3.7618747035E-04

 Classical Stiffness Matrix (correct up to the 2nd order) (1-extension; 2-twist; 3,4-bending)
 ========================================================

     7.8189224382E+09    3.9915641770E+03   -4.3375431052E+06   -3.2095664017E+00
     3.9915641770E+03    1.2039769767E+08    5.6664018880E+02   -3.8449589775E-03
    -4.3375431052E+06    5.6664018880E+02    1.8201471107E+09    1.7616779561E+00
    -3.2095664017E+00   -3.8449589775E-03    1.7616779561E+00    1.6217638563E+09

 Classical Flexibility Matrix (correct up to the 2nd order) (1-extension; 2-twist; 3,4-bending)
 ========================================================

     1.2789503029E-10   -4.2415588800E-15    3.0478317161E-13    2.5278072665E-19
    -4.2415588800E-15    8.3058066669E-09   -2.5958351248E-15    1.9686247937E-20
     3.0478317161E-13   -2.5958351248E-15    5.4940686723E-10   -5.9620255520E-19
     2.5278072665E-19    1.9686247937E-20   -5.9620255520E-19    6.1661258272E-10

 The Neutral Axes (or Tension Center) of the Cross Section, Corrected by Initial Curvature/Twist
 ========================================================

  Xt2 =    4.1048703318E-10
  Xt3 =   -5.5474947582E-04

 Timoshenko Stiffness Matrix (1-extension; 2,3-shear, 4-twist; 5,6-bending)
 ========================================================

     7.7015040444E+09   -1.1654148425E+03    5.0610403596E-04    3.7724499215E+03   -5.7010189877E+06   -3.2486520573E+00
    -1.1654148425E+03    4.0581012451E+08   -4.4366271582E-01   -7.3493883824E+05    1.0518610670E+02    4.8316340112E-03
     5.0610403596E-04   -4.4366271582E-01    5.7739791971E+07    3.0194596334E-02   -6.4756684785E-04   -2.2889060826E+03
     3.7724499215E+03   -7.3493883824E+05    3.0194596334E-02    1.2039764129E+08    5.6583239416E+02   -3.8984375445E-03
    -5.7010189877E+06    1.0518610670E+02   -6.4756684785E-04    5.6583239416E+02    1.8201491816E+09    1.7621997604E+00
    -3.2486520573E+00    4.8316340112E-03   -2.2889060826E+03   -3.8984375445E-03    1.7621997604E+00    1.6216616954E+09

 Timoshenko Flexibility Matrix (1-extension; 2,3-shear, 4-twist; 5,6-bending)
 ========================================================

     1.2984506829E-10    3.6541904960E-16   -1.1183348113E-21   -4.0681492938E-15    4.0669699470E-13    2.5967484334E-19
     3.6541904960E-16    2.4642338739E-09    1.8926886322E-17    1.5042331061E-11   -1.4593932582E-16   -7.2782556824E-21
    -1.1183348113E-21    1.8926886322E-17    1.7319078679E-08   -4.2279265961E-18    6.1347772414E-21    2.4445138370E-14
    -4.0681492938E-15    1.5042331061E-11   -4.2279265961E-18    8.3059023793E-09   -2.5956792538E-15    1.9911084726E-20
     4.0669699470E-13   -1.4593932582E-16    6.1347772414E-21   -2.5956792538E-15    5.4940678968E-10   -5.9620529621E-19
     2.5967484334E-19   -7.2782556824E-21    2.4445138370E-14    1.9911084726E-20   -5.9620529621E-19    6.1665142790E-10

 The Generalized Shear Center of the Cross Section in the User Coordinate System
 ========================================================

  Xs2 =    5.0902676230E-10
  Xs3 =    1.8110411577E-03
