
 The 6X6 Mass Matrix
 ========================================================

     3.3004480000E+02    0.0000000000E+00    0.0000000000E+00    0.0000000000E+00    5.7983671445E-02    2.5479618415E-14
     0.0000000000E+00    3.3004480000E+02    0.0000000000E+00   -5.7983671445E-02    0.0000000000E+00    0.0000000000E+00
     0.0000000000E+00    0.0000000000E+00    3.3004480000E+02   -2.5479618415E-14    0.0000000000E+00    0.0000000000E+00
     0.0000000000E+00   -5.7983671445E-02   -2.5479618415E-14    1.0845201357E+02    0.0000000000E+00    0.0000000000E+00
     5.7983671445E-02    0.0000000000E+00    0.0000000000E+00    0.0000000000E+00    3.0517721813E+01    3.0531133177E-16
     2.5479618415E-14    0.0000000000E+00    0.0000000000E+00    0.0000000000E+00    3.0531133177E-16    7.7934291759E+01

 The Mass Center of the Cross Section
 ========================================================

  Xm2 =   -7.7200484344E-17
  Xm3 =    1.7568424482E-04

 The 6X6 Mass Matrix at the Mass Center
 ========================================================

   3.300448000000E+02  0.000000000000E+00  0.000000000000E+00  0.000000000000E+00  0.000000000000E+00  0.000000000000E+00
   0.000000000000E+00  3.300448000000E+02  0.000000000000E+00  0.000000000000E+00  0.000000000000E+00  0.000000000000E+00
   0.000000000000E+00  0.000000000000E+00  3.300448000000E+02  0.000000000000E+00  0.000000000000E+00  0.000000000000E+00
   0.000000000000E+00  0.000000000000E+00  0.000000000000E+00  1.084520033854E+02  0.000000000000E+00  0.000000000000E+00
   0.000000000000E+00  0.000000000000E+00  0.000000000000E+00  0.000000000000E+00  3.051771162652E+01  3.008349642523E-16
   0.000000000000E+00  0.000000000000E+00  0.000000000000E+00  0.000000000000E+00  3.008349642523E-16  7.793429175893E+01

 The Mass Properties with respect to Principal Inertial Axes
 ========================================================

 Mass Per Unit Span                     =    3.3004480000E+02
 Mass Moments of Intertia about x1 axis =    1.0845200339E+02
 Mass Moments of Intertia about x2 axis =    3.0517711627E+01
 Mass Moments of Intertia about x3 axis =    7.7934291759E+01
 The user coordinate axes are the principal inertial axes.
 The mass-weighted radius of gyration   =    5.7323452867E-01

 The Geometric Center of the Cross Section
 ========================================================

  Xg2 =    1.8988397805E-15
  Xg3 =   -3.8906536324E-17

 Classical Stiffness Matrix (1-extension; 2-twist; 3,4-bending)
 ========================================================

     6.6307512179E+09    2.0922837096E+03   -1.0953384190E+06    1.0162731144E+00
     2.0922837096E+03    6.1986869965E+07    2.2783098698E+00   -1.8160276859E-03
    -1.0953384190E+06    2.2783098698E+00    6.4303152976E+08   -5.3378885544E-01
     1.0162731144E+00   -1.8160276859E-03   -5.3378885544E-01    1.3474905221E+09

 Classical Flexibility Matrix (1-extension; 2-twist; 3,4-bending)
 ========================================================

     1.5081251709E-10   -5.0904838102E-15    2.5689369247E-13   -1.1364056828E-19
    -5.0904838102E-15    1.6132448704E-08   -6.5829617423E-17    2.1745690370E-20
     2.5689369247E-13   -6.5829617423E-17    1.5551341343E-09    6.1585011676E-19
    -1.1364056828E-19    2.1745690370E-20    6.1585011676E-19    7.4212024768E-10

 The Neutral Axes (or Tension Center) of the Cross Section
 ========================================================

  Xt2 =   -1.5326667255E-10
  Xt3 =   -1.6519069757E-04

 Classical Stiffness Matrix (correct up to the 2nd order) (1-extension; 2-twist; 3,4-bending)
 ========================================================

     6.6292789984E+09    2.0921431133E+03   -1.6823678940E+06   -3.2564360859E+00
     2.0921431133E+03    6.1986831447E+07    2.0278549694E+02    2.8832740609E-03
    -1.6823678940E+06    2.0278549694E+02    6.4211048783E+08    1.4683927463E+00
    -3.2564360859E+00    2.8832740609E-03    1.4683927463E+00    1.3447146130E+09

 Classical Flexibility Matrix (correct up to the 2nd order) (1-extension; 2-twist; 3,4-bending)
 ========================================================

     1.5084606715E-10   -5.0925607781E-15    3.9522572227E-13    3.6486570447E-19
    -5.0925607781E-15    1.6132458728E-08   -5.1081492718E-15   -3.4597216517E-20
     3.9522572227E-13   -5.1081492718E-15    1.5573654127E-09   -1.6996446765E-18
     3.6486570447E-19   -3.4597216517E-20   -1.6996446765E-18    7.4365221464E-10

 The Neutral Axes (or Tension Center) of the Cross Section, Corrected by Initial Curvature/Twist
 ========================================================

  Xt2 =    4.9122026454E-10
  Xt3 =   -2.5377841259E-04

 Timoshenko Stiffness Matrix (1-extension; 2,3-shear, 4-twist; 5,6-bending)
 ========================================================

     6.5376607378E+09   -9.7559146390E+02    1.9257150389E-03    1.9770500045E+03   -2.8602911052E+06   -2.7954380105E+00
    -9.7559146390E+02    3.4755656640E+08   -5.7233140339E-01   -8.8531946306E+05   -2.2576985633E+00    1.1438517212E-03
     1.9257150389E-03   -5.7233140339E-01    3.2933397311E+07    8.6736137335E-03   -1.2832866903E-03   -1.2651686302E+03
     1.9770500045E+03   -8.8531946306E+05    8.6736137335E-03    6.1987021916E+07    2.0246675142E+02    2.1905509552E-03
    -2.8602911052E+06   -2.2576985633E+00   -1.2832866903E-03    2.0246675142E+02    6.4211152670E+08    1.4684441707E+00
    -2.7954380105E+00    1.1438517212E-03   -1.2651686302E+03    2.1905509552E-03    1.4684441707E+00    1.3445617143E+09

 Timoshenko Flexibility Matrix (1-extension; 2,3-shear, 4-twist; 5,6-bending)
 ========================================================

     1.5296020840E-10    4.1694620907E-16   -8.8967764899E-21   -4.8748720947E-15    6.8136251467E-13    3.1727084911E-19
     4.1694620907E-16    2.8773341635E-09    4.9992785066E-17    4.1095052756E-11   -9.8369374280E-19   -2.4668619609E-21
    -8.8967764899E-21    4.9992785066E-17    3.0364313484E-08   -3.5347527805E-18    6.0580667741E-20    2.8571374959E-14
    -4.8748720947E-15    4.1095052756E-11   -3.5347527805E-18    1.6132996091E-08   -5.1085301321E-15   -2.6326611963E-20
     6.8136251467E-13   -9.8369374280E-19    6.0580667741E-20   -5.1085301321E-15    1.5573648927E-09   -1.6994375041E-18
     3.1727084911E-19   -2.4668619609E-21    2.8571374959E-14   -2.6326611963E-20   -1.6994375041E-18    7.4373678008E-10

 The Generalized Shear Center of the Cross Section in the User Coordinate System
 ========================================================

  Xs2 =    2.1910082669E-10
  Xs3 =    2.5472672605E-03
