
 The 6X6 Mass Matrix
 ========================================================

     2.2129272000E+02    0.0000000000E+00    0.0000000000E+00    0.0000000000E+00    5.3568260938E-15    9.5312646664E-14
     0.0000000000E+00    2.2129272000E+02    0.0000000000E+00   -5.3568260938E-15    0.0000000000E+00    0.0000000000E+00
     0.0000000000E+00    0.0000000000E+00    2.2129272000E+02   -9.5312646664E-14    0.0000000000E+00    0.0000000000E+00
     0.0000000000E+00   -5.3568260938E-15   -9.5312646664E-14    9.5265215294E+01    0.0000000000E+00    0.0000000000E+00
     5.3568260938E-15    0.0000000000E+00    0.0000000000E+00    0.0000000000E+00    4.3389020563E+01    0.0000000000E+00
     9.5312646664E-14    0.0000000000E+00    0.0000000000E+00    0.0000000000E+00    0.0000000000E+00    5.1876194731E+01

 The Mass Center of the Cross Section
 ========================================================

  Xm2 =   -4.3070846011E-16
  Xm3 =    2.4206969365E-17

 The Mass Properties with respect to Principal Inertial Axes
 ========================================================

 Mass Per Unit Span                     =    2.2129272000E+02
 Mass Moments of Intertia about x1 axis =    9.5265215294E+01
 Mass Moments of Intertia about x2 axis =    4.3389020563E+01
 Mass Moments of Intertia about x3 axis =    5.1876194731E+01
 The user coordinate axes are the principal inertial axes.
 The mass-weighted radius of gyration   =    6.5612050907E-01

 The Geometric Center of the Cross Section
 ========================================================

  Xg2 =   -6.0448966239E-15
  Xg3 =    4.8674341191E-17

 Classical Stiffness Matrix (1-extension; 2-twist; 3,4-bending)
 ========================================================

     4.4286933104E+09    7.7078991364E+01   -2.9033507289E+00    1.2349001752E+02
     7.7078991364E+01    5.6401766937E+07   -4.4495447608E-04   -2.8664890663E+03
    -2.9033507289E+00   -4.4495447608E-04    9.1511849472E+08    1.5299162613E-01
     1.2349001752E+02   -2.8664890663E+03    1.5299162613E-01    8.9775221885E+08

 Classical Flexibility Matrix (1-extension; 2-twist; 3,4-bending)
 ========================================================

     2.2580023721E-10   -3.0858153059E-16    7.1638513666E-19   -3.1060864245E-17
    -3.0858153059E-16    1.7729941001E-08    8.6103162814E-21    5.6611034757E-14
     7.1638513666E-19    8.6103162814E-21    1.0927546605E-09   -1.8622329497E-19
    -3.1060864245E-17    5.6611034757E-14   -1.8622329497E-19    1.1138930979E-09

 The Neutral Axes (or Tension Center) of the Cross Section
 ========================================================

  Xt2 =   -2.7884959791E-08
  Xt3 =   -6.5557728315E-10

 Timoshenko Stiffness Matrix (1-extension; 2,3-shear, 4-twist; 5,6-bending)
 ========================================================

     4.4286933107E+09    5.0538444253E-03    3.0479997314E+03    7.7078450736E+01   -2.9033499123E+00    1.2348708568E+02
     5.0538444253E-03    2.3034801108E+08    5.8152485729E-02    2.5972726614E-01   -8.4393458912E-01    9.4737898304E-03
     3.0479997314E+03    5.8152485729E-02    2.8249712784E+07   -5.0106966143E+00    7.5685294225E-03   -2.7173097731E+01
     7.7078450736E+01    2.5972726614E-01   -5.0106966143E+00    5.6401766937E+07   -4.4495677009E-04   -2.8664890615E+03
    -2.9033499123E+00   -8.4393458912E-01    7.5685294225E-03   -4.4495677009E-04    9.1511849472E+08    1.5299161882E-01
     1.2348708568E+02    9.4737898304E-03   -2.7173097731E+01   -2.8664890615E+03    1.5299161882E-01    8.9775221885E+08

 Timoshenko Flexibility Matrix (1-extension; 2,3-shear, 4-twist; 5,6-bending)
 ========================================================

     2.2580023721E-10   -4.9475637654E-21   -2.4362692464E-14   -3.0858153059E-16    7.1638513666E-19   -3.1060864245E-17
    -4.9475637654E-21    4.3412573668E-09   -8.9365508021E-18   -1.9991272342E-17    4.0035659571E-18   -4.5876475298E-20
    -2.4362692464E-14   -8.9365508021E-18    3.5398589987E-08    3.1448756624E-15   -2.9284313984E-19    1.0714552950E-15
    -3.0858153059E-16   -1.9991272342E-17    3.1448756624E-15    1.7729941001E-08    8.6103162814E-21    5.6611034757E-14
     7.1638513666E-19    4.0035659571E-18   -2.9284313984E-19    8.6103162814E-21    1.0927546605E-09   -1.8622329497E-19
    -3.1060864245E-17   -4.5876475298E-20    1.0714552950E-15    5.6611034757E-14   -1.8622329497E-19    1.1138930979E-09

 The Generalized Shear Center of the Cross Section in the User Coordinate System
 ========================================================

  Xs2 =   -1.7737654413E-07
  Xs3 =   -1.1275430832E-09
