
 The 6X6 Mass Matrix
 ========================================================

     2.7953440000E+01    0.0000000000E+00    0.0000000000E+00    0.0000000000E+00   -1.0191500421E-15    2.2479414163E-14
     0.0000000000E+00    2.7953440000E+01    0.0000000000E+00    1.0191500421E-15    0.0000000000E+00    0.0000000000E+00
     0.0000000000E+00    0.0000000000E+00    2.7953440000E+01   -2.2479414163E-14    0.0000000000E+00    0.0000000000E+00
     0.0000000000E+00    1.0191500421E-15   -2.2479414163E-14    1.1981981904E+01    0.0000000000E+00    0.0000000000E+00
    -1.0191500421E-15    0.0000000000E+00    0.0000000000E+00    0.0000000000E+00    1.2113876450E+00   -6.3967928177E-17
     2.2479414163E-14    0.0000000000E+00    0.0000000000E+00    0.0000000000E+00   -6.3967928177E-17    1.0770594259E+01

 The Mass Center of the Cross Section
 ========================================================

  Xm2 =   -8.0417344568E-16
  Xm3 =   -3.6458841636E-17

 The Mass Properties with respect to Principal Inertial Axes
 ========================================================

 Mass Per Unit Span                     =    2.7953440000E+01
 Mass Moments of Intertia about x1 axis =    1.1981981904E+01
 Mass Moments of Intertia about x2 axis =    1.2113876450E+00
 Mass Moments of Intertia about x3 axis =    1.0770594259E+01
 The user coordinate axes are the principal inertial axes.
 The mass-weighted radius of gyration   =    6.5470657045E-01

 The Geometric Center of the Cross Section
 ========================================================

  Xg2 =    3.9948124358E-16
  Xg3 =    5.1710908029E-19

 Classical Stiffness Matrix (1-extension; 2-twist; 3,4-bending)
 ========================================================

     4.0133561433E+08    4.7731432779E+01   -6.3510286814E-02   -5.7909400893E+00
     4.7731432779E+01    4.6194805567E+06    1.9401127318E-06   -2.2968042376E+02
    -6.3510286814E-02    1.9401127318E-06    2.1914752183E+07    3.2281390331E-02
    -5.7909400893E+00   -2.2968042376E+02    3.2281390331E-02    1.1109666282E+08

 Classical Flexibility Matrix (1-extension; 2-twist; 3,4-bending)
 ========================================================

     2.4916801906E-09   -2.5745629675E-14    7.2210407898E-18    1.2982619885E-16
    -2.5745629675E-14    2.1647455549E-07   -1.9898344988E-20    4.4753790284E-13
     7.2210407898E-18   -1.9898344988E-20    4.5631362457E-08   -1.3259118215E-17
     1.2982619885E-16    4.4753790284E-13   -1.3259118215E-17    9.0011704650E-09

 The Neutral Axes (or Tension Center) of the Cross Section
 ========================================================

  Xt2 =    1.4423257437E-08
  Xt3 =   -1.5824732360E-10

 Timoshenko Stiffness Matrix (1-extension; 2,3-shear, 4-twist; 5,6-bending)
 ========================================================

     4.0133561441E+08   -1.7591954645E-02    6.4382667380E+02    4.7731449225E+01   -6.3510296704E-02   -5.7909132487E+00
    -1.7591954645E-02    1.8911579659E+07    2.8864621081E-03    2.8084896091E-03    6.1588888378E-02   -1.1478150456E-03
     6.4382667380E+02    2.8864621081E-03    5.2636176696E+06    1.3445887831E-01   -8.0386582041E-05    2.1943575837E-01
     4.7731449225E+01    2.8084896091E-03    1.3445887831E-01    4.6194805567E+06    1.9401198246E-06   -2.2968042376E+02
    -6.3510296704E-02    6.1588888378E-02   -8.0386582041E-05    1.9401198246E-06    2.1914752183E+07    3.2281390324E-02
    -5.7909132487E+00   -1.1478150456E-03    2.1943575837E-01   -2.2968042376E+02    3.2281390324E-02    1.1109666282E+08

 Timoshenko Flexibility Matrix (1-extension; 2,3-shear, 4-twist; 5,6-bending)
 ========================================================

     2.4916801906E-09    2.3178643677E-18   -3.0477330736E-13   -2.5745629675E-14    7.2210407898E-18    1.2982619885E-16
     2.3178643677E-18    5.2877655809E-08   -2.8997326088E-17   -3.2147841374E-17   -1.4860656484E-16    5.4624871916E-19
    -3.0477330736E-13   -2.8997326088E-17    1.8998340361E-07   -5.5267023978E-15    6.9600486475E-19   -3.7527847808E-16
    -2.5745629675E-14   -3.2147841374E-17   -5.5267023978E-15    2.1647455549E-07   -1.9898344988E-20    4.4753790284E-13
     7.2210407898E-18   -1.4860656484E-16    6.9600486475E-19   -1.9898344988E-20    4.5631362457E-08   -1.3259118215E-17
     1.2982619885E-16    5.4624871916E-19   -3.7527847808E-16    4.4753790284E-13   -1.3259118215E-17    9.0011704650E-09

 The Generalized Shear Center of the Cross Section in the User Coordinate System
 ========================================================

  Xs2 =    2.5530494267E-08
  Xs3 =   -1.4850632815E-10
