
 The 6X6 Mass Matrix
 ========================================================

     4.3288680000E+01    0.0000000000E+00    0.0000000000E+00    0.0000000000E+00   -4.6490589156E-16    1.3877787808E-16
     0.0000000000E+00    4.3288680000E+01    0.0000000000E+00    4.6490589156E-16    0.0000000000E+00    0.0000000000E+00
     0.0000000000E+00    0.0000000000E+00    4.3288680000E+01   -1.3877787808E-16    0.0000000000E+00    0.0000000000E+00
     0.0000000000E+00    4.6490589156E-16   -1.3877787808E-16    1.8524279219E+01    0.0000000000E+00    0.0000000000E+00
    -4.6490589156E-16    0.0000000000E+00    0.0000000000E+00    0.0000000000E+00    3.3218444494E+00    2.5153490402E-17
     1.3877787808E-16    0.0000000000E+00    0.0000000000E+00    0.0000000000E+00    2.5153490402E-17    1.5202434769E+01

 The Mass Center of the Cross Section
 ========================================================

  Xm2 =   -3.2058699429E-18
  Xm3 =   -1.0739664309E-17

 The Mass Properties with respect to Principal Inertial Axes
 ========================================================

 Mass Per Unit Span                     =    4.3288680000E+01
 Mass Moments of Intertia about x1 axis =    1.8524279219E+01
 Mass Moments of Intertia about x2 axis =    3.3218444494E+00
 Mass Moments of Intertia about x3 axis =    1.5202434769E+01
 The user coordinate axes are the principal inertial axes.
 The mass-weighted radius of gyration   =    6.5415925136E-01

 The Geometric Center of the Cross Section
 ========================================================

  Xg2 =   -1.2659050385E-15
  Xg3 =    7.7284472924E-18

 Classical Stiffness Matrix (1-extension; 2-twist; 3,4-bending)
 ========================================================

     6.7687577100E+08    7.2366705471E+01   -5.1508337905E-03   -1.1520195575E+01
     7.2366705471E+01    1.1737437078E+07    3.5660379351E-04   -6.1470147596E+02
    -5.1508337905E-03    3.5660379351E-04    6.2938668316E+07   -3.1177955764E-02
    -1.1520195575E+01   -6.1470147596E+02   -3.1177955764E-02    1.7285697215E+08

 Classical Flexibility Matrix (1-extension; 2-twist; 3,4-bending)
 ========================================================

     1.4773759718E-09   -9.1086981434E-15    1.2090698131E-19    9.8428549286E-17
    -9.1086981434E-15    8.5197474844E-08   -4.8257048290E-19    3.0297310416E-13
     1.2090698131E-19   -4.8257048290E-19    1.5888483610E-08    2.8657805222E-18
     9.8428549286E-17    3.0297310416E-13    2.8657805222E-18    5.7851296811E-09

 The Neutral Axes (or Tension Center) of the Cross Section
 ========================================================

  Xt2 =    1.7014061000E-08
  Xt3 =   -7.6097213252E-12

 Timoshenko Stiffness Matrix (1-extension; 2,3-shear, 4-twist; 5,6-bending)
 ========================================================

     6.7687577115E+08    3.6631811875E-03    1.2538089894E+03    7.2366813851E+01   -5.1508273379E-03   -1.1522486570E+01
     3.6631811875E-03    3.3112793632E+07    7.9475504413E-04   -8.1389742552E-04    1.7684720908E+00   -2.2962549429E-03
     1.2538089894E+03    7.9475504413E-04    1.0619859003E+07    9.1798880343E-01    5.2996748347E-05   -1.9404908799E+01
     7.2366813851E+01   -8.1389742552E-04    9.1798880343E-01    1.1737437078E+07    3.5660375462E-04   -6.1470147763E+02
    -5.1508273379E-03    1.7684720908E+00    5.2996748347E-05    3.5660375462E-04    6.2938668316E+07   -3.1177955984E-02
    -1.1522486570E+01   -2.2962549429E-03   -1.9404908799E+01   -6.1470147763E+02   -3.1177955984E-02    1.7285697215E+08

 Timoshenko Flexibility Matrix (1-extension; 2,3-shear, 4-twist; 5,6-bending)
 ========================================================

     1.4773759718E-09   -1.6343425157E-19   -1.7442296206E-13   -9.1086981434E-15    1.2090698131E-19    9.8428549286E-17
    -1.6343425157E-19    3.0199807697E-08   -2.2600336474E-18    2.0941374498E-18   -8.4856445950E-16    4.0118528001E-19
    -1.7442296206E-13   -2.2600336474E-18    9.4163208756E-08   -7.3629064412E-15   -7.9297929847E-20    1.0570715891E-14
    -9.1086981434E-15    2.0941374498E-18   -7.3629064412E-15    8.5197474844E-08   -4.8257048290E-19    3.0297310416E-13
     1.2090698131E-19   -8.4856445950E-16   -7.9297929847E-20   -4.8257048290E-19    1.5888483610E-08    2.8657805222E-18
     9.8428549286E-17    4.0118528001E-19    1.0570715891E-14    3.0297310416E-13    2.8657805222E-18    5.7851296811E-09

 The Generalized Shear Center of the Cross Section in the User Coordinate System
 ========================================================

  Xs2 =    8.6421651048E-08
  Xs3 =    2.4579806545E-11
