
 The 6X6 Mass Matrix
 ========================================================

     2.0859880000E+02    0.0000000000E+00    0.0000000000E+00    0.0000000000E+00   -5.8841820305E-15   -8.3322237998E-14
     0.0000000000E+00    2.0859880000E+02    0.0000000000E+00    5.8841820305E-15    0.0000000000E+00    0.0000000000E+00
     0.0000000000E+00    0.0000000000E+00    2.0859880000E+02    8.3322237998E-14    0.0000000000E+00    0.0000000000E+00
     0.0000000000E+00    5.8841820305E-15    8.3322237998E-14    8.6230669765E+01    0.0000000000E+00    0.0000000000E+00
    -5.8841820305E-15    0.0000000000E+00    0.0000000000E+00    0.0000000000E+00    3.7213502883E+01    0.0000000000E+00
    -8.3322237998E-14    0.0000000000E+00    0.0000000000E+00    0.0000000000E+00    0.0000000000E+00    4.9017166882E+01

 The Mass Center of the Cross Section
 ========================================================

  Xm2 =    3.9943776282E-16
  Xm3 =   -2.8208129819E-17

 The Mass Properties with respect to Principal Inertial Axes
 ========================================================

 Mass Per Unit Span                     =    2.0859880000E+02
 Mass Moments of Intertia about x1 axis =    8.6230669765E+01
 Mass Moments of Intertia about x2 axis =    3.7213502883E+01
 Mass Moments of Intertia about x3 axis =    4.9017166882E+01
 The user coordinate axes are the principal inertial axes.
 The mass-weighted radius of gyration   =    6.4294670770E-01

 The Geometric Center of the Cross Section
 ========================================================

  Xg2 =    4.6238491308E-15
  Xg3 =    5.5840207151E-17

 Classical Stiffness Matrix (1-extension; 2-twist; 3,4-bending)
 ========================================================

     4.1702768677E+09    9.0488121784E+00   -1.9356351094E-01   -6.4070443006E+01
     9.0488121784E+00    5.2228469164E+07   -1.1900846972E-04   -2.6606797815E+03
    -1.9356351094E-01   -1.1900846972E-04    7.8456729987E+08    6.8957879830E-02
    -6.4070443006E+01   -2.6606797815E+03    6.8957879830E-02    8.4619099613E+08

 Classical Flexibility Matrix (1-extension; 2-twist; 3,4-bending)
 ========================================================

     2.3979223244E-10   -4.1544134846E-17    5.9160030196E-20    1.8156047626E-17
    -4.1544134846E-17    1.9146645808E-08    2.8989909689E-21    6.0202830820E-14
     5.9160030196E-20    2.8989909689E-21    1.2745879164E-09   -1.0386883017E-19
     1.8156047626E-17    6.0202830820E-14   -1.0386883017E-19    1.1817662971E-09

 The Neutral Axes (or Tension Center) of the Cross Section
 ========================================================

  Xt2 =    1.5363484024E-08
  Xt3 =   -4.6415026403E-11

 Timoshenko Stiffness Matrix (1-extension; 2,3-shear, 4-twist; 5,6-bending)
 ========================================================

     4.1702768680E+09   -3.8261014671E-04    2.8756875028E+03    9.0482893450E+00   -1.9356355366E-01   -6.4068988690E+01
    -3.8261014671E-04    2.1704998574E+08   -4.9747972876E-02   -4.0392547619E-03   -1.6343514813E+00    4.6081113890E-04
     2.8756875028E+03   -4.9747972876E-02    2.6575165548E+07   -4.8316739841E+00   -3.9484501897E-04    1.3439806062E+01
     9.0482893450E+00   -4.0392547619E-03   -4.8316739841E+00    5.2228469164E+07   -1.1900836752E-04   -2.6606797840E+03
    -1.9356355366E-01   -1.6343514813E+00   -3.9484501897E-04   -1.1900836752E-04    7.8456729987E+08    6.8957879627E-02
    -6.4068988690E+01    4.6081113890E-04    1.3439806062E+01   -2.6606797840E+03    6.8957879627E-02    8.4619099613E+08

 Timoshenko Flexibility Matrix (1-extension; 2,3-shear, 4-twist; 5,6-bending)
 ========================================================

     2.3979223244E-10    4.1675197607E-22   -2.5947816781E-14   -4.1544134846E-17    5.9160030196E-20    1.8156047626E-17
     4.1675197607E-22    4.6072336590E-09    8.6246136548E-18    3.5631573718E-19    9.5974419998E-18   -2.5079835468E-21
    -2.5947816781E-14    8.6246136548E-18    3.7629116487E-08    3.4810568016E-15    1.8931074984E-20   -5.9764335791E-16
    -4.1544134846E-17    3.5631573718E-19    3.4810568016E-15    1.9146645808E-08    2.8989909689E-21    6.0202830820E-14
     5.9160030196E-20    9.5974419998E-18    1.8931074984E-20    2.8989909689E-21    1.2745879164E-09   -1.0386883017E-19
     1.8156047626E-17   -2.5079835468E-21   -5.9764335791E-16    6.0202830820E-14   -1.0386883017E-19    1.1817662971E-09

 The Generalized Shear Center of the Cross Section in the User Coordinate System
 ========================================================

  Xs2 =   -1.8181026780E-07
  Xs3 =    1.8609825489E-11
