
 The 6X6 Mass Matrix
 ========================================================

     3.9813436000E+02    0.0000000000E+00    0.0000000000E+00    0.0000000000E+00    2.5757174171E-14    4.4508841057E-13
     0.0000000000E+00    3.9813436000E+02    0.0000000000E+00   -2.5757174171E-14    0.0000000000E+00    0.0000000000E+00
     0.0000000000E+00    0.0000000000E+00    3.9813436000E+02   -4.4508841057E-13    0.0000000000E+00    0.0000000000E+00
     0.0000000000E+00   -2.5757174171E-14   -4.4508841057E-13    4.6602337547E+02    0.0000000000E+00    0.0000000000E+00
     2.5757174171E-14    0.0000000000E+00    0.0000000000E+00    0.0000000000E+00    3.6876608359E+02   -3.4416913763E-15
     4.4508841057E-13    0.0000000000E+00    0.0000000000E+00    0.0000000000E+00   -3.4416913763E-15    9.7257291883E+01

 The Mass Center of the Cross Section
 ========================================================

  Xm2 =   -1.1179351879E-15
  Xm3 =    6.4694677875E-17

 The 6X6 Mass Matrix at the Mass Center
 ========================================================

   3.981343600000E+02  0.000000000000E+00  0.000000000000E+00  0.000000000000E+00  0.000000000000E+00  0.000000000000E+00
   0.000000000000E+00  3.981343600000E+02  0.000000000000E+00  0.000000000000E+00  0.000000000000E+00  0.000000000000E+00
   0.000000000000E+00  0.000000000000E+00  3.981343600000E+02  0.000000000000E+00  0.000000000000E+00  0.000000000000E+00
   0.000000000000E+00  0.000000000000E+00  0.000000000000E+00  4.660233754745E+02  0.000000000000E+00  0.000000000000E+00
   0.000000000000E+00  0.000000000000E+00  0.000000000000E+00  0.000000000000E+00  3.687660835917E+02 -3.441691376338E-15
   0.000000000000E+00  0.000000000000E+00  0.000000000000E+00  0.000000000000E+00 -3.441691376338E-15  9.725729188281E+01

 The Mass Properties with respect to Principal Inertial Axes
 ========================================================

 Mass Per Unit Span                     =    3.9813436000E+02
 Mass Moments of Intertia about x1 axis =    4.6602337547E+02
 Mass Moments of Intertia about x2 axis =    3.6876608359E+02
 Mass Moments of Intertia about x3 axis =    9.7257291883E+01
 The user coordinate axes are the principal inertial axes.
 The mass-weighted radius of gyration   =    1.0819047329E+00

 The Geometric Center of the Cross Section
 ========================================================

  Xg2 =   -3.6526952801E-15
  Xg3 =    1.4481449932E-16

 Classical Stiffness Matrix (1-extension; 2-twist; 3,4-bending)
 ========================================================

     7.8207693434E+09    1.6954966406E+02    3.3039560882E+00    1.1077376543E+00
     1.6954966406E+02    1.5474057906E+08    1.3393555999E-02   -7.6207091246E+03
     3.3039560882E+00    1.3393555999E-02    7.7239883127E+09   -2.8034216933E+00
     1.1077376543E+00   -7.6207091246E+03   -2.8034216933E+00    1.6130888729E+09

 Classical Flexibility Matrix (1-extension; 2-twist; 3,4-bending)
 ========================================================

     1.2786465833E-10   -1.4010165059E-16   -5.4694439924E-20   -8.8468883006E-20
    -1.4010165059E-16    6.4624289654E-09   -1.1194844967E-20    3.0530426570E-14
    -5.4694439924E-20   -1.1194844967E-20    1.2946679352E-10    2.2500305988E-19
    -8.8468883006E-20    3.0530426570E-14    2.2500305988E-19    6.1992864562E-10

 The Neutral Axes (or Tension Center) of the Cross Section
 ========================================================

  Xt2 =   -1.4270817059E-10
  Xt3 =    4.2245921449E-10

 Timoshenko Stiffness Matrix (1-extension; 2,3-shear, 4-twist; 5,6-bending)
 ========================================================

     7.8207693441E+09   -9.1668210308E-03    7.1429372438E+03    1.6954921004E+02    3.3039576916E+00    1.0997666561E+00
    -9.1668210308E-03    3.8929559077E+08    8.8280828082E-02   -7.5657224603E-01    2.5142698219E+01   -1.9826455593E-03
     7.1429372438E+03    8.8280828082E-02    6.8452495855E+07   -4.3509539360E+00    1.5371846698E-02   -7.6388003971E+01
     1.6954921004E+02   -7.5657224603E-01   -4.3509539360E+00    1.5474057906E+08    1.3393506159E-02   -7.6207091198E+03
     3.3039576916E+00    2.5142698219E+01    1.5371846698E-02    1.3393506159E-02    7.7239883127E+09   -2.8034217106E+00
     1.0997666561E+00   -1.9826455593E-03   -7.6388003971E+01   -7.6207091198E+03   -2.8034217106E+00    1.6130888729E+09

 Timoshenko Flexibility Matrix (1-extension; 2,3-shear, 4-twist; 5,6-bending)
 ========================================================

     1.2786465833E-10    3.0136115954E-21   -1.3342526367E-14   -1.4010165059E-16   -5.4694439924E-20   -8.8468883006E-20
     3.0136115954E-21    2.5687421685E-09   -3.3128178810E-18    1.2559336752E-17   -8.3616269899E-18    3.2164004654E-21
    -1.3342526367E-14   -3.3128178810E-18    1.4608671132E-08    4.1081137052E-16   -2.9067386392E-20    6.9179720506E-16
    -1.4010165059E-16    1.2559336752E-17    4.1081137052E-16    6.4624289654E-09   -1.1194844967E-20    3.0530426570E-14
    -5.4694439924E-20   -8.3616269899E-18   -2.9067386392E-20   -1.1194844967E-20    1.2946679352E-10    2.2500305988E-19
    -8.8468883006E-20    3.2164004654E-21    6.9179720506E-16    3.0530426570E-14    2.2500305988E-19    6.1992864562E-10

 The Generalized Shear Center of the Cross Section in the User Coordinate System
 ========================================================

  Xs2 =   -6.3569189344E-08
  Xs3 =    1.9434390411E-09
