
 The 6X6 Mass Matrix
 ========================================================

     4.6360928000E+02    0.0000000000E+00    0.0000000000E+00    0.0000000000E+00    4.8294701571E-14   -5.4256599213E-13
     0.0000000000E+00    4.6360928000E+02    0.0000000000E+00   -4.8294701571E-14    0.0000000000E+00    0.0000000000E+00
     0.0000000000E+00    0.0000000000E+00    4.6360928000E+02    5.4256599213E-13    0.0000000000E+00    0.0000000000E+00
     0.0000000000E+00   -4.8294701571E-14    5.4256599213E-13    8.3626305220E+02    0.0000000000E+00    0.0000000000E+00
     4.8294701571E-14    0.0000000000E+00    0.0000000000E+00    0.0000000000E+00    7.1999170944E+02   -9.4368957093E-16
    -5.4256599213E-13    0.0000000000E+00    0.0000000000E+00    0.0000000000E+00   -9.4368957093E-16    1.1627134276E+02

 The Mass Center of the Cross Section
 ========================================================

  Xm2 =    1.1703087396E-15
  Xm3 =    1.0417112783E-16

 The 6X6 Mass Matrix at the Mass Center
 ========================================================

   4.636092800000E+02  0.000000000000E+00  0.000000000000E+00  0.000000000000E+00  0.000000000000E+00  0.000000000000E+00
   0.000000000000E+00  4.636092800000E+02  0.000000000000E+00  0.000000000000E+00  0.000000000000E+00  0.000000000000E+00
   0.000000000000E+00  0.000000000000E+00  4.636092800000E+02  0.000000000000E+00  0.000000000000E+00  0.000000000000E+00
   0.000000000000E+00  0.000000000000E+00  0.000000000000E+00  8.362630522034E+02  0.000000000000E+00  0.000000000000E+00
   0.000000000000E+00  0.000000000000E+00  0.000000000000E+00  0.000000000000E+00  7.199917094417E+02 -9.436895709313E-16
   0.000000000000E+00  0.000000000000E+00  0.000000000000E+00  0.000000000000E+00 -9.436895709313E-16  1.162713427617E+02

 The Mass Properties with respect to Principal Inertial Axes
 ========================================================

 Mass Per Unit Span                     =    4.6360928000E+02
 Mass Moments of Intertia about x1 axis =    8.3626305220E+02
 Mass Moments of Intertia about x2 axis =    7.1999170944E+02
 Mass Moments of Intertia about x3 axis =    1.1627134276E+02
 The user coordinate axes are the principal inertial axes.
 The mass-weighted radius of gyration   =    1.3430599366E+00

 The Geometric Center of the Cross Section
 ========================================================

  Xg2 =   -4.5287858266E-15
  Xg3 =    2.1342954187E-16

 Classical Stiffness Matrix (1-extension; 2-twist; 3,4-bending)
 ========================================================

     8.9937788437E+09    2.3339020556E+02    1.9287195733E+01   -3.0826660439E+01
     2.3339020556E+02    2.0743785232E+08   -1.1079093323E-02   -1.0182857692E+04
     1.9287195733E+01   -1.1079093323E-02    1.5009154903E+10    2.0079273417E+00
    -3.0826660439E+01   -1.0182857692E+04    2.0079273417E+00    1.8767391738E+09

 Classical Flexibility Matrix (1-extension; 2-twist; 3,4-bending)
 ========================================================

     1.1118796864E-10   -1.2509850047E-16   -1.4287973795E-19    1.8256558727E-18
    -1.2509850047E-16    4.8207209489E-09    3.5551042214E-21    2.6156386609E-14
    -1.4287973795E-19    3.5551042214E-21    6.6626003029E-11   -7.1283289242E-20
     1.8256558727E-18    2.6156386609E-14   -7.1283289242E-20    5.3283909360E-10

 The Neutral Axes (or Tension Center) of the Cross Section
 ========================================================

  Xt2 =    3.4262798929E-09
  Xt3 =    2.1445041157E-09

 Timoshenko Stiffness Matrix (1-extension; 2,3-shear, 4-twist; 5,6-bending)
 ========================================================

     8.9937788447E+09    3.0250590406E-02    9.3790961562E+03    2.3338961673E+02    1.9287191896E+01   -3.0838012195E+01
     3.0250590406E-02    4.2812511720E+08   -3.5509638715E-01    5.6332607271E-01    3.0419923069E+01   -1.9908114519E-02
     9.3790961562E+03   -3.5509638715E-01    9.0160040833E+07   -5.6603665649E+00   -3.6912312848E-02   -1.0912296723E+02
     2.3338961673E+02    5.6332607271E-01   -5.6603665649E+00    2.0743785232E+08   -1.1079050979E-02   -1.0182857685E+04
     1.9287191896E+01    3.0419923069E+01   -3.6912312848E-02   -1.1079050979E-02    1.5009154903E+10    2.0079273850E+00
    -3.0838012195E+01   -1.9908114519E-02   -1.0912296723E+02   -1.0182857685E+04    2.0079273850E+00    1.8767391738E+09

 Timoshenko Flexibility Matrix (1-extension; 2,3-shear, 4-twist; 5,6-bending)
 ========================================================

     1.1118796864E-10   -7.8657709073E-21   -1.1566572510E-14   -1.2509850047E-16   -1.4287973795E-19    1.8256558727E-18
    -7.8657709073E-21    2.3357657840E-09    9.1994416134E-18   -6.3430923785E-18   -4.7340317237E-18    2.4743510283E-20
    -1.1566572510E-14    9.1994416134E-18    1.1091388057E-08    3.0269590605E-16    2.7292029686E-20    6.4491002163E-16
    -1.2509850047E-16   -6.3430923785E-18    3.0269590605E-16    4.8207209489E-09    3.5551042214E-21    2.6156386609E-14
    -1.4287973795E-19   -4.7340317237E-18    2.7292029686E-20    3.5551042214E-21    6.6626003029E-11   -7.1283289242E-20
     1.8256558727E-18    2.4743510283E-20    6.4491002163E-16    2.6156386609E-14   -7.1283289242E-20    5.3283909360E-10

 The Generalized Shear Center of the Cross Section in the User Coordinate System
 ========================================================

  Xs2 =   -6.2790588639E-08
  Xs3 =   -1.3157974597E-09
