
 The 6X6 Mass Matrix
 ========================================================

     3.6428896000E+02    0.0000000000E+00    0.0000000000E+00    0.0000000000E+00   -3.4416913763E-15   -8.2511775190E-13
     0.0000000000E+00    3.6428896000E+02    0.0000000000E+00    3.4416913763E-15    0.0000000000E+00    0.0000000000E+00
     0.0000000000E+00    0.0000000000E+00    3.6428896000E+02    8.2511775190E-13    0.0000000000E+00    0.0000000000E+00
     0.0000000000E+00    3.4416913763E-15    8.2511775190E-13    3.0581419159E+02    0.0000000000E+00    0.0000000000E+00
    -3.4416913763E-15    0.0000000000E+00    0.0000000000E+00    0.0000000000E+00    2.1931113332E+02   -9.4368957093E-16
    -8.2511775190E-13    0.0000000000E+00    0.0000000000E+00    0.0000000000E+00   -9.4368957093E-16    8.6503058271E+01

 The Mass Center of the Cross Section
 ========================================================

  Xm2 =    2.2650089421E-15
  Xm3 =   -9.4476960717E-18

 The 6X6 Mass Matrix at the Mass Center
 ========================================================

   3.642889600000E+02  0.000000000000E+00  0.000000000000E+00  0.000000000000E+00  0.000000000000E+00  0.000000000000E+00
   0.000000000000E+00  3.642889600000E+02  0.000000000000E+00  0.000000000000E+00  0.000000000000E+00  0.000000000000E+00
   0.000000000000E+00  0.000000000000E+00  3.642889600000E+02  0.000000000000E+00  0.000000000000E+00  0.000000000000E+00
   0.000000000000E+00  0.000000000000E+00  0.000000000000E+00  3.058141915867E+02  0.000000000000E+00  0.000000000000E+00
   0.000000000000E+00  0.000000000000E+00  0.000000000000E+00  0.000000000000E+00  2.193111333161E+02 -9.436895709314E-16
   0.000000000000E+00  0.000000000000E+00  0.000000000000E+00  0.000000000000E+00 -9.436895709314E-16  8.650305827061E+01

 The Mass Properties with respect to Principal Inertial Axes
 ========================================================

 Mass Per Unit Span                     =    3.6428896000E+02
 Mass Moments of Intertia about x1 axis =    3.0581419159E+02
 Mass Moments of Intertia about x2 axis =    2.1931113332E+02
 Mass Moments of Intertia about x3 axis =    8.6503058271E+01
 The user coordinate axes are the principal inertial axes.
 The mass-weighted radius of gyration   =    9.1623275322E-01

 The Geometric Center of the Cross Section
 ========================================================

  Xg2 =   -9.8048925406E-15
  Xg3 =   -1.1583057900E-16

 Classical Stiffness Matrix (1-extension; 2-twist; 3,4-bending)
 ========================================================

     7.2490918305E+09    1.4042820112E+02    5.0113494830E+00    1.2538034207E+00
     1.4042820112E+02    1.2059734421E+08   -2.7910986837E-02   -5.9517009477E+03
     5.0113494830E+00   -2.7910986837E-02    4.6158204459E+09   -1.9577575230E+00
     1.2538034207E+00   -5.9517009477E+03   -1.9577575230E+00    1.4773008937E+09

 Classical Flexibility Matrix (1-extension; 2-twist; 3,4-bending)
 ========================================================

     1.3794831454E-10   -1.6063234631E-16   -1.4976908820E-19   -1.1772558006E-19
    -1.6063234631E-16    8.2920565682E-09    5.0154829844E-20    3.3406763068E-14
    -1.4976908820E-19    5.0154829844E-20    2.1664620878E-10    2.8710538630E-19
    -1.1772558006E-19    3.3406763068E-14    2.8710538630E-19    6.7691017076E-10

 The Neutral Axes (or Tension Center) of the Cross Section
 ========================================================

  Xt2 =   -1.7391610430E-10
  Xt3 =    6.9130721925E-10

 Timoshenko Stiffness Matrix (1-extension; 2,3-shear, 4-twist; 5,6-bending)
 ========================================================

     7.2490918311E+09    1.0924521022E-02    5.6756837279E+03    1.4042788927E+02    5.0113484528E+00    1.2473708019E+00
     1.0924521022E-02    3.6928802302E+08   -1.2286919822E+00   -3.9237328476E-01   -9.0052569069E-01    5.0487421829E-03
     5.6756837279E+03   -1.2286919822E+00    5.4265416074E+07   -2.9816613506E+00   -9.8493519300E-03   -6.1502499309E+01
     1.4042788927E+02   -3.9237328476E-01   -2.9816613506E+00    1.2059734421E+08   -2.7910985339E-02   -5.9517009443E+03
     5.0113484528E+00   -9.0052569069E-01   -9.8493519300E-03   -2.7910985339E-02    4.6158204459E+09   -1.9577575119E+00
     1.2473708019E+00    5.0487421829E-03   -6.1502499309E+01   -5.9517009443E+03   -1.9577575119E+00    1.4773008937E+09

 Timoshenko Flexibility Matrix (1-extension; 2,3-shear, 4-twist; 5,6-bending)
 ========================================================

     1.3794831454E-10   -4.1290540556E-21   -1.4428176568E-14   -1.6063234631E-16   -1.4976908820E-19   -1.1772558006E-19
    -4.1290540556E-21    2.7079134379E-09    6.1313297113E-17    8.8104180565E-18    5.2830166347E-19   -9.2163674482E-21
    -1.4428176568E-14    6.1313297113E-17    1.8427943107E-08    4.5566905562E-16    3.9338005812E-20    7.6718784444E-16
    -1.6063234631E-16    8.8104180565E-18    4.5566905562E-16    8.2920565682E-09    5.0154829844E-20    3.3406763068E-14
    -1.4976908820E-19    5.2830166347E-19    3.9338005812E-20    5.0154829844E-20    2.1664620878E-10    2.8710538630E-19
    -1.1772558006E-19   -9.2163674482E-21    7.6718784444E-16    3.3406763068E-14    2.8710538630E-19    6.7691017076E-10

 The Generalized Shear Center of the Cross Section in the User Coordinate System
 ========================================================

  Xs2 =   -5.4952477937E-08
  Xs3 =    1.0625130188E-09
