
 The 6X6 Mass Matrix
 ========================================================

     2.7516184000E+02    0.0000000000E+00    0.0000000000E+00    0.0000000000E+00    1.9872992141E-14    4.2355008389E-14
     0.0000000000E+00    2.7516184000E+02    0.0000000000E+00   -1.9872992141E-14    0.0000000000E+00    0.0000000000E+00
     0.0000000000E+00    0.0000000000E+00    2.7516184000E+02   -4.2355008389E-14    0.0000000000E+00    0.0000000000E+00
     0.0000000000E+00   -1.9872992141E-14   -4.2355008389E-14    1.4074026879E+02    0.0000000000E+00    0.0000000000E+00
     1.9872992141E-14    0.0000000000E+00    0.0000000000E+00    0.0000000000E+00    7.6760866693E+01    1.8318679906E-15
     4.2355008389E-14    0.0000000000E+00    0.0000000000E+00    0.0000000000E+00    1.8318679906E-15    6.3979402100E+01

 The Mass Center of the Cross Section
 ========================================================

  Xm2 =   -1.5392762452E-16
  Xm3 =    7.2222922120E-17

 The Mass Properties with respect to Principal Inertial Axes
 ========================================================

 Mass Per Unit Span                     =    2.7516184000E+02
 Mass Moments of Intertia about x1 axis =    1.4074026879E+02
 Mass Moments of Intertia about x2 axis =    7.6760866693E+01
 Mass Moments of Intertia about x3 axis =    6.3979402100E+01
 The user coordinate axes are the principal inertial axes.
 The mass-weighted radius of gyration   =    7.1517954664E-01

 The Geometric Center of the Cross Section
 ========================================================

  Xg2 =    5.2817860795E-15
  Xg3 =    6.0375640129E-17

 Classical Stiffness Matrix (1-extension; 2-twist; 3,4-bending)
 ========================================================

     5.5264596459E+09    1.0280919723E+02    2.0055176068E+00    3.2665416578E+00
     1.0280919723E+02    7.3809018433E+07   -1.3124496481E-02   -3.6940865488E+03
     2.0055176068E+00   -1.3124496481E-02    1.6210874605E+09    8.3516544159E-01
     3.2665416578E+00   -3.6940865488E+03    8.3516544159E-01    1.1165870773E+09

 Classical Flexibility Matrix (1-extension; 2-twist; 3,4-bending)
 ========================================================

     1.8094767068E-10   -2.5204354584E-16   -2.2385821318E-19   -5.3019078107E-19
    -2.5204354584E-16    1.3548479866E-08    1.0966715317E-19    4.4823425104E-14
    -2.2385821318E-19    1.0966715317E-19    6.1686986321E-10   -4.6139526093E-19
    -5.3019078107E-19    4.4823425104E-14   -4.6139526093E-19    8.9558622031E-10

 The Neutral Axes (or Tension Center) of the Cross Section
 ========================================================

  Xt2 =   -5.9200417471E-10
  Xt3 =    3.6289374276E-10

 Timoshenko Stiffness Matrix (1-extension; 2,3-shear, 4-twist; 5,6-bending)
 ========================================================

     5.5264596462E+09    2.1475142639E-02    3.7320869600E+03    1.0280868510E+02    2.0055154289E+00    3.2620793931E+00
     2.1475142639E-02    2.8657113112E+08   -6.1856324936E-02   -1.7790430327E-01    2.7685165472E+00    4.0267124547E-04
     3.7320869600E+03   -6.1856324936E-02    3.5165616936E+07   -4.8255360542E+00   -2.0523133326E-02   -4.2045721263E+01
     1.0280868510E+02   -1.7790430327E-01   -4.8255360542E+00    7.3809018433E+07   -1.3124495384E-02   -3.6940865430E+03
     2.0055154289E+00    2.7685165472E+00   -2.0523133326E-02   -1.3124495384E-02    1.6210874605E+09    8.3516546613E-01
     3.2620793931E+00    4.0267124547E-04   -4.2045721263E+01   -3.6940865430E+03    8.3516546613E-01    1.1165870773E+09

 Timoshenko Flexibility Matrix (1-extension; 2,3-shear, 4-twist; 5,6-bending)
 ========================================================

     1.8094767068E-10   -1.3564203474E-20   -1.9203770679E-14   -2.5204354584E-16   -2.2385821318E-19   -5.3019078107E-19
    -1.3564203474E-20    3.4895350278E-09    6.1380951735E-18    8.4109413378E-18   -5.9594782526E-18   -1.2303577540E-21
    -1.9203770679E-14    6.1380951735E-18    2.8436867804E-08    1.8592451676E-15    3.6003687038E-19    1.0708126330E-15
    -2.5204354584E-16    8.4109413378E-18    1.8592451676E-15    1.3548479866E-08    1.0966715317E-19    4.4823425104E-14
    -2.2385821318E-19   -5.9594782526E-18    3.6003687038E-19    1.0966715317E-19    6.1686986321E-10   -4.6139526093E-19
    -5.3019078107E-19   -1.2303577540E-21    1.0708126330E-15    4.4823425104E-14   -4.6139526093E-19    8.9558622031E-10

 The Generalized Shear Center of the Cross Section in the User Coordinate System
 ========================================================

  Xs2 =   -1.3722906083E-07
  Xs3 =    6.2080332414E-10
