
 The 6X6 Mass Matrix
 ========================================================

     4.6857176000E+02    0.0000000000E+00    0.0000000000E+00    0.0000000000E+00   -2.5712765250E-13   -1.2826961715E-12
     0.0000000000E+00    4.6857176000E+02    0.0000000000E+00    2.5712765250E-13    0.0000000000E+00    0.0000000000E+00
     0.0000000000E+00    0.0000000000E+00    4.6857176000E+02    1.2826961715E-12    0.0000000000E+00    0.0000000000E+00
     0.0000000000E+00    2.5712765250E-13    1.2826961715E-12    9.4798759804E+02    0.0000000000E+00    0.0000000000E+00
    -2.5712765250E-13    0.0000000000E+00    0.0000000000E+00    0.0000000000E+00    8.2876127391E+02    2.9420910153E-15
    -1.2826961715E-12    0.0000000000E+00    0.0000000000E+00    0.0000000000E+00    2.9420910153E-15    1.1922632412E+02

 The Mass Center of the Cross Section
 ========================================================

  Xm2 =    2.7374594054E-15
  Xm3 =   -5.4874765074E-16

 The 6X6 Mass Matrix at the Mass Center
 ========================================================

   4.685717600000E+02  0.000000000000E+00  0.000000000000E+00  0.000000000000E+00  0.000000000000E+00  0.000000000000E+00
   0.000000000000E+00  4.685717600000E+02  0.000000000000E+00  0.000000000000E+00  0.000000000000E+00  0.000000000000E+00
   0.000000000000E+00  0.000000000000E+00  4.685717600000E+02  0.000000000000E+00  0.000000000000E+00  0.000000000000E+00
   0.000000000000E+00  0.000000000000E+00  0.000000000000E+00  9.479875980365E+02  0.000000000000E+00  0.000000000000E+00
   0.000000000000E+00  0.000000000000E+00  0.000000000000E+00  0.000000000000E+00  8.287612739122E+02  2.942091015256E-15
   0.000000000000E+00  0.000000000000E+00  0.000000000000E+00  0.000000000000E+00  2.942091015256E-15  1.192263241243E+02

 The Mass Properties with respect to Principal Inertial Axes
 ========================================================

 Mass Per Unit Span                     =    4.6857176000E+02
 Mass Moments of Intertia about x1 axis =    9.4798759804E+02
 Mass Moments of Intertia about x2 axis =    8.2876127391E+02
 Mass Moments of Intertia about x3 axis =    1.1922632412E+02
 The user coordinate axes are the principal inertial axes.
 The mass-weighted radius of gyration   =    1.4223722555E+00

 The Geometric Center of the Cross Section
 ========================================================

  Xg2 =   -5.6678916144E-15
  Xg3 =   -3.6471838172E-17

 Classical Stiffness Matrix (1-extension; 2-twist; 3,4-bending)
 ========================================================

     9.0259540679E+09    2.6095367592E+02   -1.5395771013E+02    5.8332657882E+00
     2.6095367592E+02    2.2278098336E+08    9.2438966671E-02   -1.0941239306E+04
    -1.5395771013E+02    9.2438966671E-02    1.7229630517E+10    8.1218630162E+01
     5.8332657882E+00   -1.0941239306E+04    8.1218630162E+01    1.8959029659E+09

 Classical Flexibility Matrix (1-extension; 2-twist; 3,4-bending)
 ========================================================

     1.1079161189E-10   -1.2977535912E-16    9.8999353995E-19   -3.4162977459E-19
    -1.2977535912E-16    4.4887134673E-09   -2.4205738362E-20    2.5904325856E-14
     9.8999353995E-19   -2.4205738362E-20    5.8039549891E-11   -2.4863577370E-18
    -3.4162977459E-19    2.5904325856E-14   -2.4863577370E-18    5.2745315465E-10

 The Neutral Axes (or Tension Center) of the Cross Section
 ========================================================

  Xt2 =   -6.4769682231E-10
  Xt3 =   -1.7057222880E-08

 Timoshenko Stiffness Matrix (1-extension; 2,3-shear, 4-twist; 5,6-bending)
 ========================================================

     9.0259540689E+09    1.5937682904E-01    1.0053395561E+04    2.6095856291E+02   -1.5395770701E+02    5.8204630301E+00
     1.5937682904E-01    4.2128364315E+08   -5.3227071822E+00    1.0994600671E+01    1.3034430797E+01   -7.9835741844E-02
     1.0053395561E+04   -5.3227071822E+00    9.6612341295E+07    4.6963561975E+01    2.9914698671E-02   -1.2303349818E+02
     2.6095856291E+02    1.0994600671E+01    4.6963561975E+01    2.2278098336E+08    9.2439321383E-02   -1.0941239366E+04
    -1.5395770701E+02    1.3034430797E+01    2.9914698671E-02    9.2439321383E-02    1.7229630517E+10    8.1218630121E+01
     5.8204630301E+00   -7.9835741844E-02   -1.2303349818E+02   -1.0941239366E+04    8.1218630121E+01    1.8959029659E+09

 Timoshenko Flexibility Matrix (1-extension; 2,3-shear, 4-twist; 5,6-bending)
 ========================================================

     1.1079161189E-10   -4.2056146778E-20   -1.1528877969E-14   -1.2977535912E-16    9.8999353995E-19   -3.4162977459E-19
    -4.2056146778E-20    2.3736976649E-09    1.3077525476E-16   -1.1714582901E-16   -1.7957319470E-18    9.9288008219E-20
    -1.1528877969E-14    1.3077525476E-16    1.0350644511E-08   -2.1819312018E-15   -1.8077429300E-20    6.7168637823E-16
    -1.2977535912E-16   -1.1714582901E-16   -2.1819312018E-15    4.4887134673E-09   -2.4205738362E-20    2.5904325856E-14
     9.8999353995E-19   -1.7957319470E-18   -1.8077429300E-20   -2.4205738362E-20    5.8039549891E-11   -2.4863577370E-18
    -3.4162977459E-19    9.9288008219E-20    6.7168637823E-16    2.5904325856E-14   -2.4863577370E-18    5.2745315465E-10

 The Generalized Shear Center of the Cross Section in the User Coordinate System
 ========================================================

  Xs2 =    4.8609277863E-07
  Xs3 =   -2.6097862976E-08
