
 The 6X6 Mass Matrix
 ========================================================

     6.7822760000E+01    0.0000000000E+00    0.0000000000E+00    0.0000000000E+00    1.2143064332E-15    9.7394314835E-14
     0.0000000000E+00    6.7822760000E+01    0.0000000000E+00   -1.2143064332E-15    0.0000000000E+00    0.0000000000E+00
     0.0000000000E+00    0.0000000000E+00    6.7822760000E+01   -9.7394314835E-14    0.0000000000E+00    0.0000000000E+00
     0.0000000000E+00   -1.2143064332E-15   -9.7394314835E-14    2.7170035874E+01    0.0000000000E+00    0.0000000000E+00
     1.2143064332E-15    0.0000000000E+00    0.0000000000E+00    0.0000000000E+00    6.7579292969E+00   -8.6736173799E-17
     9.7394314835E-14    0.0000000000E+00    0.0000000000E+00    0.0000000000E+00   -8.6736173799E-17    2.0412106577E+01

 The Mass Center of the Cross Section
 ========================================================

  Xm2 =   -1.4360122595E-15
  Xm3 =    1.7904114094E-17

 The 6X6 Mass Matrix at the Mass Center
 ========================================================

   6.782276000000E+01  0.000000000000E+00  0.000000000000E+00  0.000000000000E+00  0.000000000000E+00  0.000000000000E+00
   0.000000000000E+00  6.782276000000E+01  0.000000000000E+00  0.000000000000E+00  0.000000000000E+00  0.000000000000E+00
   0.000000000000E+00  0.000000000000E+00  6.782276000000E+01  0.000000000000E+00  0.000000000000E+00  0.000000000000E+00
   0.000000000000E+00  0.000000000000E+00  0.000000000000E+00  2.717003587428E+01  0.000000000000E+00  0.000000000000E+00
   0.000000000000E+00  0.000000000000E+00  0.000000000000E+00  0.000000000000E+00  6.757929296937E+00 -8.673617379884E-17
   0.000000000000E+00  0.000000000000E+00  0.000000000000E+00  0.000000000000E+00 -8.673617379884E-17  2.041210657735E+01

 The Mass Properties with respect to Principal Inertial Axes
 ========================================================

 Mass Per Unit Span                     =    6.7822760000E+01
 Mass Moments of Intertia about x1 axis =    2.7170035874E+01
 Mass Moments of Intertia about x2 axis =    6.7579292969E+00
 Mass Moments of Intertia about x3 axis =    2.0412106577E+01
 The user coordinate axes are the principal inertial axes.
 The mass-weighted radius of gyration   =    6.3293247062E-01

 The Geometric Center of the Cross Section
 ========================================================

  Xg2 =   -7.7319851172E-15
  Xg3 =   -2.4850958523E-17

 Classical Stiffness Matrix (1-extension; 2-twist; 3,4-bending)
 ========================================================

     1.1881748783E+09    7.9841677975E+01   -2.7409651625E-01   -1.5878250854E+02
     7.9841677975E+01    2.0720653737E+07   -2.1513160595E-04   -1.1015530835E+03
    -2.7409651625E-01   -2.1513160595E-04    1.3511175040E+08    7.9734159123E-03
    -1.5878250854E+02   -1.1015530835E+03    7.9734159123E-03    2.7268347578E+08

 Classical Flexibility Matrix (1-extension; 2-twist; 3,4-bending)
 ========================================================

     8.4162695095E-10   -3.2429656427E-15    1.7073793356E-18    4.9006294145E-16
    -3.2429656427E-15    4.8261025590E-08    7.6825505812E-20    1.9495893868E-13
     1.7073793356E-18    7.6825505812E-20    7.4012807698E-09   -2.1641624584E-19
     4.9006294145E-16    1.9495893868E-13   -2.1641624584E-19    3.6672555876E-09

 The Neutral Axes (or Tension Center) of the Cross Section
 ========================================================

  Xt2 =    1.3363206620E-07
  Xt3 =   -2.3068701454E-10

 Timoshenko Stiffness Matrix (1-extension; 2,3-shear, 4-twist; 5,6-bending)
 ========================================================

     1.1881748785E+09   -2.0127613385E-04    1.7385425246E+03    7.9841374466E+01   -2.7409653761E-01   -1.5878569846E+02
    -2.0127613385E-04    6.0429987702E+07    3.4877425354E-02   -7.7273800201E-03   -1.3111004433E+00   -3.5539258322E-05
     1.7385425246E+03    3.4877425354E-02    1.5013933860E+07   -2.6210847392E+00   -1.8454646655E-04   -2.7547905699E+01
     7.9841374466E+01   -7.7273800201E-03   -2.6210847392E+00    2.0720653737E+07   -2.1513140607E-04   -1.1015530787E+03
    -2.7409653761E-01   -1.3111004433E+00   -1.8454646655E-04   -2.1513140607E-04    1.3511175040E+08    7.9734162516E-03
    -1.5878569846E+02   -3.5539258322E-05   -2.7547905699E+01   -1.1015530787E+03    7.9734162516E-03    2.7268347578E+08

 Timoshenko Flexibility Matrix (1-extension; 2,3-shear, 4-twist; 5,6-bending)
 ========================================================

     8.4162695095E-10    2.8591044073E-21   -9.7456419668E-14   -3.2429656427E-15    1.7073793356E-18    4.9006294145E-16
     2.8591044073E-21    1.6548075517E-08   -3.8441241496E-17    6.1712903075E-18    1.6057958751E-16    2.1777796788E-21
    -9.7456419668E-14   -3.8441241496E-17    6.6604795885E-08    8.4259893240E-15    9.0775709691E-20    6.7287408518E-15
    -3.2429656427E-15    6.1712903075E-18    8.4259893240E-15    4.8261025590E-08    7.6825505812E-20    1.9495893868E-13
     1.7073793356E-18    1.6057958751E-16    9.0775709691E-20    7.6825505812E-20    7.4012807698E-09   -2.1641624584E-19
     4.9006294145E-16    2.1777796788E-21    6.7287408518E-15    1.9495893868E-13   -2.1641624584E-19    3.6672555876E-09

 The Generalized Shear Center of the Cross Section in the User Coordinate System
 ========================================================

  Xs2 =   -1.7459200713E-07
  Xs3 =    1.2787316954E-10
