
 The 6X6 Mass Matrix
 ========================================================

     3.6890240000E+02    0.0000000000E+00    0.0000000000E+00    0.0000000000E+00    4.1744385726E-14   -3.2674418726E-12
     0.0000000000E+00    3.6890240000E+02    0.0000000000E+00   -4.1744385726E-14    0.0000000000E+00    0.0000000000E+00
     0.0000000000E+00    0.0000000000E+00    3.6890240000E+02    3.2674418726E-12    0.0000000000E+00    0.0000000000E+00
     0.0000000000E+00   -4.1744385726E-14    3.2674418726E-12    1.1133633651E+03    0.0000000000E+00    0.0000000000E+00
     4.1744385726E-14    0.0000000000E+00    0.0000000000E+00    0.0000000000E+00    1.0041392177E+03   -3.3306690739E-15
    -3.2674418726E-12    0.0000000000E+00    0.0000000000E+00    0.0000000000E+00   -3.3306690739E-15    1.0922414739E+02

 The Mass Center of the Cross Section
 ========================================================

  Xm2 =    8.8571987404E-15
  Xm3 =    1.1315834683E-16

 The 6X6 Mass Matrix at the Mass Center
 ========================================================

   3.689024000000E+02  0.000000000000E+00  0.000000000000E+00  0.000000000000E+00  0.000000000000E+00  0.000000000000E+00
   0.000000000000E+00  3.689024000000E+02  0.000000000000E+00  0.000000000000E+00  0.000000000000E+00  0.000000000000E+00
   0.000000000000E+00  0.000000000000E+00  3.689024000000E+02  0.000000000000E+00  0.000000000000E+00  0.000000000000E+00
   0.000000000000E+00  0.000000000000E+00  0.000000000000E+00  1.113363365097E+03  0.000000000000E+00  0.000000000000E+00
   0.000000000000E+00  0.000000000000E+00  0.000000000000E+00  0.000000000000E+00  1.004139217707E+03 -3.330669073875E-15
   0.000000000000E+00  0.000000000000E+00  0.000000000000E+00  0.000000000000E+00 -3.330669073875E-15  1.092241473899E+02

 The Mass Properties with respect to Principal Inertial Axes
 ========================================================

 Mass Per Unit Span                     =    3.6890240000E+02
 Mass Moments of Intertia about x1 axis =    1.1133633651E+03
 Mass Moments of Intertia about x2 axis =    1.0041392177E+03
 Mass Moments of Intertia about x3 axis =    1.0922414739E+02
 The user coordinate axes are the principal inertial axes.
 The mass-weighted radius of gyration   =    1.7372516111E+00

 The Geometric Center of the Cross Section
 ========================================================

  Xg2 =    2.2324876420E-16
  Xg3 =    5.3560743854E-17

 Classical Stiffness Matrix (1-extension; 2-twist; 3,4-bending)
 ========================================================

     6.5305355775E+09   -2.8349646439E+03   -4.2990773411E+00   -1.3736425494E+04
    -2.8349646439E+03    2.8319252964E+08    1.1632167273E+00   -1.2216052423E+04
    -4.2990773411E+00    1.1632167273E+00    2.0167503733E+10    1.1308792955E+01
    -1.3736425494E+04   -1.2216052423E+04    1.1308792955E+01    1.4843254425E+09

 Classical Flexibility Matrix (1-extension; 2-twist; 3,4-bending)
 ========================================================

     1.5312679766E-10    1.5329725304E-15    3.2640932959E-20    1.4170972981E-15
     1.5329725304E-15    3.5311665941E-09   -2.0368579896E-19    2.9061643795E-14
     3.2640932959E-20   -2.0368579896E-19    4.9584718725E-11   -3.7777790610E-19
     1.4170972981E-15    2.9061643795E-14   -3.7777790610E-19    6.7370670321E-10

 The Neutral Axes (or Tension Center) of the Cross Section
 ========================================================

  Xt2 =    2.1034335733E-06
  Xt3 =   -6.5830216303E-10

 Timoshenko Stiffness Matrix (1-extension; 2,3-shear, 4-twist; 5,6-bending)
 ========================================================

     6.5305355786E+09   -3.5407141930E-02    1.1361058682E+04   -2.8349456900E+03   -4.2990349039E+00   -1.3736293735E+04
    -3.5407141930E-02    2.5672191166E+08   -4.4523775628E-01   -1.4406804013E+00    4.4261832032E+01    4.1805818801E-02
     1.1361058682E+04   -4.4523775628E-01    1.2355946379E+08    2.0613749151E+02    4.6160049036E-01    1.4329751484E+03
    -2.8349456900E+03   -1.4406804013E+00    2.0613749151E+02    2.8319252964E+08    1.1632172490E+00   -1.2216050033E+04
    -4.2990349039E+00    4.4261832032E+01    4.6160049036E-01    1.1632172490E+00    2.0167503733E+10    1.1308798316E+01
    -1.3736293735E+04    4.1805818801E-02    1.4329751484E+03   -1.2216050033E+04    1.1308798316E+01    1.4843254425E+09

 Timoshenko Flexibility Matrix (1-extension; 2,3-shear, 4-twist; 5,6-bending)
 ========================================================

     1.5312679766E-10    2.1103228891E-20   -1.4079738025E-14    1.5329725304E-15    3.2640932959E-20    1.4170972981E-15
     2.1103228891E-20    3.8952654782E-09    1.4036278928E-17    1.9816301220E-17   -8.5489800138E-18   -1.0955980963E-19
    -1.4079738025E-14    1.4036278928E-17    8.0932691797E-09   -5.8916157637E-15   -1.8523973060E-19   -7.8134610154E-15
     1.5329725304E-15    1.9816301220E-17   -5.8916157637E-15    3.5311665941E-09   -2.0368579896E-19    2.9061643795E-14
     3.2640932959E-20   -8.5489800138E-18   -1.8523973060E-19   -2.0368579896E-19    4.9584718725E-11   -3.7777790610E-19
     1.4170972981E-15   -1.0955980963E-19   -7.8134610154E-15    2.9061643795E-14   -3.7777790610E-19    6.7370670321E-10

 The Generalized Shear Center of the Cross Section in the User Coordinate System
 ========================================================

  Xs2 =    1.6684615712E-06
  Xs3 =    5.6118284684E-09
