
 The 6X6 Mass Matrix
 ========================================================

     1.1915728000E+02    0.0000000000E+00    0.0000000000E+00    0.0000000000E+00   -9.4368957093E-16    1.0316747456E-13
     0.0000000000E+00    1.1915728000E+02    0.0000000000E+00    9.4368957093E-16    0.0000000000E+00    0.0000000000E+00
     0.0000000000E+00    0.0000000000E+00    1.1915728000E+02   -1.0316747456E-13    0.0000000000E+00    0.0000000000E+00
     0.0000000000E+00    9.4368957093E-16   -1.0316747456E-13    4.6985231893E+01    0.0000000000E+00    0.0000000000E+00
    -9.4368957093E-16    0.0000000000E+00    0.0000000000E+00    0.0000000000E+00    1.5979182620E+01    1.6653345369E-16
     1.0316747456E-13    0.0000000000E+00    0.0000000000E+00    0.0000000000E+00    1.6653345369E-16    3.1006049272E+01

 The Mass Center of the Cross Section
 ========================================================

  Xm2 =   -8.6580924441E-16
  Xm3 =   -7.9196971510E-18

 The Mass Properties with respect to Principal Inertial Axes
 ========================================================

 Mass Per Unit Span                     =    1.1915728000E+02
 Mass Moments of Intertia about x1 axis =    4.6985231893E+01
 Mass Moments of Intertia about x2 axis =    1.5979182620E+01
 Mass Moments of Intertia about x3 axis =    3.1006049272E+01
 The user coordinate axes are the principal inertial axes.
 The mass-weighted radius of gyration   =    6.2794325058E-01

 The Geometric Center of the Cross Section
 ========================================================

  Xg2 =   -5.2187939424E-15
  Xg3 =    1.8946491052E-17

 Classical Stiffness Matrix (1-extension; 2-twist; 3,4-bending)
 ========================================================

     2.2695000361E+09    7.0280973688E+01   -3.5732261753E+00   -2.3366931314E+01
     7.0280973688E+01    3.5251152109E+07    8.4930842958E-02   -1.8493373998E+03
    -3.5732261753E+00    8.4930842958E-02    3.3073783531E+08    2.2042622285E-01
    -2.3366931314E+01   -1.8493373998E+03    2.2042622285E-01    4.8172603805E+08

 Classical Flexibility Matrix (1-extension; 2-twist; 3,4-bending)
 ========================================================

     4.4062568147E-10   -8.7848369637E-16    4.7604329482E-18    2.1369916939E-17
    -8.7848369637E-16    2.8367867158E-08   -7.2847245089E-18    1.0890372022E-13
     4.7604329482E-18   -7.2847245089E-18    3.0235427980E-09   -1.3835280359E-18
     2.1369916939E-17    1.0890372022E-13   -1.3835280359E-18    2.0758686914E-09

 The Neutral Axes (or Tension Center) of the Cross Section
 ========================================================

  Xt2 =    1.0294445420E-08
  Xt3 =   -1.5744552931E-09

 Timoshenko Stiffness Matrix (1-extension; 2,3-shear, 4-twist; 5,6-bending)
 ========================================================

     2.2695000363E+09   -9.3224431712E-02    2.3212122355E+03    7.0280455276E+01   -3.5732256075E+00   -2.3369374849E+01
    -9.3224431712E-02    1.1741031872E+08   -3.7290850084E-03    7.7719807835E-02   -1.5268709993E+01    7.0214725063E-04
     2.3212122355E+03   -3.7290850084E-03    2.0676889885E+07   -4.6179090345E+00    4.9498381020E-03   -2.1766513996E+01
     7.0280455276E+01    7.7719807835E-02   -4.6179090345E+00    3.5251152109E+07    8.4930831746E-02   -1.8493373950E+03
    -3.5732256075E+00   -1.5268709993E+01    4.9498381020E-03    8.4930831746E-02    3.3073783531E+08    2.2042621755E-01
    -2.3369374849E+01    7.0214725063E-04   -2.1766513996E+01   -1.8493373950E+03    2.2042621755E-01    4.8172603805E+08

 Timoshenko Flexibility Matrix (1-extension; 2,3-shear, 4-twist; 5,6-bending)
 ========================================================

     4.4062568147E-10    3.4985881726E-19   -4.9465162914E-14   -8.7848369637E-16    4.7604329482E-18    2.1369916939E-17
     3.4985881726E-19    8.5171389614E-09    1.5360256964E-18   -1.8778123203E-17    3.9319881456E-16   -1.2486470269E-20
    -4.9465162914E-14    1.5360256964E-18    4.8363172880E-08    6.3358000343E-15   -7.2434295933E-19    2.1852840770E-15
    -8.7848369637E-16   -1.8778123203E-17    6.3358000343E-15    2.8367867158E-08   -7.2847245089E-18    1.0890372022E-13
     4.7604329482E-18    3.9319881456E-16   -7.2434295933E-19   -7.2847245089E-18    3.0235427980E-09   -1.3835280359E-18
     2.1369916939E-17   -1.2486470269E-20    2.1852840770E-15    1.0890372022E-13   -1.3835280359E-18    2.0758686914E-09

 The Generalized Shear Center of the Cross Section in the User Coordinate System
 ========================================================

  Xs2 =   -2.2334425070E-07
  Xs3 =   -6.6195047723E-10
