
 The 6X6 Mass Matrix
 ========================================================

     4.3528664000E+02    0.0000000000E+00    0.0000000000E+00    0.0000000000E+00    1.7097434579E-14    5.0420778663E-13
     0.0000000000E+00    4.3528664000E+02    0.0000000000E+00   -1.7097434579E-14    0.0000000000E+00    0.0000000000E+00
     0.0000000000E+00    0.0000000000E+00    4.3528664000E+02   -5.0420778663E-13    0.0000000000E+00    0.0000000000E+00
     0.0000000000E+00   -1.7097434579E-14   -5.0420778663E-13    6.8957647054E+02    0.0000000000E+00    0.0000000000E+00
     1.7097434579E-14    0.0000000000E+00    0.0000000000E+00    0.0000000000E+00    5.8077075310E+02    1.1102230246E-16
     5.0420778663E-13    0.0000000000E+00    0.0000000000E+00    0.0000000000E+00    1.1102230246E-16    1.0880571744E+02

 The Mass Center of the Cross Section
 ========================================================

  Xm2 =   -1.1583350838E-15
  Xm3 =    3.9278564992E-17

 The 6X6 Mass Matrix at the Mass Center
 ========================================================

   4.352866400000E+02  0.000000000000E+00  0.000000000000E+00  0.000000000000E+00  0.000000000000E+00  0.000000000000E+00
   0.000000000000E+00  4.352866400000E+02  0.000000000000E+00  0.000000000000E+00  0.000000000000E+00  0.000000000000E+00
   0.000000000000E+00  0.000000000000E+00  4.352866400000E+02  0.000000000000E+00  0.000000000000E+00  0.000000000000E+00
   0.000000000000E+00  0.000000000000E+00  0.000000000000E+00  6.895764705357E+02  0.000000000000E+00  0.000000000000E+00
   0.000000000000E+00  0.000000000000E+00  0.000000000000E+00  0.000000000000E+00  5.807707530956E+02  1.110223024625E-16
   0.000000000000E+00  0.000000000000E+00  0.000000000000E+00  0.000000000000E+00  1.110223024625E-16  1.088057174402E+02

 The Mass Properties with respect to Principal Inertial Axes
 ========================================================

 Mass Per Unit Span                     =    4.3528664000E+02
 Mass Moments of Intertia about x1 axis =    6.8957647054E+02
 Mass Moments of Intertia about x2 axis =    5.8077075310E+02
 Mass Moments of Intertia about x3 axis =    1.0880571744E+02
 The user coordinate axes are the principal inertial axes.
 The mass-weighted radius of gyration   =    1.2586458500E+00

 The Geometric Center of the Cross Section
 ========================================================

  Xg2 =    1.3212471415E-15
  Xg3 =   -6.5292834382E-17

 Classical Stiffness Matrix (1-extension; 2-twist; 3,4-bending)
 ========================================================

     8.4579158080E+09    1.5133593231E+02    3.1987423348E+01    1.2694056177E+03
     1.5133593231E+02    1.9032151254E+08   -5.1694587032E-02   -9.3680842607E+03
     3.1987423348E+01   -5.1694587032E-02    1.2114349684E+10   -1.4990215626E+01
     1.2694056177E+03   -9.3680842607E+03   -1.4990215626E+01    1.7622822966E+09

 Classical Flexibility Matrix (1-extension; 2-twist; 3,4-bending)
 ========================================================

     1.1823243725E-10   -9.4017821314E-17   -3.1218781065E-19   -8.5165583915E-17
    -9.4017821314E-17    5.2542667767E-09    2.2455918667E-20    2.7931060822E-14
    -3.1218781065E-19    2.2455918667E-20    8.2546733924E-11    7.0215421774E-19
    -8.5165583915E-17    2.7931060822E-14    7.0215421774E-19    5.6744597741E-10

 The Neutral Axes (or Tension Center) of the Cross Section
 ========================================================

  Xt2 =   -1.5008580077E-07
  Xt3 =    3.7819510286E-09

 Timoshenko Stiffness Matrix (1-extension; 2,3-shear, 4-twist; 5,6-bending)
 ========================================================

     8.4579158089E+09   -1.1115477353E-02    8.6746793346E+03    1.5133528511E+02    3.1987417336E+01    1.2693986102E+03
    -1.1115477353E-02    4.0830666981E+08    1.5796341722E+00   -2.0729683252E+00    1.6036283241E+01    4.9379465459E-03
     8.6746793346E+03    1.5796341722E+00    8.3180824027E+07   -6.2059828133E+00   -5.7651983525E-02   -6.7194339223E+01
     1.5133528511E+02   -2.0729683252E+00   -6.2059828133E+00    1.9032151254E+08   -5.1694664147E-02   -9.3680842557E+03
     3.1987417336E+01    1.6036283241E+01   -5.7651983525E-02   -5.1694664147E-02    1.2114349684E+10   -1.4990215579E+01
     1.2693986102E+03    4.9379465459E-03   -6.7194339223E+01   -9.3680842557E+03   -1.4990215579E+01    1.7622822966E+09

 Timoshenko Flexibility Matrix (1-extension; 2,3-shear, 4-twist; 5,6-bending)
 ========================================================

     1.1823243725E-10    3.2659215901E-21   -1.2330107310E-14   -9.4017821314E-17   -3.1218781065E-19   -8.5165583915E-17
     3.2659215901E-21    2.4491395168E-09   -4.6510050628E-17    2.6675850892E-17   -3.2420308159E-18   -6.7225304246E-21
    -1.2330107310E-14   -4.6510050628E-17    1.2022001607E-08    3.9204446501E-16    5.7245688180E-20    4.5839975820E-16
    -9.4017821314E-17    2.6675850892E-17    3.9204446501E-16    5.2542667767E-09    2.2455918667E-20    2.7931060822E-14
    -3.1218781065E-19   -3.2420308159E-18    5.7245688180E-20    2.2455918667E-20    8.2546733924E-11    7.0215421774E-19
    -8.5165583915E-17   -6.7225304246E-21    4.5839975820E-16    2.7931060822E-14    7.0215421774E-19    5.6744597741E-10

 The Generalized Shear Center of the Cross Section in the User Coordinate System
 ========================================================

  Xs2 =   -7.4614495546E-08
  Xs3 =    5.0769882889E-09
