
 The 6X6 Mass Matrix
 ========================================================

     1.5755776000E+02    0.0000000000E+00    0.0000000000E+00    0.0000000000E+00   -1.9428902931E-15   -7.8687056870E-14
     0.0000000000E+00    1.5755776000E+02    0.0000000000E+00    1.9428902931E-15    0.0000000000E+00    0.0000000000E+00
     0.0000000000E+00    0.0000000000E+00    1.5755776000E+02    7.8687056870E-14    0.0000000000E+00    0.0000000000E+00
     0.0000000000E+00    1.9428902931E-15    7.8687056870E-14    6.2004964654E+01    0.0000000000E+00    0.0000000000E+00
    -1.9428902931E-15    0.0000000000E+00    0.0000000000E+00    0.0000000000E+00    2.3406983505E+01   -4.4408920985E-16
    -7.8687056870E-14    0.0000000000E+00    0.0000000000E+00    0.0000000000E+00   -4.4408920985E-16    3.8597981149E+01

 The Mass Center of the Cross Section
 ========================================================

  Xm2 =    4.9941720973E-16
  Xm3 =   -1.2331289129E-17

 The Mass Properties with respect to Principal Inertial Axes
 ========================================================

 Mass Per Unit Span                     =    1.5755776000E+02
 Mass Moments of Intertia about x1 axis =    6.2004964654E+01
 Mass Moments of Intertia about x2 axis =    2.3406983505E+01
 Mass Moments of Intertia about x3 axis =    3.8597981149E+01
 The user coordinate axes are the principal inertial axes.
 The mass-weighted radius of gyration   =    6.2732606594E-01

 The Geometric Center of the Cross Section
 ========================================================

  Xg2 =    5.1398702447E-15
  Xg3 =   -1.2975133706E-17

 Classical Stiffness Matrix (1-extension; 2-twist; 3,4-bending)
 ========================================================

     3.0908498431E+09    7.8716012105E+01   -5.9286052732E+00   -1.5857542072E+01
     7.8716012105E+01    4.2280551231E+07   -6.1641235588E-03   -2.1908159590E+03
    -5.9286052732E+00   -6.1641235588E-03    4.9001871921E+08    2.7816985626E+00
    -1.5857542072E+01   -2.1908159590E+03    2.7816985626E+00    6.3827899790E+08

 Classical Flexibility Matrix (1-extension; 2-twist; 3,4-bending)
 ========================================================

     3.2353561343E-10   -6.0234351058E-16    3.9143707017E-18    8.0359215704E-18
    -6.0234351058E-16    2.3651536488E-08    2.9705314364E-19    8.1181056801E-14
     3.9143707017E-18    2.9705314364E-19    2.0407383653E-09   -8.8937882700E-18
     8.0359215704E-18    8.1181056801E-14   -8.8937882700E-18    1.5667129946E-09

 The Neutral Axes (or Tension Center) of the Cross Section
 ========================================================

  Xt2 =    5.1291599772E-09
  Xt3 =   -1.9181149401E-09

 Timoshenko Stiffness Matrix (1-extension; 2,3-shear, 4-twist; 5,6-bending)
 ========================================================

     3.0908498434E+09    6.2929091554E-03    2.5388305710E+03    7.8715447932E+01   -5.9286059470E+00   -1.5860681652E+01
     6.2929091554E-03    1.6061967679E+08   -1.3049184670E-01    6.3214320571E-02    6.8924986272E+00   -6.5615131895E-03
     2.5388305710E+03   -1.3049184670E-01    2.2996619607E+07   -5.1102494908E+00   -6.1059930535E-03   -2.8438174644E+01
     7.8715447932E+01    6.3214320571E-02   -5.1102494908E+00    4.2280551231E+07   -6.1641194893E-03   -2.1908159527E+03
    -5.9286059470E+00    6.8924986272E+00   -6.1059930535E-03   -6.1641194893E-03    4.9001871921E+08    2.7816985699E+00
    -1.5860681652E+01   -6.5615131895E-03   -2.8438174644E+01   -2.1908159527E+03    2.7816985699E+00    6.3827899790E+08

 Timoshenko Flexibility Matrix (1-extension; 2,3-shear, 4-twist; 5,6-bending)
 ========================================================

     3.2353561343E-10   -1.2704732527E-20   -3.5718384835E-14   -6.0234351058E-16    3.9143707017E-18    8.0359215704E-18
    -1.2704732527E-20    6.2258872636E-09    3.5328127622E-17   -9.3084148790E-18   -8.7572000283E-17    6.3972176073E-20
    -3.5718384835E-14    3.5328127622E-17    4.3484651970E-08    5.2559503202E-15    5.4140711717E-19    1.9374522418E-15
    -6.0234351058E-16   -9.3084148790E-18    5.2559503202E-15    2.3651536488E-08    2.9705314364E-19    8.1181056801E-14
     3.9143707017E-18   -8.7572000283E-17    5.4140711717E-19    2.9705314364E-19    2.0407383653E-09   -8.8937882700E-18
     8.0359215704E-18    6.3972176073E-20    1.9374522418E-15    8.1181056801E-14   -8.8937882700E-18    1.5667129946E-09

 The Generalized Shear Center of the Cross Section in the User Coordinate System
 ========================================================

  Xs2 =   -2.2222447674E-07
  Xs3 =   -3.9356491210E-10
