
 The 6X6 Mass Matrix
 ========================================================

     4.7409452000E+02    0.0000000000E+00    0.0000000000E+00    0.0000000000E+00    2.9376501232E-13   -9.6572749797E-13
     0.0000000000E+00    4.7409452000E+02    0.0000000000E+00   -2.9376501232E-13    0.0000000000E+00    0.0000000000E+00
     0.0000000000E+00    0.0000000000E+00    4.7409452000E+02    9.6572749797E-13    0.0000000000E+00    0.0000000000E+00
     0.0000000000E+00   -2.9376501232E-13    9.6572749797E-13    1.0818596991E+03    0.0000000000E+00    0.0000000000E+00
     2.9376501232E-13    0.0000000000E+00    0.0000000000E+00    0.0000000000E+00    9.5934476667E+02    1.9984014443E-15
    -9.6572749797E-13    0.0000000000E+00    0.0000000000E+00    0.0000000000E+00    1.9984014443E-15    1.2251493242E+02

 The Mass Center of the Cross Section
 ========================================================

  Xm2 =    2.0369935893E-15
  Xm3 =    6.1963384921E-16

 The 6X6 Mass Matrix at the Mass Center
 ========================================================

   4.740945200000E+02  0.000000000000E+00  0.000000000000E+00  0.000000000000E+00  0.000000000000E+00  0.000000000000E+00
   0.000000000000E+00  4.740945200000E+02  0.000000000000E+00  0.000000000000E+00  0.000000000000E+00  0.000000000000E+00
   0.000000000000E+00  0.000000000000E+00  4.740945200000E+02  0.000000000000E+00  0.000000000000E+00  0.000000000000E+00
   0.000000000000E+00  0.000000000000E+00  0.000000000000E+00  1.081859699086E+03  0.000000000000E+00  0.000000000000E+00
   0.000000000000E+00  0.000000000000E+00  0.000000000000E+00  0.000000000000E+00  9.593447666711E+02  1.998401444326E-15
   0.000000000000E+00  0.000000000000E+00  0.000000000000E+00  0.000000000000E+00  1.998401444326E-15  1.225149324150E+02

 The Mass Properties with respect to Principal Inertial Axes
 ========================================================

 Mass Per Unit Span                     =    4.7409452000E+02
 Mass Moments of Intertia about x1 axis =    1.0818596991E+03
 Mass Moments of Intertia about x2 axis =    9.5934476667E+02
 Mass Moments of Intertia about x3 axis =    1.2251493242E+02
 The user coordinate axes are the principal inertial axes.
 The mass-weighted radius of gyration   =    1.5106122555E+00

 The Geometric Center of the Cross Section
 ========================================================

  Xg2 =    6.9928309155E-15
  Xg3 =    1.8548898670E-16

 Classical Stiffness Matrix (1-extension; 2-twist; 3,4-bending)
 ========================================================

     9.0617621678E+09    2.9414104636E+02   -1.0085143877E+02    8.0099948024E+00
     2.9414104636E+02    2.3986097625E+08    9.5991776764E-01   -1.1785136209E+04
    -1.0085143877E+02    9.5991776764E-01    1.9884399914E+10    9.8575666898E+01
     8.0099948024E+00   -1.1785136209E+04    9.8575666898E+01    1.9172304741E+09

 Classical Flexibility Matrix (1-extension; 2-twist; 3,4-bending)
 ========================================================

     1.1035381215E-10   -1.3532668685E-16    5.5970212592E-19   -4.6187893020E-19
    -1.3532668685E-16    4.1690816737E-09   -2.0138980578E-19    2.5627172140E-14
     5.5970212592E-19   -2.0138980578E-19    5.0290680348E-11   -2.5857296756E-18
    -4.6187893020E-19    2.5627172140E-14   -2.5857296756E-18    5.2158570072E-10

 The Neutral Axes (or Tension Center) of the Cross Section
 ========================================================

  Xt2 =   -8.8552830490E-10
  Xt3 =   -1.1129340859E-08

 Timoshenko Stiffness Matrix (1-extension; 2,3-shear, 4-twist; 5,6-bending)
 ========================================================

     9.0617621690E+09    1.2606209076E+00    1.0803560108E+04    2.9414160057E+02   -1.0085133508E+02    7.9954408714E+00
     1.2606209076E+00    4.1288703016E+08    3.9722184161E+00    1.1969864539E+01    3.3981895839E+01   -1.3785634878E+00
     1.0803560108E+04    3.9722184161E+00    1.0379340729E+08    5.3241082021E+00    9.9523801131E-01   -1.3982443171E+02
     2.9414160057E+02    1.1969864539E+01    5.3241082021E+00    2.3986097625E+08    9.5991880385E-01   -1.1785136217E+04
    -1.0085133508E+02    3.3981895839E+01    9.9523801131E-01    9.5991880385E-01    1.9884399914E+10    9.8575665444E+01
     7.9954408714E+00   -1.3785634878E+00   -1.3982443171E+02   -1.1785136217E+04    9.8575665444E+01    1.9172304741E+09

 Timoshenko Flexibility Matrix (1-extension; 2,3-shear, 4-twist; 5,6-bending)
 ========================================================

     1.1035381215E-10   -3.3681633459E-19   -1.1486413956E-14   -1.3532668685E-16    5.5970212592E-19   -4.6187893020E-19
    -3.3681633459E-19    2.4219699989E-09   -9.2689791712E-17   -1.2086431127E-16   -4.1390805143E-18    1.7407413987E-18
    -1.1486413956E-14   -9.2689791712E-17    9.6345232921E-09   -2.1380544986E-16   -4.8228099272E-19    7.0264860399E-16
    -1.3532668685E-16   -1.2086431127E-16   -2.1380544986E-16    4.1690816737E-09   -2.0138980578E-19    2.5627172140E-14
     5.5970212592E-19   -4.1390805143E-18   -4.8228099272E-19   -2.0138980578E-19    5.0290680348E-11   -2.5857296756E-18
    -4.6187893020E-19    1.7407413987E-18    7.0264860399E-16    2.5627172140E-14   -2.5857296756E-18    5.2158570072E-10

 The Generalized Shear Center of the Cross Section in the User Coordinate System
 ========================================================

  Xs2 =    5.1283583916E-08
  Xs3 =   -2.8990631685E-08
