
 The 6X6 Mass Matrix
 ========================================================

     3.7276112000E+02    0.0000000000E+00    0.0000000000E+00    0.0000000000E+00    2.3607851785E-14    9.6674990062E-12
     0.0000000000E+00    3.7276112000E+02    0.0000000000E+00   -2.3607851785E-14    0.0000000000E+00    0.0000000000E+00
     0.0000000000E+00    0.0000000000E+00    3.7276112000E+02   -9.6674990062E-12    0.0000000000E+00    0.0000000000E+00
     0.0000000000E+00   -2.3607851785E-14   -9.6674990062E-12    2.0828707526E+03    0.0000000000E+00    0.0000000000E+00
     2.3607851785E-14    0.0000000000E+00    0.0000000000E+00    0.0000000000E+00    1.9513514858E+03   -6.7411354276E-15
     9.6674990062E-12    0.0000000000E+00    0.0000000000E+00    0.0000000000E+00   -6.7411354276E-15    1.3151926679E+02

 The Mass Center of the Cross Section
 ========================================================

  Xm2 =   -2.5934837319E-14
  Xm3 =    6.3332387736E-17

 The 6X6 Mass Matrix at the Mass Center
 ========================================================

   3.727611200001E+02  0.000000000000E+00  0.000000000000E+00  0.000000000000E+00  0.000000000000E+00  0.000000000000E+00
   0.000000000000E+00  3.727611200001E+02  0.000000000000E+00  0.000000000000E+00  0.000000000000E+00  0.000000000000E+00
   0.000000000000E+00  0.000000000000E+00  3.727611200001E+02  0.000000000000E+00  0.000000000000E+00  0.000000000000E+00
   0.000000000000E+00  0.000000000000E+00  0.000000000000E+00  2.082870752624E+03  0.000000000000E+00  0.000000000000E+00
   0.000000000000E+00  0.000000000000E+00  0.000000000000E+00  0.000000000000E+00  1.951351485836E+03 -6.741135427646E-15
   0.000000000000E+00  0.000000000000E+00  0.000000000000E+00  0.000000000000E+00 -6.741135427646E-15  1.315192667884E+02

 The Mass Properties with respect to Principal Inertial Axes
 ========================================================

 Mass Per Unit Span                     =    3.7276112000E+02
 Mass Moments of Intertia about x1 axis =    2.0828707526E+03
 Mass Moments of Intertia about x2 axis =    1.9513514858E+03
 Mass Moments of Intertia about x3 axis =    1.3151926679E+02
 The user coordinate axes are the principal inertial axes.
 The mass-weighted radius of gyration   =    2.3638279142E+00

 The Geometric Center of the Cross Section
 ========================================================

  Xg2 =    2.8180512292E-14
  Xg3 =    4.5981614291E-18

 Classical Stiffness Matrix (1-extension; 2-twist; 3,4-bending)
 ========================================================

     4.0370620633E+09    8.1448721982E+05    4.4742588076E+02    2.3476532786E+02
     8.1448721982E+05    4.3298854204E+08    4.0927815399E+01   -2.1111977802E+04
     4.4742588076E+02    4.0927815399E+01    2.3986395855E+10   -1.4657435245E+02
     2.3476532786E+02   -2.1111977802E+04   -1.4657435245E+02    1.1797352192E+09

 Classical Flexibility Matrix (1-extension; 2-twist; 3,4-bending)
 ========================================================

     2.4770498046E-10   -4.6595353572E-13   -4.6197251854E-18   -5.7631357637E-17
    -4.6595353572E-13    2.3095308150E-09   -3.9317917449E-18    4.1330352690E-14
    -4.6197251854E-18   -3.9317917449E-18    4.1690298369E-11    5.1796763072E-18
    -5.7631357637E-17    4.1330352690E-14    5.1796763072E-18    8.4764783202E-10

 The Neutral Axes (or Tension Center) of the Cross Section
 ========================================================

  Xt2 =   -6.7989741596E-08
  Xt3 =    1.1081054859E-07

 Timoshenko Stiffness Matrix (1-extension; 2,3-shear, 4-twist; 5,6-bending)
 ========================================================

     4.0370620652E+09   -3.4953718680E+01    1.8748051620E+04    8.1448721793E+05    4.4737356123E+02    2.3906014924E+02
    -3.4953718680E+01    1.7554138169E+08    3.5085213618E+00   -1.6118288865E+01    2.6016799806E+05    1.2338429823E+01
     1.8748051620E+04    3.5085213618E+00    1.8323735778E+08   -1.8495912317E+01   -5.0282824927E+00    4.1976211024E+04
     8.1448721793E+05   -1.6118288865E+01   -1.8495912317E+01    4.3298854204E+08    4.0903927164E+01   -2.1111982040E+04
     4.4737356123E+02    2.6016799806E+05   -5.0282824927E+00    4.0903927164E+01    2.3986396241E+10   -1.4655721887E+02
     2.3906014924E+02    1.2338429823E+01    4.1976211024E+04   -2.1111982040E+04   -1.4655721887E+02    1.1797352288E+09

 Timoshenko Flexibility Matrix (1-extension; 2,3-shear, 4-twist; 5,6-bending)
 ========================================================

     2.4770498046E-10    4.9287474451E-17   -2.5344132964E-14   -4.6595353572E-13   -4.6197251854E-18   -5.7631357637E-17
     4.9287474451E-17    5.6966625558E-09   -1.0906941907E-16    2.1197229778E-16   -6.1788743833E-14   -5.9579372853E-17
    -2.5344132964E-14   -1.0906941907E-16    5.4574024682E-09    2.7132954012E-16    1.1445073319E-18   -1.9418006708E-13
    -4.6595353572E-13    2.1197229778E-16    2.7132954012E-16    2.3095308150E-09   -3.9317917449E-18    4.1330352690E-14
    -4.6197251854E-18   -6.1788743833E-14    1.1445073319E-18   -3.9317917449E-18    4.1690298369E-11    5.1796763072E-18
    -5.7631357637E-17   -5.9579372853E-17   -1.9418006708E-13    4.1330352690E-14    5.1796763072E-18    8.4764783202E-10

 The Generalized Shear Center of the Cross Section in the User Coordinate System
 ========================================================

  Xs2 =   -1.1748253730E-07
  Xs3 =    9.1781541255E-08
