
 The 6X6 Mass Matrix
 ========================================================

     4.3036380000E+02    0.0000000000E+00    0.0000000000E+00    0.0000000000E+00    2.1094237468E-13    1.4743761767E-13
     0.0000000000E+00    4.3036380000E+02    0.0000000000E+00   -2.1094237468E-13    0.0000000000E+00    0.0000000000E+00
     0.0000000000E+00    0.0000000000E+00    4.3036380000E+02   -1.4743761767E-13    0.0000000000E+00    0.0000000000E+00
     0.0000000000E+00   -2.1094237468E-13   -1.4743761767E-13    1.0867671132E+03    0.0000000000E+00    0.0000000000E+00
     2.1094237468E-13    0.0000000000E+00    0.0000000000E+00    0.0000000000E+00    9.7031832943E+02   -3.3306690739E-16
     1.4743761767E-13    0.0000000000E+00    0.0000000000E+00    0.0000000000E+00   -3.3306690739E-16    1.1644878374E+02

 The Mass Center of the Cross Section
 ========================================================

  Xm2 =   -3.4258833496E-16
  Xm3 =    4.9014897321E-16

 The Mass Properties with respect to Principal Inertial Axes
 ========================================================

 Mass Per Unit Span                     =    4.3036380000E+02
 Mass Moments of Intertia about x1 axis =    1.0867671132E+03
 Mass Moments of Intertia about x2 axis =    9.7031832943E+02
 Mass Moments of Intertia about x3 axis =    1.1644878374E+02
 The user coordinate axes are the principal inertial axes.
 The mass-weighted radius of gyration   =    1.5890968877E+00

 The Geometric Center of the Cross Section
 ========================================================

  Xg2 =   -7.5465654567E-15
  Xg3 =   -1.4110785091E-16

 Classical Stiffness Matrix (1-extension; 2-twist; 3,4-bending)
 ========================================================

     8.0297365656E+09    3.0625035149E+02   -2.2097859930E+00    1.4062641767E+01
     3.0625035149E+02    2.5424771477E+08   -8.0159219583E-01   -1.2537885537E+04
    -2.2097859930E+00   -8.0159219583E-01    1.9920240109E+10   -6.0109240580E-01
     1.4062641767E+01   -1.2537885537E+04   -6.0109240580E-01    1.7375510763E+09

 Classical Flexibility Matrix (1-extension; 2-twist; 3,4-bending)
 ========================================================

     1.2453708684E-10   -1.5000936903E-16    1.3815104023E-20   -1.0090070232E-18
    -1.5000936903E-16    3.9331720298E-09    1.5827202458E-19    2.8381128694E-14
     1.3815104023E-20    1.5827202458E-19    5.0200198117E-11    1.7367513664E-20
    -1.0090070232E-18    2.8381128694E-14    1.7367513664E-20    5.7552265023E-10

 The Neutral Axes (or Tension Center) of the Cross Section
 ========================================================

  Xt2 =   -1.7532012386E-09
  Xt3 =   -2.7520018987E-10

 Timoshenko Stiffness Matrix (1-extension; 2,3-shear, 4-twist; 5,6-bending)
 ========================================================

     8.0297365668E+09    4.1258816539E-01    1.1520986854E+04    3.0624973240E+02   -2.2097871241E+00    1.4047421686E+01
     4.1258816539E-01    3.5013580967E+08    4.0537543175E-02    2.2787551377E-01    8.9702091833E+01    3.6085125951E-03
     1.1520986854E+04    4.0537543175E-02    1.1036175651E+08   -5.9304049798E+00   -1.1847336263E-02   -1.4579609072E+02
     3.0624973240E+02    2.2787551377E-01   -5.9304049798E+00    2.5424771477E+08   -8.0159213681E-01   -1.2537885530E+04
    -2.2097871241E+00    8.9702091833E+01   -1.1847336263E-02   -8.0159213681E-01    1.9920240109E+10   -6.0109238922E-01
     1.4047421686E+01    3.6085125951E-03   -1.4579609072E+02   -1.2537885530E+04   -6.0109238922E-01    1.7375510763E+09

 Timoshenko Flexibility Matrix (1-extension; 2,3-shear, 4-twist; 5,6-bending)
 ========================================================

     1.2453708684E-10   -1.4674868093E-19   -1.3000791096E-14   -1.5000936903E-16    1.3815104023E-20   -1.0090070232E-18
    -1.4674868093E-19    2.8560346368E-09   -1.0490495672E-18   -2.5597886180E-18   -1.2860903276E-17   -5.9499200068E-21
    -1.3000791096E-14   -1.0490495672E-18    9.0611098605E-09    2.1140628641E-16    5.3875860155E-21    7.6030986740E-16
    -1.5000936903E-16   -2.5597886180E-18    2.1140628641E-16    3.9331720298E-09    1.5827202458E-19    2.8381128694E-14
     1.3815104023E-20   -1.2860903276E-17    5.3875860155E-21    1.5827202458E-19    5.0200198117E-11    1.7367513664E-20
    -1.0090070232E-18   -5.9499200068E-21    7.6030986740E-16    2.8381128694E-14    1.7367513664E-20    5.7552265023E-10

 The Generalized Shear Center of the Cross Section in the User Coordinate System
 ========================================================

  Xs2 =   -5.3749565187E-08
  Xs3 =   -6.5082040617E-10
