
 The 6X6 Mass Matrix
 ========================================================

     3.1505914000E+02    0.0000000000E+00    0.0000000000E+00    0.0000000000E+00    3.7613141768E-15    9.3951520825E-12
     0.0000000000E+00    3.1505914000E+02    0.0000000000E+00   -3.7613141768E-15    0.0000000000E+00    0.0000000000E+00
     0.0000000000E+00    0.0000000000E+00    3.1505914000E+02   -9.3951520825E-12    0.0000000000E+00    0.0000000000E+00
     0.0000000000E+00   -3.7613141768E-15   -9.3951520825E-12    1.5388279642E+03    0.0000000000E+00    0.0000000000E+00
     3.7613141768E-15    0.0000000000E+00    0.0000000000E+00    0.0000000000E+00    1.4224955094E+03   -2.4051940994E-15
     9.3951520825E-12    0.0000000000E+00    0.0000000000E+00    0.0000000000E+00   -2.4051940994E-15    1.1633245481E+02

 The Mass Center of the Cross Section
 ========================================================

  Xm2 =   -2.9820280988E-14
  Xm3 =    1.1938438532E-17

 The 6X6 Mass Matrix at the Mass Center
 ========================================================

   3.150591400001E+02  0.000000000000E+00  0.000000000000E+00  0.000000000000E+00  0.000000000000E+00  0.000000000000E+00
   0.000000000000E+00  3.150591400001E+02  0.000000000000E+00  0.000000000000E+00  0.000000000000E+00  0.000000000000E+00
   0.000000000000E+00  0.000000000000E+00  3.150591400001E+02  0.000000000000E+00  0.000000000000E+00  0.000000000000E+00
   0.000000000000E+00  0.000000000000E+00  0.000000000000E+00  1.538827964204E+03  0.000000000000E+00  0.000000000000E+00
   0.000000000000E+00  0.000000000000E+00  0.000000000000E+00  0.000000000000E+00  1.422495509399E+03 -2.405194099442E-15
   0.000000000000E+00  0.000000000000E+00  0.000000000000E+00  0.000000000000E+00 -2.405194099442E-15  1.163324548051E+02

 The Mass Properties with respect to Principal Inertial Axes
 ========================================================

 Mass Per Unit Span                     =    3.1505914000E+02
 Mass Moments of Intertia about x1 axis =    1.5388279642E+03
 Mass Moments of Intertia about x2 axis =    1.4224955094E+03
 Mass Moments of Intertia about x3 axis =    1.1633245481E+02
 The user coordinate axes are the principal inertial axes.
 The mass-weighted radius of gyration   =    2.2100341947E+00

 The Geometric Center of the Cross Section
 ========================================================

  Xg2 =    1.6390257802E-14
  Xg3 =    5.0746026835E-16

 Classical Stiffness Matrix (1-extension; 2-twist; 3,4-bending)
 ========================================================

     3.5880848804E+09    3.5237669916E+05    1.2971269750E+03    1.4205211527E+02
     3.5237669916E+05    4.0628234672E+08    1.1736437851E+02   -1.9790638684E+04
     1.2971269750E+03    1.1736437851E+02    1.8938701781E+10   -2.0822526063E+02
     1.4205211527E+02   -1.9790638684E+04   -2.0822526063E+02    1.0587796364E+09

 Classical Flexibility Matrix (1-extension; 2-twist; 3,4-bending)
 ========================================================

     2.7870023105E-10   -2.4172221385E-13   -1.9086906323E-17   -4.1910324672E-17
    -2.4172221385E-13    2.4613426947E-09   -1.5236040712E-17    4.6007286699E-14
    -1.9086906323E-17   -1.5236040712E-17    5.2801929698E-11    1.0384027399E-17
    -4.1910324672E-17    4.6007286699E-14    1.0384027399E-17    9.4448359841E-10

 The Neutral Axes (or Tension Center) of the Cross Section
 ========================================================

  Xt2 =   -4.4373794303E-08
  Xt3 =    3.6148121805E-07

 Timoshenko Stiffness Matrix (1-extension; 2,3-shear, 4-twist; 5,6-bending)
 ========================================================

     3.5880848822E+09   -6.8787685601E+01    1.7636070515E+04    3.5237669497E+05    1.2971892702E+03    1.4410440261E+02
    -6.8787685601E+01    1.5311861120E+08    8.2104745728E-01   -1.0269177668E+01   -1.3431135054E+05    1.2899153858E+01
     1.7636070515E+04    8.2104745728E-01    1.7291319895E+08   -4.1125712277E+01    1.9182517729E+01    2.0121748200E+04
     3.5237669497E+05   -1.0269177668E+01   -4.1125712277E+01    4.0628234672E+08    1.1737338178E+02   -1.9790643471E+04
     1.2971892702E+03   -1.3431135054E+05    1.9182517729E+01    1.1737338178E+02    1.8938701899E+10   -2.0823434308E+02
     1.4410440261E+02    1.2899153858E+01    2.0121748200E+04   -1.9790643471E+04   -2.0823434308E+02    1.0587796387E+09

 Timoshenko Flexibility Matrix (1-extension; 2,3-shear, 4-twist; 5,6-bending)
 ========================================================

     2.7870023105E-10    1.2517173270E-16   -2.8425742248E-14   -2.4172221385E-13   -1.9086906323E-17   -4.1910324672E-17
     1.2517173270E-16    6.5308847722E-09   -3.1019348647E-17    1.6494858071E-16    4.6316371550E-14   -7.9553260378E-17
    -2.8425742248E-14   -3.1019348647E-17    5.7832485247E-09    6.0470661141E-16   -5.8571869586E-18   -1.0990866302E-13
    -2.4172221385E-13    1.6494858071E-16    6.0470661141E-16    2.4613426947E-09   -1.5236040712E-17    4.6007286699E-14
    -1.9086906323E-17    4.6316371550E-14   -5.8571869586E-18   -1.5236040712E-17    5.2801929698E-11    1.0384027399E-17
    -4.1910324672E-17   -7.9553260378E-17   -1.0990866302E-13    4.6007286699E-14    1.0384027399E-17    9.4448359841E-10

 The Generalized Shear Center of the Cross Section in the User Coordinate System
 ========================================================

  Xs2 =   -2.4568160001E-07
  Xs3 =    6.7015690691E-08
