
 The 6X6 Mass Matrix
 ========================================================

     5.5906880000E+01    0.0000000000E+00    0.0000000000E+00    0.0000000000E+00   -2.0131465939E-15    1.6490281363E-14
     0.0000000000E+00    5.5906880000E+01    0.0000000000E+00    2.0131465939E-15    0.0000000000E+00    0.0000000000E+00
     0.0000000000E+00    0.0000000000E+00    5.5906880000E+01   -1.6490281363E-14    0.0000000000E+00    0.0000000000E+00
     0.0000000000E+00    2.0131465939E-15   -1.6490281363E-14    2.4878167604E+01    0.0000000000E+00    0.0000000000E+00
    -2.0131465939E-15    0.0000000000E+00    0.0000000000E+00    0.0000000000E+00    2.4046672900E+00   -5.8980598183E-17
     1.6490281363E-14    0.0000000000E+00    0.0000000000E+00    0.0000000000E+00   -5.8980598183E-17    2.2473500314E+01

 The Mass Center of the Cross Section
 ========================================================

  Xm2 =   -2.9495978603E-16
  Xm3 =   -3.6008924016E-17

 The Mass Properties with respect to Principal Inertial Axes
 ========================================================

 Mass Per Unit Span                     =    5.5906880000E+01
 Mass Moments of Intertia about x1 axis =    2.4878167604E+01
 Mass Moments of Intertia about x2 axis =    2.4046672900E+00
 Mass Moments of Intertia about x3 axis =    2.2473500314E+01
 The user coordinate axes are the principal inertial axes.
 The mass-weighted radius of gyration   =    6.6707792097E-01

 The Geometric Center of the Cross Section
 ========================================================

  Xg2 =   -2.5235750493E-15
  Xg3 =   -9.8043881622E-19

 Classical Stiffness Matrix (1-extension; 2-twist; 3,4-bending)
 ========================================================

     8.0258320284E+08    5.0768665687E+02   -4.5336251282E-02    8.2062662086E+00
     5.0768665687E+02    9.3619842254E+06    3.7832307297E-05   -1.3982193923E-02
    -4.5336251282E-02    3.7832307297E-05    4.3430853219E+07    1.8085680170E-03
     8.2062662086E+00   -1.3982193923E-02    1.8085680170E-03    2.2825488496E+08

 Classical Flexibility Matrix (1-extension; 2-twist; 3,4-bending)
 ========================================================

     1.2459767367E-09   -6.7567488770E-14    1.3006402794E-18   -4.4795614070E-17
    -6.7567488770E-14    1.0681496315E-07   -9.3116286659E-20    6.5455861140E-18
     1.3006402794E-18   -9.3116286659E-20    2.3025106022E-08   -1.8243850957E-19
    -4.4795614070E-17    6.5455861140E-18   -1.8243850957E-19    4.3810672450E-09

 The Neutral Axes (or Tension Center) of the Cross Section
 ========================================================

  Xt2 =   -1.0224817736E-08
  Xt3 =   -5.6487916984E-11

 Classical Stiffness Matrix (correct up to the 2nd order) (1-extension; 2-twist; 3,4-bending)
 ========================================================

     8.0258320284E+08    5.0768665687E+02   -4.5336251282E-02    8.2062662086E+00
     5.0768665687E+02    9.3619842254E+06    3.7832307297E-05   -1.3982193923E-02
    -4.5336251282E-02    3.7832307297E-05    4.3430853219E+07    1.8085680170E-03
     8.2062662086E+00   -1.3982193923E-02    1.8085680170E-03    2.2825488496E+08

 Classical Flexibility Matrix (correct up to the 2nd order) (1-extension; 2-twist; 3,4-bending)
 ========================================================

     1.2459767367E-09   -6.7567488770E-14    1.3006402794E-18   -4.4795614070E-17
    -6.7567488770E-14    1.0681496315E-07   -9.3116286659E-20    6.5455861140E-18
     1.3006402794E-18   -9.3116286659E-20    2.3025106022E-08   -1.8243850957E-19
    -4.4795614070E-17    6.5455861140E-18   -1.8243850957E-19    4.3810672450E-09

 The Neutral Axes (or Tension Center) of the Cross Section, Corrected by Initial Curvature/Twist
 ========================================================

  Xt2 =   -1.0224817736E-08
  Xt3 =   -5.6487916984E-11

 Timoshenko Stiffness Matrix (1-extension; 2,3-shear, 4-twist; 5,6-bending)
 ========================================================

     8.0258320284E+08   -3.8312304421E-04    3.0313483872E-02    5.0768665687E+02   -4.5336251131E-02    8.2062652652E+00
    -3.8312304421E-04    3.8768412139E+07    4.1425536431E-03    3.4138345157E-03   -1.5265183649E+01    7.4798596604E-06
     3.0313483872E-02    4.1425536431E-03    9.9982440957E+06    6.7744398907E-02   -1.1977630956E-05   -3.1115142273E+02
     5.0768665687E+02    3.4138345157E-03    6.7744398907E-02    9.3619842254E+06    3.7830963008E-05   -1.3984302170E-02
    -4.5336251131E-02   -1.5265183649E+01   -1.1977630956E-05    3.7830963008E-05    4.3430853219E+07    1.8085683867E-03
     8.2062652652E+00    7.4798596604E-06   -3.1115142273E+02   -1.3984302170E-02    1.8085683867E-03    2.2825488497E+08

 Timoshenko Flexibility Matrix (1-extension; 2,3-shear, 4-twist; 5,6-bending)
 ========================================================

     1.2459767367E-09    1.2319641398E-20   -3.7785891456E-18   -6.7567488770E-14    1.3006402794E-18   -4.4795614070E-17
     1.2319641398E-20    2.5794195450E-08   -1.0687260366E-17   -9.4058180923E-18    9.0662075789E-15   -8.5991126894E-22
    -3.7785891456E-18   -1.0687260366E-17    1.0001756213E-07   -7.2373822030E-16    2.7574028365E-20    1.3634147089E-13
    -6.7567488770E-14   -9.4058180923E-18   -7.2373822030E-16    1.0681496315E-07   -9.3116286659E-20    6.5455861140E-18
     1.3006402794E-18    9.0662075789E-15    2.7574028365E-20   -9.3116286659E-20    2.3025106022E-08   -1.8243850957E-19
    -4.4795614070E-17   -8.5991126894E-22    1.3634147089E-13    6.5455861140E-18   -1.8243850957E-19    4.3810672450E-09

 The Generalized Shear Center of the Cross Section in the User Coordinate System
 ========================================================

  Xs2 =    6.7756258015E-09
  Xs3 =   -8.8057120604E-11
