
 The 6X6 Mass Matrix
 ========================================================

     2.0000000000E+00    0.0000000000E+00    0.0000000000E+00    0.0000000000E+00    4.5102810375E-17   -3.6429192996E-17
     0.0000000000E+00    2.0000000000E+00    0.0000000000E+00   -4.5102810375E-17    0.0000000000E+00    0.0000000000E+00
     0.0000000000E+00    0.0000000000E+00    2.0000000000E+00    3.6429192996E-17    0.0000000000E+00    0.0000000000E+00
     0.0000000000E+00   -4.5102810375E-17    3.6429192996E-17    8.3333333333E-01    0.0000000000E+00    0.0000000000E+00
     4.5102810375E-17    0.0000000000E+00    0.0000000000E+00    0.0000000000E+00    6.6666666667E-01   -1.7347234760E-18
    -3.6429192996E-17    0.0000000000E+00    0.0000000000E+00    0.0000000000E+00   -1.7347234760E-18    1.6666666667E-01

 The Mass Center of the Cross Section
 ========================================================

  Xm2 =    1.8214596498E-17
  Xm3 =    2.2551405188E-17

 The Mass Properties with respect to Principal Inertial Axes
 ========================================================

 Mass Per Unit Span                     =    2.0000000000E+00
 Mass Moments of Intertia about x1 axis =    8.3333333333E-01
 Mass Moments of Intertia about x2 axis =    6.6666666667E-01
 Mass Moments of Intertia about x3 axis =    1.6666666667E-01
 The user coordinate axes are the principal inertial axes.
 The mass-weighted radius of gyration   =    6.4549722437E-01

 The Geometric Center of the Cross Section
 ========================================================

  Xg2 =    1.8214596498E-17
  Xg3 =    2.2551405188E-17

 Classical Stiffness Matrix (1-extension; 2-twist; 3,4-bending)
 ========================================================

     5.2000000000E+09    0.0000000000E+00    8.1034805135E-05   -5.1435332125E-05
     0.0000000000E+00    4.7334469540E+08    0.0000000000E+00    0.0000000000E+00
     8.1034805135E-05    0.0000000000E+00    1.7505739925E+09    3.7342704729E-05
    -5.1435332125E-05    0.0000000000E+00    3.7342704729E-05    4.3944391461E+08

 Classical Flexibility Matrix (1-extension; 2-twist; 3,4-bending)
 ========================================================

     1.9230769231E-10    0.0000000000E+00   -8.9020038218E-24    2.2508924792E-23
     0.0000000000E+00    2.1126253441E-09    0.0000000000E+00    0.0000000000E+00
    -8.9020038218E-24    0.0000000000E+00    5.7124120675E-10   -4.8542466976E-23
     2.2508924792E-23    0.0000000000E+00   -4.8542466976E-23    2.2756032494E-09

 The Neutral Axes (or Tension Center) of the Cross Section
 ========================================================

  Xt2 =    9.8914100240E-15
  Xt3 =    1.5583616372E-14

 Classical Stiffness Matrix (correct up to the 2nd order) (1-extension; 2-twist; 3,4-bending)
 ========================================================

     5.2000000000E+09    0.0000000000E+00    8.1034805135E-05   -5.1435332125E-05
     0.0000000000E+00    4.7334469540E+08    0.0000000000E+00    0.0000000000E+00
     8.1034805135E-05    0.0000000000E+00    1.7505739925E+09    3.7342704729E-05
    -5.1435332125E-05    0.0000000000E+00    3.7342704729E-05    4.3944391461E+08

 Classical Flexibility Matrix (correct up to the 2nd order) (1-extension; 2-twist; 3,4-bending)
 ========================================================

     1.9230769231E-10    0.0000000000E+00   -8.9020038218E-24    2.2508924792E-23
     0.0000000000E+00    2.1126253441E-09    0.0000000000E+00    0.0000000000E+00
    -8.9020038218E-24    0.0000000000E+00    5.7124120675E-10   -4.8542466976E-23
     2.2508924792E-23    0.0000000000E+00   -4.8542466976E-23    2.2756032494E-09

 The Neutral Axes (or Tension Center) of the Cross Section, Corrected by Initial Curvature/Twist
 ========================================================

  Xt2 =    9.8914100240E-15
  Xt3 =    1.5583616372E-14

 Timoshenko Stiffness Matrix (1-extension; 2,3-shear, 4-twist; 5,6-bending)
 ========================================================

     5.2000000000E+09    0.0000000000E+00    0.0000000000E+00    0.0000000000E+00    8.1034805135E-05   -5.1435332125E-05
     0.0000000000E+00    1.5959432604E+09   -1.4213881035E-05   -3.7682416778E-05    0.0000000000E+00    0.0000000000E+00
     0.0000000000E+00   -1.4213881035E-05    1.7675069806E+09   -1.7980334278E-05    0.0000000000E+00    0.0000000000E+00
     0.0000000000E+00   -3.7682416778E-05   -1.7980334278E-05    4.7334469540E+08    0.0000000000E+00    0.0000000000E+00
     8.1034805135E-05    0.0000000000E+00    0.0000000000E+00    0.0000000000E+00    1.7505739925E+09    3.7342704729E-05
    -5.1435332125E-05    0.0000000000E+00    0.0000000000E+00    0.0000000000E+00    3.7342704729E-05    4.3944391461E+08

 Timoshenko Flexibility Matrix (1-extension; 2,3-shear, 4-twist; 5,6-bending)
 ========================================================

     1.9230769231E-10    0.0000000000E+00    0.0000000000E+00    0.0000000000E+00   -8.9020038218E-24    2.2508924792E-23
     0.0000000000E+00    6.2658869199E-10    5.0388808779E-24    4.9881991853E-23    0.0000000000E+00    0.0000000000E+00
     0.0000000000E+00    5.0388808779E-24    5.6576862835E-10    2.1491122982E-23    0.0000000000E+00    0.0000000000E+00
     0.0000000000E+00    4.9881991853E-23    2.1491122982E-23    2.1126253441E-09    0.0000000000E+00    0.0000000000E+00
    -8.9020038218E-24    0.0000000000E+00    0.0000000000E+00    0.0000000000E+00    5.7124120675E-10   -4.8542466976E-23
     2.2508924792E-23    0.0000000000E+00    0.0000000000E+00    0.0000000000E+00   -4.8542466976E-23    2.2756032494E-09

 The Generalized Shear Center of the Cross Section in the User Coordinate System
 ========================================================

  Xs2 =   -1.0172709062E-14
  Xs3 =    2.3611376240E-14
