
 The 6X6 Mass Matrix
 ========================================================

     3.3004480000E+02    0.0000000000E+00    0.0000000000E+00    0.0000000000E+00    2.4983938716E-01    3.0975222387E-14
     0.0000000000E+00    3.3004480000E+02    0.0000000000E+00   -2.4983938716E-01    0.0000000000E+00    0.0000000000E+00
     0.0000000000E+00    0.0000000000E+00    3.3004480000E+02   -3.0975222387E-14    0.0000000000E+00    0.0000000000E+00
     0.0000000000E+00   -2.4983938716E-01   -3.0975222387E-14    2.0818072963E+02    0.0000000000E+00    0.0000000000E+00
     2.4983938716E-01    0.0000000000E+00    0.0000000000E+00    0.0000000000E+00    1.3149441429E+02    5.5511151231E-17
     3.0975222387E-14    0.0000000000E+00    0.0000000000E+00    0.0000000000E+00    5.5511151231E-17    7.6686315340E+01

 The Mass Center of the Cross Section
 ========================================================

  Xm2 =   -9.3851569202E-17
  Xm3 =    7.5698628537E-04

 The 6X6 Mass Matrix at the Mass Center
 ========================================================

   3.300448000000E+02  0.000000000000E+00  0.000000000000E+00  0.000000000000E+00  0.000000000000E+00  0.000000000000E+00
   0.000000000000E+00  3.300448000000E+02  0.000000000000E+00  0.000000000000E+00  0.000000000000E+00  0.000000000000E+00
   0.000000000000E+00  0.000000000000E+00  3.300448000000E+02  0.000000000000E+00  0.000000000000E+00  0.000000000000E+00
   0.000000000000E+00  0.000000000000E+00  0.000000000000E+00  2.081805405081E+02  0.000000000000E+00  0.000000000000E+00
   0.000000000000E+00  0.000000000000E+00  0.000000000000E+00  0.000000000000E+00  1.314942251683E+02  3.206333269796E-17
   0.000000000000E+00  0.000000000000E+00  0.000000000000E+00  0.000000000000E+00  3.206333269796E-17  7.668631533973E+01

 The Mass Properties with respect to Principal Inertial Axes
 ========================================================

 Mass Per Unit Span                     =    3.3004480000E+02
 Mass Moments of Intertia about x1 axis =    2.0818054051E+02
 Mass Moments of Intertia about x2 axis =    1.3149422517E+02
 Mass Moments of Intertia about x3 axis =    7.6686315340E+01
 The user coordinate axes are the principal inertial axes.
 The mass-weighted radius of gyration   =    7.9420683181E-01

 The Geometric Center of the Cross Section
 ========================================================

  Xg2 =   -8.8662725074E-15
  Xg3 =    2.8916341835E-17

 Classical Stiffness Matrix (1-extension; 2-twist; 3,4-bending)
 ========================================================

     6.6308087687E+09    1.1347386704E+02   -4.8018318509E+06    2.6524620510E+00
     1.1347386704E+02    9.4057823879E+07    3.1304079848E-01   -4.6594594486E+03
    -4.8018318509E+06    3.1304079848E-01    2.7773097727E+09   -3.9531741518E-02
     2.6524620510E+00   -4.6594594486E+03   -3.9531741518E-02    1.3393383024E+09

 Classical Flexibility Matrix (1-extension; 2-twist; 3,4-bending)
 ========================================================

     1.5081135453E-10   -1.8194372254E-16    2.6074540651E-13   -2.9929618656E-19
    -1.8194372254E-16    1.0631757773E-08   -1.5129157301E-18    3.6987103349E-14
     2.6074540651E-13   -1.5129157301E-18    3.6006111450E-10    1.0105868113E-20
    -2.9929618656E-19    3.6987103349E-14    1.0105868113E-20    7.4663734946E-10

 The Neutral Axes (or Tension Center) of the Cross Section
 ========================================================

  Xt2 =   -4.0086864813E-10
  Xt3 =   -7.2416985898E-04

 Classical Stiffness Matrix (correct up to the 2nd order) (1-extension; 2-twist; 3,4-bending)
 ========================================================

     6.6289391911E+09    1.1220271695E+02   -6.2195387490E+06   -2.1857856393E+02
     1.1220271695E+02    9.4057622964E+07    3.4554363621E+02   -4.6437068556E+03
    -6.2195387490E+06    3.4554363621E+02    2.7717448558E+09    1.5653189626E+02
    -2.1857856393E+02   -4.6437068556E+03    1.5653189626E+02    1.3346332182E+09

 Classical Flexibility Matrix (correct up to the 2nd order) (1-extension; 2-twist; 3,4-bending)
 ========================================================

     1.5085401699E-10   -1.8119832137E-16    3.3850244267E-13    2.4665673001E-17
    -1.8119832137E-16    1.0631780484E-08   -1.3258351830E-15    3.6992089973E-14
     3.3850244267E-13   -1.3258351830E-15    3.6078432805E-10   -4.2263613443E-17
     2.4665673001E-17    3.6992089973E-14   -4.2263613443E-17    7.4926952706E-10

 The Neutral Axes (or Tension Center) of the Cross Section, Corrected by Initial Curvature/Twist
 ========================================================

  Xt2 =    3.2972549315E-08
  Xt3 =   -9.3824042885E-04

 Timoshenko Stiffness Matrix (1-extension; 2,3-shear, 4-twist; 5,6-bending)
 ========================================================

     6.3966676892E+09   -1.0899753574E+03    4.5349112270E+03    1.0562102427E+01   -7.2555104859E+06   -2.1355315852E+02
    -1.0899753574E+03    3.4035804753E+08   -4.0810574940E+01   -3.3300653229E+06    1.5963202162E+02    4.4467426089E+02
     4.5349112270E+03   -4.0810574940E+01    4.3098409258E+07   -3.8558834051E+00   -3.9756440763E+02   -5.8722632579E+01
     1.0562102427E+01   -3.3300653229E+06   -3.8558834051E+00    9.4083579081E+07    3.4399225696E+02   -4.6450391391E+03
    -7.2555104859E+06    1.5963202162E+02   -3.9756440763E+02    3.4399225696E+02    2.7717474789E+09    1.5651502271E+02
    -2.1355315852E+02    4.4467426089E+02   -5.8722632579E+01   -4.6450391391E+03    1.5651502271E+02    1.3342312013E+09

 Timoshenko Flexibility Matrix (1-extension; 2,3-shear, 4-twist; 5,6-bending)
 ========================================================

     1.5633186181E-10    5.0043602945E-16   -1.6445813486E-14   -1.3331338069E-18    4.0922467310E-13    2.4973122019E-17
     5.0043602945E-16    2.9391002497E-09    2.7923331313E-15    1.0402873610E-10   -1.8087054196E-16   -6.1737754334E-16
    -1.6445813486E-14    2.7923331313E-15    2.3202712520E-08    1.0498048020E-15    3.2850210881E-15    1.0212052973E-15
    -1.3331338069E-18    1.0402873610E-10    1.0498048020E-15    1.0632529421E-08   -1.3255641726E-15    3.6981788936E-14
     4.0922467310E-13   -1.8087054196E-16    3.2850210881E-15   -1.3255641726E-15    3.6078429826E-10   -4.2261532574E-17
     2.4973122019E-17   -6.1737754334E-16    1.0212052973E-15    3.6981788936E-14   -4.2261532574E-17    7.4949528927E-10

 The Generalized Shear Center of the Cross Section in the User Coordinate System
 ========================================================

  Xs2 =   -9.8735189001E-08
  Xs3 =    9.7840064177E-03
