
 The 6X6 Mass Matrix
 ========================================================

     9.4818904000E+02    0.0000000000E+00    0.0000000000E+00    0.0000000000E+00   -4.2632564146E-14    2.1316282073E-14
     0.0000000000E+00    9.4818904000E+02    0.0000000000E+00    4.2632564146E-14    0.0000000000E+00    0.0000000000E+00
     0.0000000000E+00    0.0000000000E+00    9.4818904000E+02   -2.1316282073E-14    0.0000000000E+00    0.0000000000E+00
     0.0000000000E+00    4.2632564146E-14   -2.1316282073E-14    2.0907376039E+03    0.0000000000E+00    0.0000000000E+00
    -4.2632564146E-14    0.0000000000E+00    0.0000000000E+00    0.0000000000E+00    1.8400386226E+03   -3.5527136788E-15
     2.1316282073E-14    0.0000000000E+00    0.0000000000E+00    0.0000000000E+00   -3.5527136788E-15    2.5069898124E+02

 The Mass Center of the Cross Section
 ========================================================

  Xm2 =   -2.2481046683E-17
  Xm3 =   -4.4962093367E-17

 The Mass Properties with respect to Principal Inertial Axes
 ========================================================

 Mass Per Unit Span                     =    9.4818904000E+02
 Mass Moments of Intertia about x1 axis =    2.0907376039E+03
 Mass Moments of Intertia about x2 axis =    1.8400386226E+03
 Mass Moments of Intertia about x3 axis =    2.5069898124E+02
 The user coordinate axes are the principal inertial axes.
 The mass-weighted radius of gyration   =    1.4849174118E+00

 The Geometric Center of the Cross Section
 ========================================================

  Xg2 =   -2.5855341021E-17
  Xg3 =   -6.6485162625E-17

 Classical Stiffness Matrix (1-extension; 2-twist; 3,4-bending)
 ========================================================

     1.8123044509E+10    1.2495317964E+03    3.0093915615E-02    2.6426772805E-02
     1.2495317964E+03    4.5770058322E+08    1.8248841476E-04    4.6535493407E-05
     3.0093915615E-02    1.8248841476E-04    3.8055449386E+10   -8.5553436909E-03
     2.6426772805E-02    4.6535493407E-05   -8.5553436909E-03    3.8740728305E+09

 Classical Flexibility Matrix (1-extension; 2-twist; 3,4-bending)
 ========================================================

     5.5178366942E-11   -1.5063805137E-16   -4.3634567922E-23   -3.7639616592E-22
    -1.5063805137E-16    2.1848344456E-09   -1.0476881699E-23   -2.6243277427E-23
    -4.3634567922E-23   -1.0476881699E-23    2.6277445573E-11    5.8030034033E-23
    -3.7639616592E-22   -2.6243277427E-23    5.8030034033E-23    2.5812627789E-10

 The Neutral Axes (or Tension Center) of the Cross Section
 ========================================================

  Xt2 =   -1.4581861599E-12
  Xt3 =    1.6605330910E-12

 Classical Stiffness Matrix (correct up to the 2nd order) (1-extension; 2-twist; 3,4-bending)
 ========================================================

     1.8121844213E+10   -5.3461795733E+07    2.7374842780E-02    2.5208969164E-02
    -5.3461795733E+07    4.5772496849E+08   -1.6620585089E-01   -4.1076294391E-02
     2.7374842780E-02   -1.6620585089E-01    3.8052670660E+10   -8.2777611527E-03
     2.5208969164E-02   -4.1076294391E-02   -8.2777611527E-03    3.8738202870E+09

 Classical Flexibility Matrix (correct up to the 2nd order) (1-extension; 2-twist; 3,4-bending)
 ========================================================

     5.5201042406E-11    6.4474237949E-12   -1.1550314121E-23   -2.9085631611E-22
     6.4474237949E-12    2.1854711010E-09    9.5410277503E-21    2.3131822021E-20
    -1.1550314121E-23    9.5410277503E-21    2.6279364435E-11    5.6154980436E-23
    -2.9085631611E-22    2.3131822021E-20    5.6154980436E-23    2.5814310575E-10

 The Neutral Axes (or Tension Center) of the Cross Section, Corrected by Initial Curvature/Twist
 ========================================================

  Xt2 =   -1.1267250980E-12
  Xt3 =    4.3952029927E-13

 Timoshenko Stiffness Matrix (1-extension; 2,3-shear, 4-twist; 5,6-bending)
 ========================================================

     1.8121844213E+10   -7.7440939033E-01    1.3272528232E-01   -5.3461795732E+07   -4.3083182131E+03   -7.8458827481E+02
    -7.7440939033E-01    8.1474478055E+08   -7.6183976869E+00    1.2757152713E+01    1.3622187247E+07   -3.3576475332E-01
     1.3272528232E-01   -7.6183976869E+00    1.8478546239E+08    2.4248893523E+00   -5.5907445883E-01    4.0265654286E+06
    -5.3461795732E+07    1.2757152713E+01    2.4248893523E+00    4.5772496849E+08   -2.1072324073E+03   -3.8357222052E+02
    -4.3083182131E+03    1.3622187247E+07   -5.5907445883E-01   -2.1072324073E+03    3.8054707912E+10    4.3181310527E-02
    -7.8458827481E+02   -3.3576475332E-01    4.0265654286E+06   -3.8357222052E+02    4.3181310527E-02    3.8738315732E+09

 Timoshenko Flexibility Matrix (1-extension; 2,3-shear, 4-twist; 5,6-bending)
 ========================================================

     5.5201042406E-11   -1.5894405236E-19   -3.8179787847E-19    6.4474237948E-12    6.6065949707E-18    1.1818965218E-17
    -1.5894405236E-19    1.2273855677E-09    5.0600567360E-17   -3.6249440592E-17   -4.3935893732E-13    5.3789447568E-20
    -3.8179787847E-19    5.0600567360E-17    5.4118037057E-09   -3.3428585583E-17    6.1397965419E-20   -5.6251753066E-12
     6.4474237948E-12   -3.6249440592E-17   -3.3428585583E-17    2.1854711010E-09    1.2176067387E-16    2.1773770043E-16
     6.6065949707E-18   -4.3935893732E-13    6.1397965419E-20    1.2176067387E-16    2.6278114848E-11   -3.8142601466E-22
     1.1818965218E-17    5.3789447568E-20   -5.6251753066E-12    2.1773770043E-16   -3.8142601466E-22    2.5814820062E-10

 The Generalized Shear Center of the Cross Section in the User Coordinate System
 ========================================================

  Xs2 =    1.5295825951E-08
  Xs3 =   -1.6586556818E-08
