
 The 6X6 Mass Matrix
 ========================================================

     1.3564552000E+02    0.0000000000E+00    0.0000000000E+00    0.0000000000E+00   -2.2204460493E-15   -3.5527136788E-15
     0.0000000000E+00    1.3564552000E+02    0.0000000000E+00    2.2204460493E-15    0.0000000000E+00    0.0000000000E+00
     0.0000000000E+00    0.0000000000E+00    1.3564552000E+02    3.5527136788E-15    0.0000000000E+00    0.0000000000E+00
     0.0000000000E+00    2.2204460493E-15    3.5527136788E-15    5.5350449773E+01    0.0000000000E+00    0.0000000000E+00
    -2.2204460493E-15    0.0000000000E+00    0.0000000000E+00    0.0000000000E+00    1.3228708194E+01    3.3306690739E-16
    -3.5527136788E-15    0.0000000000E+00    0.0000000000E+00    0.0000000000E+00    3.3306690739E-16    4.2121741579E+01

 The Mass Center of the Cross Section
 ========================================================

  Xm2 =    2.6191161188E-17
  Xm3 =   -1.6369475743E-17

 The Mass Properties with respect to Principal Inertial Axes
 ========================================================

 Mass Per Unit Span                     =    1.3564552000E+02
 Mass Moments of Intertia about x1 axis =    5.5350449773E+01
 Mass Moments of Intertia about x2 axis =    1.3228708194E+01
 Mass Moments of Intertia about x3 axis =    4.2121741579E+01
 The user coordinate axes are the principal inertial axes.
 The mass-weighted radius of gyration   =    6.3878961894E-01

 The Geometric Center of the Cross Section
 ========================================================

  Xg2 =    8.7940200776E-18
  Xg3 =   -3.7688657476E-18

 Classical Stiffness Matrix (1-extension; 2-twist; 3,4-bending)
 ========================================================

     2.3762522414E+09    2.6668926643E+02    4.7060932845E-03   -1.8054742237E-03
     2.6668926643E+02    3.9744165354E+07    3.2989634778E-07   -1.9568924062E-07
     4.7060932845E-03    3.2989634778E-07    2.6396171531E+08   -8.9310316381E-05
    -1.8054742237E-03   -1.9568924062E-07   -8.9310316381E-05    5.5415082834E+08

 Classical Flexibility Matrix (1-extension; 2-twist; 3,4-bending)
 ========================================================

     4.2083074456E-10   -2.8238369472E-15   -7.5028635787E-21    1.3711051621E-21
    -2.8238369472E-15    2.5160925915E-08   -3.1395493533E-23    8.8759663780E-24
    -7.5028635787E-21   -3.1395493533E-23    3.7884281773E-09    6.1056611627E-22
     1.3711051621E-21    8.8759663780E-24    6.1056611627E-22    1.8045628534E-09

 The Neutral Axes (or Tension Center) of the Cross Section
 ========================================================

  Xt2 =    7.5979906132E-13
  Xt3 =    1.9804687400E-12

 Classical Stiffness Matrix (correct up to the 2nd order) (1-extension; 2-twist; 3,4-bending)
 ========================================================

     2.3762219092E+09   -8.6609986732E+05    4.7056246025E-03   -1.8045120999E-03
    -8.6609986732E+05    3.9741707618E+07   -1.6589457342E-05    1.4982745625E-05
     4.7056246025E-03   -1.6589457342E-05    2.6395637331E+08   -8.9696652087E-05
    -1.8045120999E-03    1.4982745625E-05   -8.9696652087E-05    5.5413706687E+08

 Classical Flexibility Matrix (correct up to the 2nd order) (1-extension; 2-twist; 3,4-bending)
 ========================================================

     4.2083945927E-10    9.1714478738E-12   -7.5018471390E-21    1.3701889447E-21
     9.1714478738E-12    2.5162681810E-08    1.4179534332E-21   -6.5048179176E-22
    -7.5018471390E-21    1.4179534332E-21    3.7885048482E-09    6.1323492256E-22
     1.3701889447E-21   -6.5048179176E-22    6.1323492256E-22    1.8046076680E-09

 The Neutral Axes (or Tension Center) of the Cross Section, Corrected by Initial Curvature/Twist
 ========================================================

  Xt2 =    7.5927248289E-13
  Xt3 =    1.9801603639E-12

 Timoshenko Stiffness Matrix (1-extension; 2,3-shear, 4-twist; 5,6-bending)
 ========================================================

     2.3762219092E+09   -2.4856060429E+01   -6.3429832783E-02   -8.6609987894E+05   -2.3152718053E+00    4.3223715939E+02
    -2.4856060429E+01    1.2372967321E+08    1.9449143880E+00    6.6081047211E-01    5.4016077204E+04   -1.6358433691E+00
    -6.3429832783E-02    1.9449143880E+00    2.6863525560E+07   -6.4393614273E-03   -1.7444244623E-01    8.1547243535E+05
    -8.6609987894E+05    6.6081047211E-01   -6.4393614273E-03    3.9741707818E+07    4.1674406206E+01   -7.4509966671E+03
    -2.3152718053E+00    5.4016077204E+04   -1.7444244623E-01    4.1674406206E+01    2.6395817939E+08    1.5494754944E-02
     4.3223715939E+02   -1.6358433691E+00    8.1547243535E+05   -7.4509966671E+03    1.5494754944E-02    5.5414076364E+08

 Timoshenko Flexibility Matrix (1-extension; 2,3-shear, 4-twist; 5,6-bending)
 ========================================================

     4.2083945927E-10    8.4492503534E-17    7.2174020970E-18    9.1714479123E-12    2.2260311880E-18   -2.0495137249E-16
     8.4492503534E-17    8.0821363492E-09   -5.8590632745E-16   -1.3080643553E-16   -1.6539184428E-12    2.4719195882E-17
     7.2174020970E-18   -5.8590632745E-16    3.7226858841E-08   -1.0264827262E-14    2.4726906907E-17   -5.4782970877E-11
     9.1714479123E-12   -1.3080643553E-16   -1.0264827262E-14    2.5162681747E-08   -3.9726426731E-15    3.3834627693E-13
     2.2260311880E-18   -1.6539184428E-12    2.4726906907E-17   -3.9726426731E-15    3.7884792646E-09   -2.0062110047E-19
    -2.0495137249E-16    2.4719195882E-17   -5.4782970877E-11    3.3834627693E-13   -2.0062110047E-19    1.8046762522E-09

 The Generalized Shear Center of the Cross Section in the User Coordinate System
 ========================================================

  Xs2 =    4.0793852443E-07
  Xs3 =   -5.1984298354E-09
