
 The 6X6 Mass Matrix
 ========================================================

     6.0874904000E+02    0.0000000000E+00    0.0000000000E+00    0.0000000000E+00    1.6164847239E-13   -2.3092638912E-14
     0.0000000000E+00    6.0874904000E+02    0.0000000000E+00   -1.6164847239E-13    0.0000000000E+00    0.0000000000E+00
     0.0000000000E+00    0.0000000000E+00    6.0874904000E+02    2.3092638912E-14    0.0000000000E+00    0.0000000000E+00
     0.0000000000E+00   -1.6164847239E-13    2.3092638912E-14    2.9520059655E+03    0.0000000000E+00    0.0000000000E+00
     1.6164847239E-13    0.0000000000E+00    0.0000000000E+00    0.0000000000E+00    2.7177434791E+03   -8.8817841970E-15
    -2.3092638912E-14    0.0000000000E+00    0.0000000000E+00    0.0000000000E+00   -8.8817841970E-15    2.3426248641E+02

 The Mass Center of the Cross Section
 ========================================================

  Xm2 =    3.7934579597E-17
  Xm3 =    2.6554205718E-16

 The Mass Properties with respect to Principal Inertial Axes
 ========================================================

 Mass Per Unit Span                     =    6.0874904000E+02
 Mass Moments of Intertia about x1 axis =    2.9520059655E+03
 Mass Moments of Intertia about x2 axis =    2.7177434791E+03
 Mass Moments of Intertia about x3 axis =    2.3426248641E+02
 The user coordinate axes are the principal inertial axes.
 The mass-weighted radius of gyration   =    2.2021123407E+00

 The Geometric Center of the Cross Section
 ========================================================

  Xg2 =    5.7533271480E-17
  Xg3 =    1.7095600668E-16

 Classical Stiffness Matrix (1-extension; 2-twist; 3,4-bending)
 ========================================================

     6.9038305520E+09    1.3651348201E+06    3.9996683260E-02   -3.1344611865E-01
     1.3651348201E+06    8.3225029244E+08   -2.8387374477E-03   -2.2820082811E-03
     3.9996683260E-02   -2.8387374477E-03    3.6224075360E+10    4.2605009378E-01
    -3.1344611865E-01   -2.2820082811E-03    4.2605009378E-01    2.0763907649E+09

 Classical Flexibility Matrix (1-extension; 2-twist; 3,4-bending)
 ========================================================

     1.4484717097E-10   -2.3759188611E-13   -1.5995110521E-22    2.1865461030E-20
    -2.3759188611E-13    1.2015619982E-09    9.4423995444E-23    1.2846821613E-21
    -1.5995110521E-22    9.4423995444E-23    2.7605949636E-11   -5.6644046152E-21
     2.1865461030E-20    1.2846821613E-21   -5.6644046152E-21    4.8160491605E-10

 The Neutral Axes (or Tension Center) of the Cross Section
 ========================================================

  Xt2 =    4.5401241353E-11
  Xt3 =    5.7940808796E-12

 Classical Stiffness Matrix (correct up to the 2nd order) (1-extension; 2-twist; 3,4-bending)
 ========================================================

     6.9038305520E+09    1.3651348201E+06    3.9996683260E-02   -3.1344611865E-01
     1.3651348201E+06    8.3225029244E+08   -2.8387374477E-03   -2.2820082811E-03
     3.9996683260E-02   -2.8387374477E-03    3.6224075360E+10    4.2605009378E-01
    -3.1344611865E-01   -2.2820082811E-03    4.2605009378E-01    2.0763907649E+09

 Classical Flexibility Matrix (correct up to the 2nd order) (1-extension; 2-twist; 3,4-bending)
 ========================================================

     1.4484717097E-10   -2.3759188611E-13   -1.5995110521E-22    2.1865461030E-20
    -2.3759188611E-13    1.2015619982E-09    9.4423995444E-23    1.2846821613E-21
    -1.5995110521E-22    9.4423995444E-23    2.7605949636E-11   -5.6644046152E-21
     2.1865461030E-20    1.2846821613E-21   -5.6644046152E-21    4.8160491605E-10

 The Neutral Axes (or Tension Center) of the Cross Section, Corrected by Initial Curvature/Twist
 ========================================================

  Xt2 =    4.5401241353E-11
  Xt3 =    5.7940808796E-12

 Timoshenko Stiffness Matrix (1-extension; 2,3-shear, 4-twist; 5,6-bending)
 ========================================================

     6.9038305520E+09   -5.6025456379E-04    6.4902600151E-03    1.3651348201E+06    3.9997025172E-02   -3.1344648646E-01
    -5.6025456379E-04    2.6221664927E+08   -3.7899365772E+01    2.6961900086E-01   -1.6002563909E+05    1.9306142643E-03
     6.4902600151E-03   -3.7899365772E+01    3.3580781159E+08    6.4583626933E-01    1.2397190862E-02   -1.9030423810E+04
     1.3651348201E+06    2.6961900086E-01    6.4583626933E-01    8.3225029244E+08   -3.0032806163E-03   -2.3186081980E-03
     3.9997025172E-02   -1.6002563909E+05    1.2397190862E-02   -3.0032806163E-03    3.6224075457E+10    4.2604952375E-01
    -3.1344648646E-01    1.9306142643E-03   -1.9030423810E+04   -2.3186081980E-03    4.2604952375E-01    2.0763907659E+09

 Timoshenko Flexibility Matrix (1-extension; 2,3-shear, 4-twist; 5,6-bending)
 ========================================================

     1.4484717097E-10    5.5368295981E-22   -2.3413219931E-21   -2.3759188611E-13   -1.5995110521E-22    2.1865461030E-20
     5.5368295981E-22    3.8136403828E-09    4.3040854500E-16   -1.2354827655E-18    1.6847365511E-14    3.9540278229E-22
    -2.3413219931E-21    4.3040854500E-16    2.9778938011E-09   -2.3108777456E-18    8.8193435325E-22    2.7292830437E-14
    -2.3759188611E-13   -1.2354827655E-18   -2.3108777456E-18    1.2015619982E-09    9.4423995444E-23    1.2846821613E-21
    -1.5995110521E-22    1.6847365511E-14    8.8193435325E-22    9.4423995444E-23    2.7605949636E-11   -5.6644046152E-21
     2.1865461030E-20    3.9540278229E-22    2.7292830437E-14    1.2846821613E-21   -5.6644046152E-21    4.8160491605E-10

 The Generalized Shear Center of the Cross Section in the User Coordinate System
 ========================================================

  Xs2 =    1.9232280558E-09
  Xs3 =   -1.0282305594E-09
