
 The 6X6 Mass Matrix
 ========================================================

     8.6577360000E+01    0.0000000000E+00    0.0000000000E+00    0.0000000000E+00   -6.6613381478E-16    3.3306690739E-15
     0.0000000000E+00    8.6577360000E+01    0.0000000000E+00    6.6613381478E-16    0.0000000000E+00    0.0000000000E+00
     0.0000000000E+00    0.0000000000E+00    8.6577360000E+01   -3.3306690739E-15    0.0000000000E+00    0.0000000000E+00
     0.0000000000E+00    6.6613381478E-16   -3.3306690739E-15    3.8168429453E+01    0.0000000000E+00    0.0000000000E+00
    -6.6613381478E-16    0.0000000000E+00    0.0000000000E+00    0.0000000000E+00    6.5688060188E+00    1.1102230246E-16
     3.3306690739E-15    0.0000000000E+00    0.0000000000E+00    0.0000000000E+00    1.1102230246E-16    3.1599623434E+01

 The Mass Center of the Cross Section
 ========================================================

  Xm2 =   -3.8470439314E-17
  Xm3 =   -7.6940878629E-18

 The Mass Properties with respect to Principal Inertial Axes
 ========================================================

 Mass Per Unit Span                     =    8.6577360000E+01
 Mass Moments of Intertia about x1 axis =    3.8168429453E+01
 Mass Moments of Intertia about x2 axis =    6.5688060188E+00
 Mass Moments of Intertia about x3 axis =    3.1599623434E+01
 The user coordinate axes are the principal inertial axes.
 The mass-weighted radius of gyration   =    6.6397232150E-01

 The Geometric Center of the Cross Section
 ========================================================

  Xg2 =   -3.3546824840E-17
  Xg3 =   -1.0142063324E-17

 Classical Stiffness Matrix (1-extension; 2-twist; 3,4-bending)
 ========================================================

     1.3536727708E+09    2.5065254047E+02    5.3470843036E-03    5.3312846500E-03
     2.5065254047E+02    2.3325496868E+07    3.4255465366E-07    3.6002102767E-07
     5.3470843036E-03    3.4255465366E-07    1.2423957902E+08   -4.0517014772E-04
     5.3312846500E-03    3.6002102767E-07   -4.0517014772E-04    3.5367863563E+08

 Classical Flexibility Matrix (1-extension; 2-twist; 3,4-bending)
 ========================================================

     7.3873097073E-10   -7.9383001180E-15   -3.1793867998E-20   -1.1135490485E-20
    -7.9383001180E-15    4.2871541201E-08   -1.1786420482E-22   -4.3520680734E-23
    -3.1793867998E-20   -1.1786420482E-22    8.0489648137E-09    9.2208008462E-21
    -1.1135490485E-20   -4.3520680734E-23    9.2208008462E-21    2.8274255193E-09

 The Neutral Axes (or Tension Center) of the Cross Section
 ========================================================

  Xt2 =   -3.9383850819E-12
  Xt3 =    3.9500567755E-12

 Classical Stiffness Matrix (correct up to the 2nd order) (1-extension; 2-twist; 3,4-bending)
 ========================================================

     1.3536568404E+09   -5.1367371147E+05    5.3470488848E-03    5.3291258498E-03
    -5.1367371147E+05    2.3323523928E+07   -1.7267781815E-05   -2.1886253807E-05
     5.3470488848E-03   -1.7267781815E-05    1.2423708659E+08   -4.0467123206E-04
     5.3291258498E-03   -2.1886253807E-05   -4.0467123206E-04    3.5367041098E+08

 Classical Flexibility Matrix (correct up to the 2nd order) (1-extension; 2-twist; 3,4-bending)
 ========================================================

     7.3874583844E-10    1.6270024969E-11   -3.1792673772E-20   -1.1130457431E-20
     1.6270024969E-11    4.2875526039E-08    5.2590464562E-21    2.4081167323E-21
    -3.1792673772E-20    5.2590464562E-21    8.0491262910E-09    9.2098455294E-21
    -1.1130457431E-20    2.4081167323E-21    9.2098455294E-21    2.8274912714E-09

 The Neutral Axes (or Tension Center) of the Cross Section, Corrected by Initial Curvature/Twist
 ========================================================

  Xt2 =   -3.9365134541E-12
  Xt3 =    3.9498291643E-12

 Timoshenko Stiffness Matrix (1-extension; 2,3-shear, 4-twist; 5,6-bending)
 ========================================================

     1.3536568404E+09    1.0781277662E+01    5.1634091977E-02   -5.1367373897E+05   -2.9565494406E+00    5.0701900763E+02
     1.0781277662E+01    6.8035835826E+07    4.0554103929E+00    1.6828828715E+00    2.1257711882E+04   -5.6462681606E+00
     5.1634091977E-02    4.0554103929E+00    1.9847650589E+07    9.2110322308E-02   -5.8774075302E-01    4.9804879273E+05
    -5.1367373897E+05    1.6828828715E+00    9.2110322308E-02    2.3323524448E+07    5.5293073644E+01   -9.5902505200E+03
    -2.9565494406E+00    2.1257711882E+04   -5.8774075302E-01    5.5293073644E+01    1.2423787774E+08    4.8321038769E-02
     5.0701900763E+02   -5.6462681606E+00    4.9804879273E+05   -9.5902505200E+03    4.8321038769E-02    3.5367332005E+08

 Timoshenko Flexibility Matrix (1-extension; 2,3-shear, 4-twist; 5,6-bending)
 ========================================================

     7.3874583844E-10   -1.1747086243E-16    1.3507737904E-17    1.6270025223E-11    1.0359289095E-17   -6.1789023890E-16
    -1.1747086243E-16    1.4698137258E-08   -3.0092942400E-15   -1.0570544914E-15   -2.5149235698E-12    2.3886009677E-16
     1.3507737904E-17   -3.0092942400E-15    5.0385577576E-08   -2.9373738126E-14    2.3891812483E-16   -7.0953829258E-11
     1.6270025223E-11   -1.0570544914E-15   -2.9373738126E-14    4.2875525561E-08   -1.9081532422E-14    1.1626362191E-12
     1.0359289095E-17   -2.5149235698E-12    2.3891812483E-16   -1.9081532422E-14    8.0490754643E-09   -1.9937450542E-18
    -6.1789023890E-16    2.3886009677E-16   -7.0953829258E-11    1.1626362191E-12   -1.9937450542E-18    2.8275679643E-09

 The Generalized Shear Center of the Cross Section in the User Coordinate System
 ========================================================

  Xs2 =    6.8509336601E-07
  Xs3 =   -2.4654029952E-08
