
 The 6X6 Mass Matrix
 ========================================================

     4.4258544000E+02    0.0000000000E+00    0.0000000000E+00    0.0000000000E+00   -8.8817841970E-15    0.0000000000E+00
     0.0000000000E+00    4.4258544000E+02    0.0000000000E+00    8.8817841970E-15    0.0000000000E+00    0.0000000000E+00
     0.0000000000E+00    0.0000000000E+00    4.4258544000E+02    0.0000000000E+00    0.0000000000E+00    0.0000000000E+00
     0.0000000000E+00    8.8817841970E-15    0.0000000000E+00    1.8638178393E+02    0.0000000000E+00    0.0000000000E+00
    -8.8817841970E-15    0.0000000000E+00    0.0000000000E+00    0.0000000000E+00    8.0878556966E+01    8.8817841970E-16
     0.0000000000E+00    0.0000000000E+00    0.0000000000E+00    0.0000000000E+00    8.8817841970E-16    1.0550322697E+02

 The Mass Center of the Cross Section
 ========================================================

  Xm2 =   -0.0000000000E+00
  Xm3 =   -2.0067953878E-17

 The Mass Properties with respect to Principal Inertial Axes
 ========================================================

 Mass Per Unit Span                     =    4.4258544000E+02
 Mass Moments of Intertia about x1 axis =    1.8638178393E+02
 Mass Moments of Intertia about x2 axis =    8.0878556966E+01
 Mass Moments of Intertia about x3 axis =    1.0550322697E+02
 The user coordinate axes are the principal inertial axes.
 The mass-weighted radius of gyration   =    6.4893794747E-01

 The Geometric Center of the Cross Section
 ========================================================

  Xg2 =    0.0000000000E+00
  Xg3 =    1.6494784307E-17

 Classical Stiffness Matrix (1-extension; 2-twist; 3,4-bending)
 ========================================================

     8.8571258772E+09    3.6304062953E+02    7.4302626734E-03    5.5743896674E-03
     3.6304062953E+02    9.5702998400E+07    1.6636297951E-06    1.6238972245E-06
     7.4302626734E-03    1.6636297951E-06    1.7018368106E+09   -4.7386430892E-04
     5.5743896674E-03    1.6238972245E-06   -4.7386430892E-04    1.8081643723E+09

 Classical Flexibility Matrix (1-extension; 2-twist; 3,4-bending)
 ========================================================

     1.1290344225E-10   -4.2828895057E-16   -4.9293929166E-22   -3.4807000451E-22
    -4.2828895057E-16    1.0448993414E-08   -1.0212538808E-23   -9.3828327861E-24
    -4.9293929166E-22   -1.0212538808E-23    5.8760040549E-10    1.5399200667E-22
    -3.4807000451E-22   -9.3828327861E-24    1.5399200667E-22    5.5304706549E-10

 The Neutral Axes (or Tension Center) of the Cross Section
 ========================================================

  Xt2 =   -6.2936778121E-13
  Xt3 =    8.3890223195E-13

 Classical Stiffness Matrix (correct up to the 2nd order) (1-extension; 2-twist; 3,4-bending)
 ========================================================

     8.8567406044E+09   -7.6727611685E+06    7.4197320534E-03    5.5461641041E-03
    -7.6727611685E+06    9.5706519928E+07   -2.7582891464E-04   -2.4653526415E-04
     7.4197320534E-03   -2.7582891464E-04    1.7017468554E+09   -4.6927251177E-04
     5.5461641041E-03   -2.4653526415E-04   -4.6927251177E-04    1.8080438961E+09

 Classical Flexibility Matrix (correct up to the 2nd order) (1-extension; 2-twist; 3,4-bending)
 ========================================================

     1.1291619592E-10    9.0524554024E-12   -4.9085502149E-22   -3.4513542754E-22
     9.0524554024E-12    1.0449334675E-08    1.6542189220E-21    1.3970474315E-21
    -4.9085502149E-22    1.6542189220E-21    5.8763146634E-10    1.5251803056E-22
    -3.4513542754E-22    1.3970474315E-21    1.5251803056E-22    5.5308391690E-10

 The Neutral Axes (or Tension Center) of the Cross Section, Corrected by Initial Curvature/Twist
 ========================================================

  Xt2 =   -6.2402000311E-13
  Xt3 =    8.3531098928E-13

 Timoshenko Stiffness Matrix (1-extension; 2,3-shear, 4-twist; 5,6-bending)
 ========================================================

     8.8567406044E+09    1.7531730125E+01    5.0373786828E-02   -7.6727611738E+06    1.5635462582E+01   -5.5689745886E+02
     1.7531730125E+01    4.6942188007E+08    4.5113533056E+00   -7.7591432614E+00    7.0725809200E+05   -1.0276199988E+00
     5.0373786828E-02    4.5113533056E+00    4.4459508853E+07    7.0567027201E-01   -1.2703590916E-01    4.6394859943E+06
    -7.6727611738E+06   -7.7591432614E+00    7.0567027201E-01    9.5706520011E+07   -2.4497874285E+02    8.6454381999E+03
     1.5635462582E+01    7.0725809200E+05   -1.2703590916E-01   -2.4497874285E+02    1.7017853453E+09    2.0812423043E-02
    -5.5689745886E+02   -1.0276199988E+00    4.6394859943E+06    8.6454381999E+03    2.0812423043E-02    1.8080552164E+09

 Timoshenko Flexibility Matrix (1-extension; 2,3-shear, 4-twist; 5,6-bending)
 ========================================================

     1.1291619592E-10   -4.0679102981E-18    6.1619531429E-19    9.0524554016E-12    2.6738933423E-19   -8.5077932646E-18
    -4.0679102981E-18    2.1302812430E-09   -2.1634861374E-16    1.7011422687E-16   -8.8534000568E-13    1.7651072775E-18
     6.1619531429E-19   -2.1634861374E-16    2.2498400644E-08    5.0491745275E-15    1.7708211857E-18   -5.7731099019E-11
     9.0524554016E-12    1.7011422687E-16    5.0491745275E-15    1.0449334671E-08    1.5040692564E-15   -4.9974945783E-14
     2.6738933423E-19   -8.8534000568E-13    1.7708211857E-18    1.5040692564E-15    5.8761854361E-10   -1.9002985909E-20
    -8.5077932646E-18    1.7651072775E-18   -5.7731099019E-11   -4.9974945783E-14   -1.9002985909E-20    5.5322859281E-10

 The Generalized Shear Center of the Cross Section in the User Coordinate System
 ========================================================

  Xs2 =   -4.8320536059E-07
  Xs3 =    1.6279909892E-08
