
 The 6X6 Mass Matrix
 ========================================================

     5.5906880000E+01    0.0000000000E+00    0.0000000000E+00    0.0000000000E+00   -3.3306690739E-16    1.3322676296E-15
     0.0000000000E+00    5.5906880000E+01    0.0000000000E+00    3.3306690739E-16    0.0000000000E+00    0.0000000000E+00
     0.0000000000E+00    0.0000000000E+00    5.5906880000E+01   -1.3322676296E-15    0.0000000000E+00    0.0000000000E+00
     0.0000000000E+00    3.3306690739E-16   -1.3322676296E-15    2.4878167604E+01    0.0000000000E+00    0.0000000000E+00
    -3.3306690739E-16    0.0000000000E+00    0.0000000000E+00    0.0000000000E+00    2.4046672900E+00   -8.3266726847E-17
     1.3322676296E-15    0.0000000000E+00    0.0000000000E+00    0.0000000000E+00   -8.3266726847E-17    2.2473500314E+01

 The Mass Center of the Cross Section
 ========================================================

  Xm2 =   -2.3830119469E-17
  Xm3 =   -5.9575298673E-18

 The Mass Properties with respect to Principal Inertial Axes
 ========================================================

 Mass Per Unit Span                     =    5.5906880000E+01
 Mass Moments of Intertia about x1 axis =    2.4878167604E+01
 Mass Moments of Intertia about x2 axis =    2.4046672900E+00
 Mass Moments of Intertia about x3 axis =    2.2473500314E+01
 The user coordinate axes are the principal inertial axes.
 The mass-weighted radius of gyration   =    6.6707792097E-01

 The Geometric Center of the Cross Section
 ========================================================

  Xg2 =   -6.3542363786E-18
  Xg3 =   -4.2361575857E-18

 Classical Stiffness Matrix (1-extension; 2-twist; 3,4-bending)
 ========================================================

     8.0258454630E+08    1.9720341200E+02    5.0569709172E-05   -4.1290361702E-04
     1.9720341200E+02    9.3395171596E+06   -7.0764492152E-09   -2.6861435305E-08
     5.0569709172E-05   -7.0764492152E-09    4.3431834045E+07    4.1907711021E-05
    -4.1290361702E-04   -2.6861435305E-08    4.1907711021E-05    2.2835255075E+08

 Classical Flexibility Matrix (1-extension; 2-twist; 3,4-bending)
 ========================================================

     1.2459746510E-09   -2.6308689009E-14   -1.4507463779E-21    2.2529524533E-21
    -2.6308689009E-14    1.0707191634E-07    1.7476107510E-23    1.2547450824E-23
    -1.4507463779E-21    1.7476107510E-23    2.3024586043E-08   -4.2255174954E-21
     2.2529524533E-21    1.2547450824E-23   -4.2255174954E-21    4.3791934740E-09

 The Neutral Axes (or Tension Center) of the Cross Section
 ========================================================

  Xt2 =    5.1446743943E-13
  Xt3 =    6.3008575925E-14

 Classical Stiffness Matrix (correct up to the 2nd order) (1-extension; 2-twist; 3,4-bending)
 ========================================================

     8.0257723769E+08   -3.2886895906E+05    5.0510229187E-05   -4.1276970672E-04
    -3.2886895906E+05    9.3389316944E+06   -2.6550053070E-06    5.9285330446E-08
     5.0510229187E-05   -2.6550053070E-06    4.3431251166E+07    4.1906375515E-05
    -4.1276970672E-04    5.9285330446E-08    4.1906375515E-05    2.2834894897E+08

 Classical Flexibility Matrix (correct up to the 2nd order) (1-extension; 2-twist; 3,4-bending)
 ========================================================

     1.2460039771E-09    4.3877827179E-11   -1.4464112568E-21    2.2522989363E-21
     4.3877827179E-11    1.0708017392E-07    6.4949119205E-21    5.1513941334E-23
    -1.4464112568E-21    6.4949119205E-21    2.3024895050E-08   -4.2255061936E-21
     2.2522989363E-21    5.1513941334E-23   -4.2255061936E-21    4.3792625475E-09

 The Neutral Axes (or Tension Center) of the Cross Section, Corrected by Initial Curvature/Twist
 ========================================================

  Xt2 =    5.1431009487E-13
  Xt3 =    6.2819450585E-14

 Timoshenko Stiffness Matrix (1-extension; 2,3-shear, 4-twist; 5,6-bending)
 ========================================================

     8.0257723769E+08   -6.0940865297E+01   -1.5691411901E-01   -3.2886900142E+05   -1.0813496227E+00    6.3431561260E+02
    -6.0940865297E+01    3.9020185671E+07    4.5221368103E+00   -2.7381671023E-01    5.2182158048E+03   -5.3846393482E+00
    -1.5691411901E-01    4.5221368103E+00    1.0110037353E+07   -3.7222854456E-02   -2.7156461687E-01    3.0854400845E+05
    -3.2886900142E+05   -2.7381671023E-01   -3.7222854456E-02    9.3389322034E+06    1.4405337111E+01   -7.6237217232E+03
    -1.0813496227E+00    5.2182158048E+03   -2.7156461687E-01    1.4405337111E+01    4.3431380182E+07    2.4352490974E-02
     6.3431561260E+02   -5.3846393482E+00    3.0854400845E+05   -7.6237217232E+03    2.4352490974E-02    2.2835012913E+08

 Timoshenko Flexibility Matrix (1-extension; 2,3-shear, 4-twist; 5,6-bending)
 ========================================================

     1.2460039771E-09    1.9462869760E-15    8.0425940628E-17    4.3877828809E-11    1.6235609756E-17   -1.9963738385E-15
     1.9462869760E-15    2.5627761603E-08   -1.1482087419E-14    8.2519755491E-16   -3.0791374828E-12    6.1985563508E-16
     8.0425940628E-17   -1.1482087419E-14    9.8915681824E-08   -1.0870946528E-13    6.1998343176E-16   -1.3365370939E-10
     4.3877828809E-11    8.2519755491E-16   -1.0870946528E-13    1.0708017100E-07   -3.5515402229E-14    3.5750149920E-12
     1.6235609756E-17   -3.0791374828E-12    6.1998343176E-16   -3.5515402229E-14    2.3024827023E-08   -4.5515803134E-18
    -1.9963738385E-15    6.1985563508E-16   -1.3365370939E-10    3.5750149920E-12   -4.5515803134E-18    4.3794206253E-09

 The Generalized Shear Center of the Cross Section in the User Coordinate System
 ========================================================

  Xs2 =    1.0152156488E-06
  Xs3 =    7.7063526065E-09
