
 The 6X6 Mass Matrix
 ========================================================

     2.3831456000E+02    0.0000000000E+00    0.0000000000E+00    0.0000000000E+00   -8.8817841970E-16   -8.8817841970E-15
     0.0000000000E+00    2.3831456000E+02    0.0000000000E+00    8.8817841970E-16    0.0000000000E+00    0.0000000000E+00
     0.0000000000E+00    0.0000000000E+00    2.3831456000E+02    8.8817841970E-15    0.0000000000E+00    0.0000000000E+00
     0.0000000000E+00    8.8817841970E-16    8.8817841970E-15    9.4162874620E+01    0.0000000000E+00    0.0000000000E+00
    -8.8817841970E-16    0.0000000000E+00    0.0000000000E+00    0.0000000000E+00    3.0689909561E+01   -4.4408920985E-16
    -8.8817841970E-15    0.0000000000E+00    0.0000000000E+00    0.0000000000E+00   -4.4408920985E-16    6.3472965059E+01

 The Mass Center of the Cross Section
 ========================================================

  Xm2 =    3.7269163063E-17
  Xm3 =   -3.7269163063E-18

 The Mass Properties with respect to Principal Inertial Axes
 ========================================================

 Mass Per Unit Span                     =    2.3831456000E+02
 Mass Moments of Intertia about x1 axis =    9.4162874620E+01
 Mass Moments of Intertia about x2 axis =    3.0689909561E+01
 Mass Moments of Intertia about x3 axis =    6.3472965059E+01
 The user coordinate axes are the principal inertial axes.
 The mass-weighted radius of gyration   =    6.2858579981E-01

 The Geometric Center of the Cross Section
 ========================================================

  Xg2 =   -2.1782792107E-17
  Xg3 =    0.0000000000E+00

 Classical Stiffness Matrix (1-extension; 2-twist; 3,4-bending)
 ========================================================

     4.5388510986E+09    2.9786113475E+02   -4.4295818866E-03   -1.2560692577E-02
     2.9786113475E+02    6.3959284781E+07   -1.5317393613E-06   -2.2449338992E-06
    -4.4295818866E-03   -1.5317393613E-06    6.3385203497E+08    5.7407458831E-04
    -1.2560692577E-02   -2.2449338992E-06    5.7407458831E-04    9.7360918422E+08

 Classical Flexibility Matrix (1-extension; 2-twist; 3,4-bending)
 ========================================================

     2.2032007182E-10   -1.0260400319E-15    1.5396744728E-21    2.8423855620E-21
    -1.0260400319E-15    1.5634946567E-08    3.7775564043E-23    3.6037595327E-23
     1.5396744728E-21    3.7775564043E-23    1.5776552647E-09   -9.3024163209E-22
     2.8423855620E-21    3.6037595327E-23   -9.3024163209E-22    1.0271061697E-09

 The Neutral Axes (or Tension Center) of the Cross Section
 ========================================================

  Xt2 =    2.7673726883E-12
  Xt3 =   -9.7592579780E-13

 Classical Stiffness Matrix (correct up to the 2nd order) (1-extension; 2-twist; 3,4-bending)
 ========================================================

     4.5387754997E+09   -2.0548313827E+06   -4.4272742441E-03   -1.2547202447E-02
    -2.0548313827E+06    6.3957410409E+07    1.0569867330E-04    1.6637167117E-04
    -4.4272742441E-03    1.0569867330E-04    6.3383742138E+08    5.7236784116E-04
    -1.2547202447E-02    1.6637167117E-04    5.7236784116E-04    9.7358071028E+08

 Classical Flexibility Matrix (correct up to the 2nd order) (1-extension; 2-twist; 3,4-bending)
 ========================================================

     2.2032694624E-10    7.0786906583E-12    1.5377754189E-21    2.8382948391E-21
     7.0786906583E-12    1.5635632198E-08   -2.5579529072E-21   -2.5806884497E-21
     1.5377754189E-21   -2.5579529072E-21    1.5776916387E-09   -9.2752449560E-22
     2.8382948391E-21   -2.5806884497E-21   -9.2752449560E-22    1.0271362091E-09

 The Neutral Axes (or Tension Center) of the Cross Section, Corrected by Initial Curvature/Twist
 ========================================================

  Xt2 =    2.7633091055E-12
  Xt3 =   -9.7469960616E-13

 Timoshenko Stiffness Matrix (1-extension; 2,3-shear, 4-twist; 5,6-bending)
 ========================================================

     4.5387754997E+09    1.0120932700E+00    5.1910918540E-03   -2.0548313836E+06   -7.0861580346E+00    2.9641083631E+02
     1.0120932700E+00    2.3978537550E+08    4.0792543825E+00    9.1291572794E-01    1.6205269048E+05    2.9218922305E-01
     5.1910918540E-03    4.0792543825E+00    3.4880495172E+07    1.3768232142E-02    1.2460578780E-02    1.6271466410E+06
    -2.0548313836E+06    9.1291572794E-01    1.3768232142E-02    6.3957410413E+07    3.4282278788E+01   -1.4362077332E+03
    -7.0861580346E+00    1.6205269048E+05    1.2460578780E-02    3.4282278788E+01    6.3384282398E+08   -3.1670417683E-03
     2.9641083631E+02    2.9218922305E-01    1.6271466410E+06   -1.4362077332E+03   -3.1670417683E-03    9.7358552978E+08

 Timoshenko Flexibility Matrix (1-extension; 2,3-shear, 4-twist; 5,6-bending)
 ========================================================

     2.2032694624E-10   -9.5831875814E-19    2.6066821815E-18    7.0786906596E-12    2.0805681814E-18   -5.6641213223E-17
    -9.5831875814E-19    4.1703968421E-09   -4.8770482802E-16   -5.8986718774E-17   -1.0662328310E-12   -4.3659805671E-19
     2.6066821815E-18   -4.8770482802E-16    2.8671553130E-08   -1.0821328261E-15   -4.3913869511E-19   -4.7918564873E-11
     7.0786906596E-12   -5.8986718774E-17   -1.0821328261E-15    1.5635632198E-08   -8.4558089480E-16    2.3064926272E-14
     2.0805681814E-18   -1.0662328310E-12   -4.3913869511E-19   -8.4558089480E-16    1.5776784637E-09    4.9380477797E-21
    -5.6641213223E-17   -4.3659805671E-19   -4.7918564873E-11    2.3064926272E-14    4.9380477797E-21    1.0272112105E-09

 The Generalized Shear Center of the Cross Section in the User Coordinate System
 ========================================================

  Xs2 =    6.9209406590E-08
  Xs3 =   -3.7725829073E-09
