
 The 6X6 Mass Matrix
 ========================================================

     9.2721856000E+02    0.0000000000E+00    0.0000000000E+00    0.0000000000E+00   -7.1054273576E-14    7.1054273576E-15
     0.0000000000E+00    9.2721856000E+02    0.0000000000E+00    7.1054273576E-14    0.0000000000E+00    0.0000000000E+00
     0.0000000000E+00    0.0000000000E+00    9.2721856000E+02   -7.1054273576E-15    0.0000000000E+00    0.0000000000E+00
     0.0000000000E+00    7.1054273576E-14   -7.1054273576E-15    1.6092903095E+03    0.0000000000E+00    0.0000000000E+00
    -7.1054273576E-14    0.0000000000E+00    0.0000000000E+00    0.0000000000E+00    1.3717997645E+03    7.1054273576E-15
     7.1054273576E-15    0.0000000000E+00    0.0000000000E+00    0.0000000000E+00    7.1054273576E-15    2.3749054497E+02

 The Mass Center of the Cross Section
 ========================================================

  Xm2 =   -7.6631634268E-18
  Xm3 =   -7.6631634268E-17

 The Mass Properties with respect to Principal Inertial Axes
 ========================================================

 Mass Per Unit Span                     =    9.2721856000E+02
 Mass Moments of Intertia about x1 axis =    1.6092903095E+03
 Mass Moments of Intertia about x2 axis =    1.3717997645E+03
 Mass Moments of Intertia about x3 axis =    2.3749054497E+02
 The user coordinate axes are the principal inertial axes.
 The mass-weighted radius of gyration   =    1.3174257262E+00

 The Geometric Center of the Cross Section
 ========================================================

  Xg2 =    3.9800380767E-18
  Xg3 =   -2.3880228460E-17

 Classical Stiffness Matrix (1-extension; 2-twist; 3,4-bending)
 ========================================================

     1.7987069969E+10    1.0884860145E+03   -4.7584232848E-02   -1.1138112408E-02
     1.0884860145E+03    3.8912734506E+08   -5.1424516441E-05   -1.8827223013E-05
    -4.7584232848E-02   -5.1424516441E-05    2.8533250073E+10    1.2174570287E-03
    -1.1138112408E-02   -1.8827223013E-05    1.2174570287E-03    3.7883496478E+09

 Classical Flexibility Matrix (1-extension; 2-twist; 3,4-bending)
 ========================================================

     5.5595491747E-11   -1.5551442478E-16    9.2715299163E-23    1.6345609331E-22
    -1.5551442478E-16    2.5698528070E-09    4.6312998889E-24    1.2771117840E-23
     9.2715299163E-23    4.6312998889E-24    3.5046831239E-11   -1.1262954846E-23
     1.6345609331E-22    1.2771117840E-23   -1.1262954846E-23    2.6396718702E-10

 The Neutral Axes (or Tension Center) of the Cross Section
 ========================================================

  Xt2 =    6.1922883352E-13
  Xt3 =   -2.6454688166E-12

 Classical Stiffness Matrix (correct up to the 2nd order) (1-extension; 2-twist; 3,4-bending)
 ========================================================

     1.7975553007E+10   -1.4403891408E+08   -4.0504097028E-02   -6.6923463758E-03
    -1.4403891408E+08    3.8936447919E+08    1.1553343372E-01    4.4941473773E-02
    -4.0504097028E-02    1.1553343372E-01    2.8513071470E+10    3.3657836100E-04
    -6.6923463758E-03    4.4941473773E-02    3.3657836100E-04    3.7858665275E+09

 Classical Flexibility Matrix (correct up to the 2nd order) (1-extension; 2-twist; 3,4-bending)
 ========================================================

     5.5796509042E-11    2.0640990643E-11   -4.3747411925E-24   -1.4639369099E-22
     2.0640990643E-11    2.5759234842E-09   -1.0408182112E-20   -3.0541927511E-20
    -4.3747411925E-24   -1.0408182112E-20    3.5071633761E-11   -3.1180054699E-24
    -1.4639369099E-22   -3.0541927511E-20   -3.1180054699E-24    2.6414032104E-10

 The Neutral Axes (or Tension Center) of the Cross Section, Corrected by Initial Curvature/Twist
 ========================================================

  Xt2 =   -5.5422697455E-13
  Xt3 =    1.2473730828E-13

 Timoshenko Stiffness Matrix (1-extension; 2,3-shear, 4-twist; 5,6-bending)
 ========================================================

     1.7975553007E+10   -4.1226592317E+00    2.2977723034E-01   -1.4403891408E+08   -2.8632680020E+04   -1.1069815674E+04
    -4.1226592317E+00    8.5036878119E+08   -7.6792120622E+00   -1.9052944536E+01    3.4414558874E+07   -1.5464505112E+00
     2.2977723034E-01   -7.6792120622E+00    1.5716635283E+08   -2.2457285650E+00   -1.4230902458E+00    1.4592966169E+07
    -1.4403891408E+08   -1.9052944536E+01   -2.2457285650E+00    3.8936447919E+08    2.1123184257E+03    8.1527860845E+02
    -2.8632680020E+04    3.4414558874E+07   -1.4230902458E+00    2.1123184257E+03    2.8528029360E+10    5.6762545959E-01
    -1.1069815674E+04   -1.5464505112E+00    1.4592966169E+07    8.1527860845E+02    5.6762545959E-01    3.7859823518E+09

 Timoshenko Flexibility Matrix (1-extension; 2,3-shear, 4-twist; 5,6-bending)
 ========================================================

     5.5796509042E-11   -1.4716187461E-18   -1.4527043763E-17    2.0640990643E-11    5.4474631604E-17    1.5875428066E-16
    -1.4716187461E-18    1.1760178000E-09    5.7423795527E-17    6.4698594537E-17   -1.4186796187E-12    2.5922098206E-19
    -1.4527043763E-17    5.7423795527E-17    6.3649629813E-09    8.2707135242E-17    2.4870408268E-19   -2.4533576975E-11
     2.0640990643E-11    6.4698594537E-17    8.2707135242E-17    2.5759234842E-09   -1.7009202671E-16   -4.9466957850E-16
     5.4474631604E-17   -1.4186796187E-12    2.4870408268E-19   -1.7009202671E-16    3.5054956325E-11   -6.5979275492E-21
     1.5875428066E-16    2.5922098206E-19   -2.4533576975E-11   -4.9466957850E-16   -6.5979275492E-21    2.6422680422E-10

 The Generalized Shear Center of the Cross Section in the User Coordinate System
 ========================================================

  Xs2 =   -3.2107760867E-08
  Xs3 =    2.5116660077E-08
