
 The 6X6 Mass Matrix
 ========================================================

     8.2505280000E+02    0.0000000000E+00    0.0000000000E+00    0.0000000000E+00   -1.4210854715E-14    3.5527136788E-15
     0.0000000000E+00    8.2505280000E+02    0.0000000000E+00    1.4210854715E-14    0.0000000000E+00    0.0000000000E+00
     0.0000000000E+00    0.0000000000E+00    8.2505280000E+02   -3.5527136788E-15    0.0000000000E+00    0.0000000000E+00
     0.0000000000E+00    1.4210854715E-14   -3.5527136788E-15    2.2391075699E+03    0.0000000000E+00    0.0000000000E+00
    -1.4210854715E-14    0.0000000000E+00    0.0000000000E+00    0.0000000000E+00    2.0022673709E+03    1.4210854715E-14
     3.5527136788E-15    0.0000000000E+00    0.0000000000E+00    0.0000000000E+00    1.4210854715E-14    2.3684019900E+02

 The Mass Center of the Cross Section
 ========================================================

  Xm2 =   -4.3060440238E-18
  Xm3 =   -1.7224176095E-17

 The Mass Properties with respect to Principal Inertial Axes
 ========================================================

 Mass Per Unit Span                     =    8.2505280000E+02
 Mass Moments of Intertia about x1 axis =    2.2391075699E+03
 Mass Moments of Intertia about x2 axis =    2.0022673709E+03
 Mass Moments of Intertia about x3 axis =    2.3684019900E+02
 The user coordinate axes are the principal inertial axes.
 The mass-weighted radius of gyration   =    1.6473906921E+00

 The Geometric Center of the Cross Section
 ========================================================

  Xg2 =    9.3108520974E-17
  Xg3 =   -2.2346045034E-17

 Classical Stiffness Matrix (1-extension; 2-twist; 3,4-bending)
 ========================================================

     1.5123325962E+10    1.4096116613E+03   -2.0175297646E-01   -8.8033723199E-02
     1.4096116613E+03    5.2599848421E+08   -2.8291706395E-04   -1.7943431825E-04
    -2.0175297646E-01   -2.8291706395E-04    4.0725675085E+10    3.6296646755E-02
    -8.8033723199E-02   -1.7943431825E-04    3.6296646755E-02    3.3710470823E+09

 Classical Flexibility Matrix (1-extension; 2-twist; 3,4-bending)
 ========================================================

     6.6123020988E-11   -1.7720161609E-16    3.2757016842E-22    1.7267797075E-21
    -1.7720161609E-16    1.9011461630E-09    1.3206188443E-23    1.0118970682E-22
     3.2757016842E-22    1.3206188443E-23    2.4554534649E-11   -2.6438291979E-22
     1.7267797075E-21    1.0118970682E-22   -2.6438291979E-22    2.9664373578E-10

 The Neutral Axes (or Tension Center) of the Cross Section
 ========================================================

  Xt2 =    5.8210556949E-12
  Xt3 =   -1.3340516247E-11

 Classical Stiffness Matrix (correct up to the 2nd order) (1-extension; 2-twist; 3,4-bending)
 ========================================================

     1.5122235219E+10   -5.2079261059E+07    5.5016746012E-01   -8.4103373887E-02
    -5.2079261059E+07    5.2598416968E+08    2.8815237760E-01    1.8690696886E-01
     5.5016746012E-01    2.8815237760E-01    4.0722361068E+10   -1.0226682615E-01
    -8.4103373887E-02    1.8690696886E-01   -1.0226682615E-01    3.3708177993E+09

 Classical Flexibility Matrix (correct up to the 2nd order) (1-extension; 2-twist; 3,4-bending)
 ========================================================

     6.6150346908E-11    6.5497430994E-12   -9.4005090538E-22    1.2873062229E-21
     6.5497430994E-12    1.9018464118E-09   -1.3545997984E-20   -1.0529121232E-19
    -9.4005090538E-22   -1.3545997984E-20    2.4556532916E-11    7.4501762911E-22
     1.2873062229E-21   -1.0529121232E-19    7.4501762911E-22    2.9666391349E-10

 The Neutral Axes (or Tension Center) of the Cross Section, Corrected by Initial Curvature/Twist
 ========================================================

  Xt2 =    4.3392747292E-12
  Xt3 =    3.8281092392E-11

 Timoshenko Stiffness Matrix (1-extension; 2,3-shear, 4-twist; 5,6-bending)
 ========================================================

     1.5122235219E+10    3.9957661808E+01    1.1271612211E+00   -5.2079261056E+07   -3.7530624519E+03   -6.5978653086E+02
     3.9957661808E+01    6.2198111583E+08   -6.9910437320E+00    2.6123386063E+02    1.6192514111E+07   -8.5327132370E+00
     1.1271612211E+00   -6.9910437320E+00    2.1487406432E+08    2.3616486919E+03    9.1361571828E+00    2.8609712179E+06
    -5.2079261056E+07    2.6123386063E+02    2.3616486919E+03    5.2598416971E+08   -1.0968081078E+04   -1.9060285505E+03
    -3.7530624519E+03    1.6192514111E+07    9.1361571828E+00   -1.0968081078E+04    4.0724723752E+10    2.5893306569E-01
    -6.5978653086E+02   -8.5327132370E+00    2.8609712179E+06   -1.9060285505E+03    2.5893306569E-01    3.3708295126E+09

 Timoshenko Flexibility Matrix (1-extension; 2,3-shear, 4-twist; 5,6-bending)
 ========================================================

     6.6150346908E-11   -7.2052847188E-18   -7.2556778428E-17    6.5497430992E-12    7.8630654634E-18    1.6713004271E-17
    -7.2052847188E-18    1.6077824968E-09    5.2292591410E-17   -8.1256084468E-16   -6.3926868933E-13    4.0250482419E-18
    -7.2556778428E-17    5.2292591410E-17    4.6539413869E-09   -2.0917515721E-14   -1.0704692155E-18   -3.9500046940E-12
     6.5497430992E-12   -8.1256084468E-16   -2.0917515721E-14    1.9018464118E-09    5.1313656435E-16    1.0944307274E-15
     7.8630654634E-18   -6.3926868933E-13   -1.0704692155E-18    5.1313656435E-16    2.4555362424E-11   -2.3042011316E-21
     1.6713004271E-17    4.0250482419E-18   -3.9500046940E-12    1.0944307274E-15   -2.3042011316E-21    2.9666623516E-10

 The Generalized Shear Center of the Cross Section in the User Coordinate System
 ========================================================

  Xs2 =    1.0998530476E-05
  Xs3 =   -4.2724840430E-07
