
 The 6X6 Mass Matrix
 ========================================================

     6.1472880000E+02    0.0000000000E+00    0.0000000000E+00    0.0000000000E+00    7.3718808835E-14    2.3647750425E-14
     0.0000000000E+00    6.1472880000E+02    0.0000000000E+00   -7.3718808835E-14    0.0000000000E+00    0.0000000000E+00
     0.0000000000E+00    0.0000000000E+00    6.1472880000E+02   -2.3647750425E-14    0.0000000000E+00    0.0000000000E+00
     0.0000000000E+00   -7.3718808835E-14   -2.3647750425E-14    2.4289856827E+03    0.0000000000E+00    0.0000000000E+00
     7.3718808835E-14    0.0000000000E+00    0.0000000000E+00    0.0000000000E+00    2.2085670874E+03    6.8833827527E-15
     2.3647750425E-14    0.0000000000E+00    0.0000000000E+00    0.0000000000E+00    6.8833827527E-15    2.2041859527E+02

 The Mass Center of the Cross Section
 ========================================================

  Xm2 =   -3.8468590417E-17
  Xm3 =    1.1992086402E-16

 The Mass Properties with respect to Principal Inertial Axes
 ========================================================

 Mass Per Unit Span                     =    6.1472880000E+02
 Mass Moments of Intertia about x1 axis =    2.4289856827E+03
 Mass Moments of Intertia about x2 axis =    2.2085670874E+03
 Mass Moments of Intertia about x3 axis =    2.2041859527E+02
 The user coordinate axes are the principal inertial axes.
 The mass-weighted radius of gyration   =    1.9877908965E+00

 The Geometric Center of the Cross Section
 ========================================================

  Xg2 =   -2.3387266077E-17
  Xg3 =   -4.9922817973E-17

 Classical Stiffness Matrix (1-extension; 2-twist; 3,4-bending)
 ========================================================

     8.9260710230E+09    2.0002785623E+05   -1.5718095867E-02   -8.9822384152E-02
     2.0002785623E+05    7.1038365056E+08   -6.3967517367E-04   -4.7933751813E-04
    -1.5718095867E-02   -6.3967517367E-04    3.8018337093E+10    6.1330357032E-02
    -8.9822384152E-02   -4.7933751813E-04    6.1330357032E-02    2.3579222220E+09

 Classical Flexibility Matrix (1-extension; 2-twist; 3,4-bending)
 ========================================================

     1.1203137458E-10   -3.1545483444E-14    4.6317115404E-23    4.2677022803E-21
    -3.1545483444E-14    1.4076900637E-09    2.3671959897E-23    2.8496494270E-22
     4.6317115404E-23    2.3671959897E-23    2.6303096781E-11   -6.8415247183E-22
     4.2677022803E-21    2.8496494270E-22   -6.8415247183E-22    4.2410219924E-10

 The Neutral Axes (or Tension Center) of the Cross Section
 ========================================================

  Xt2 =    1.0062910044E-11
  Xt3 =   -1.7608997069E-12

 Classical Stiffness Matrix (correct up to the 2nd order) (1-extension; 2-twist; 3,4-bending)
 ========================================================

     8.9260710230E+09    2.0002785623E+05   -1.5718095867E-02   -8.9822384152E-02
     2.0002785623E+05    7.1038365056E+08   -6.3967517367E-04   -4.7933751813E-04
    -1.5718095867E-02   -6.3967517367E-04    3.8018337093E+10    6.1330357032E-02
    -8.9822384152E-02   -4.7933751813E-04    6.1330357032E-02    2.3579222220E+09

 Classical Flexibility Matrix (correct up to the 2nd order) (1-extension; 2-twist; 3,4-bending)
 ========================================================

     1.1203137458E-10   -3.1545483444E-14    4.6317115404E-23    4.2677022803E-21
    -3.1545483444E-14    1.4076900637E-09    2.3671959897E-23    2.8496494270E-22
     4.6317115404E-23    2.3671959897E-23    2.6303096781E-11   -6.8415247183E-22
     4.2677022803E-21    2.8496494270E-22   -6.8415247183E-22    4.2410219924E-10

 The Neutral Axes (or Tension Center) of the Cross Section, Corrected by Initial Curvature/Twist
 ========================================================

  Xt2 =    1.0062910044E-11
  Xt3 =   -1.7608997069E-12

 Timoshenko Stiffness Matrix (1-extension; 2,3-shear, 4-twist; 5,6-bending)
 ========================================================

     8.9260710230E+09   -1.6149120863E-04    4.5012246325E-04    2.0002785623E+05   -1.5718076506E-02   -8.9822390795E-02
    -1.6149120863E-04    3.4682501444E+08   -1.0569567311E+01   -2.9312391887E-01   -4.1580391649E+04    2.0421213130E-04
     4.5012246325E-04   -1.0569567311E+01    2.8900139700E+08   -3.6147624517E-01    7.4896892425E-04   -4.2653000159E+03
     2.0002785623E+05   -2.9312391887E-01   -3.6147624517E-01    7.1038365056E+08   -6.0453293460E-04   -4.7400257982E-04
    -1.5718076506E-02   -4.1580391649E+04    7.4896892425E-04   -6.0453293460E-04    3.8018337098E+10    6.1330340197E-02
    -8.9822390795E-02    2.0421213130E-04   -4.2653000159E+03   -4.7400257982E-04    6.1330340197E-02    2.3579222221E+09

 Timoshenko Flexibility Matrix (1-extension; 2,3-shear, 4-twist; 5,6-bending)
 ========================================================

     1.1203137458E-10    2.5509319135E-23   -2.1388331869E-22   -3.1545483444E-14    4.6317115404E-23    4.2677022803E-21
     2.5509319135E-23    2.8832983738E-09    1.0545006547E-16    1.1897286105E-18    3.1534434374E-15   -5.9044246675E-23
    -2.1388331869E-22    1.0545006547E-16    3.4601908863E-09    1.7607061829E-18    4.7153448410E-23    6.2592192838E-15
    -3.1545483444E-14    1.1897286105E-18    1.7607061829E-18    1.4076900637E-09    2.3671959897E-23    2.8496494270E-22
     4.6317115404E-23    3.1534434374E-15    4.7153448410E-23    2.3671959897E-23    2.6303096781E-11   -6.8415247183E-22
     4.2677022803E-21   -5.9044246675E-23    6.2592192838E-15    2.8496494270E-22   -6.8415247183E-22    4.2410219924E-10

 The Generalized Shear Center of the Cross Section in the User Coordinate System
 ========================================================

  Xs2 =   -1.2507768779E-09
  Xs3 =    8.4516374818E-10
