
 The 6X6 Mass Matrix
 ========================================================

     6.6008960000E+02    0.0000000000E+00    0.0000000000E+00    0.0000000000E+00    0.0000000000E+00   -1.2434497876E-14
     0.0000000000E+00    6.6008960000E+02    0.0000000000E+00    0.0000000000E+00    0.0000000000E+00    0.0000000000E+00
     0.0000000000E+00    0.0000000000E+00    6.6008960000E+02    1.2434497876E-14    0.0000000000E+00    0.0000000000E+00
     0.0000000000E+00    0.0000000000E+00    1.2434497876E-14    4.0001035802E+02    0.0000000000E+00    0.0000000000E+00
     0.0000000000E+00    0.0000000000E+00    0.0000000000E+00    0.0000000000E+00    2.4414177451E+02    0.0000000000E+00
    -1.2434497876E-14    0.0000000000E+00    0.0000000000E+00    0.0000000000E+00    0.0000000000E+00    1.5586858352E+02

 The Mass Center of the Cross Section
 ========================================================

  Xm2 =    1.8837590951E-17
  Xm3 =    0.0000000000E+00

 The Mass Properties with respect to Principal Inertial Axes
 ========================================================

 Mass Per Unit Span                     =    6.6008960000E+02
 Mass Moments of Intertia about x1 axis =    4.0001035802E+02
 Mass Moments of Intertia about x2 axis =    2.4414177451E+02
 Mass Moments of Intertia about x3 axis =    1.5586858352E+02
 The user coordinate axes are the principal inertial axes.
 The mass-weighted radius of gyration   =    7.7845618487E-01

 The Geometric Center of the Cross Section
 ========================================================

  Xg2 =   -2.5703414965E-17
  Xg3 =    2.2490488094E-17

 Classical Stiffness Matrix (1-extension; 2-twist; 3,4-bending)
 ========================================================

     1.3261211774E+10    5.3620582334E+02    1.0991366782E-02   -5.9997543979E-03
     5.3620582334E+02    1.6160284487E+08   -1.5811102085E-06   -3.7769608658E-06
     1.0991366782E-02   -1.5811102085E-06    5.1443632435E+09    7.3592935359E-04
    -5.9997543979E-03   -3.7769608658E-06    7.3592935359E-04    2.6968239559E+09

 Classical Flexibility Matrix (1-extension; 2-twist; 3,4-bending)
 ========================================================

     7.5407890094E-11   -2.5020691823E-16   -1.6111532942E-22    1.6776357177E-22
    -2.5020691823E-16    6.1880098755E-09    1.9024075940E-24    8.6658863682E-24
    -1.6111532942E-22    1.9024075940E-24    1.9438751749E-10   -5.3045909720E-23
     1.6776357177E-22    8.6658863682E-24   -5.3045909720E-23    3.7080655480E-10

 The Neutral Axes (or Tension Center) of the Cross Section
 ========================================================

  Xt2 =    4.5242881928E-13
  Xt3 =    8.2883577864E-13

 Classical Stiffness Matrix (correct up to the 2nd order) (1-extension; 2-twist; 3,4-bending)
 ========================================================

     1.3260125724E+10   -2.0343592268E+07    1.1040538405E-02   -5.8144969801E-03
    -2.0343592268E+07    1.6162294600E+08    1.1026103391E-03    1.3906529331E-03
     1.1040538405E-02    1.1026103391E-03    5.1438768071E+09    6.9331170110E-04
    -5.8144969801E-03    1.3906529331E-03    6.9331170110E-04    2.6965346096E+09

 Classical Flexibility Matrix (correct up to the 2nd order) (1-extension; 2-twist; 3,4-bending)
 ========================================================

     7.5428632282E-11    9.4942542410E-12   -1.6393105940E-22    1.5774926107E-22
     9.4942542410E-12    6.1884353182E-09   -1.3468935403E-21   -3.1710186042E-21
    -1.6393105940E-22   -1.3468935403E-21    1.9440589996E-10   -4.9984110988E-23
     1.5774926107E-22   -3.1710186042E-21   -4.9984110988E-23    3.7084634347E-10

 The Neutral Axes (or Tension Center) of the Cross Section, Corrected by Initial Curvature/Twist
 ========================================================

  Xt2 =    4.2537634211E-13
  Xt3 =    8.4324117443E-13

 Timoshenko Stiffness Matrix (1-extension; 2,3-shear, 4-twist; 5,6-bending)
 ========================================================

     1.3260125724E+10    7.5395633187E+00    1.3147048284E-02   -2.0343592284E+07    1.1070299436E+02   -2.6908888099E+03
     7.5395633187E+00    6.9380262217E+08    2.2838169203E+00   -3.5640981088E+01    2.6013975864E+06   -1.9553091613E-01
     1.3147048284E-02    2.2838169203E+00    6.8861251580E+07    3.2965176852E+00   -7.3991354287E-02    7.5103844954E+06
    -2.0343592284E+07   -3.5640981088E+01    3.2965176852E+00    1.6162294605E+08   -3.4218901022E+02    8.3335161189E+03
     1.1070299436E+02    2.6013975864E+06   -7.3991354287E-02   -3.4218901022E+02    5.1441577872E+09    8.8809733692E-03
    -2.6908888099E+03   -1.9553091613E-01    7.5103844954E+06    8.3335161189E+03    8.8809733692E-03    2.6965550096E+09

 Timoshenko Flexibility Matrix (1-extension; 2,3-shear, 4-twist; 5,6-bending)
 ========================================================

     7.5428632282E-11   -3.2824187823E-19   -5.4798195116E-18    9.4942542434E-12   -9.9151159747E-19    4.5944064515E-17
    -3.2824187823E-19    1.4413348468E-09   -4.7829191270E-17    3.1625765002E-16   -7.2888218957E-13    2.3675066483E-19
    -5.4798195116E-18   -4.7829191270E-17    1.4526367675E-08    1.7891256816E-15    2.3331720104E-19   -4.0458513246E-11
     9.4942542434E-12    3.1625765002E-16    1.7891256816E-15    6.1884353172E-09    4.1129002833E-16   -1.9120438605E-14
    -9.9151159747E-19   -7.2888218957E-13    2.3331720104E-19    4.1129002833E-16    1.9439564988E-10   -2.6149674619E-21
     4.5944064515E-17    2.3675066483E-19   -4.0458513246E-11   -1.9120438605E-14   -2.6149674619E-21    3.7095622214E-10

 The Generalized Shear Center of the Cross Section in the User Coordinate System
 ========================================================

  Xs2 =   -2.8910792306E-07
  Xs3 =    5.1104622381E-08
