
 The 6X6 Mass Matrix
 ========================================================

     8.7057328000E+02    0.0000000000E+00    0.0000000000E+00    0.0000000000E+00   -4.2632564146E-14    1.4210854715E-14
     0.0000000000E+00    8.7057328000E+02    0.0000000000E+00    4.2632564146E-14    0.0000000000E+00    0.0000000000E+00
     0.0000000000E+00    0.0000000000E+00    8.7057328000E+02   -1.4210854715E-14    0.0000000000E+00    0.0000000000E+00
     0.0000000000E+00    4.2632564146E-14   -1.4210854715E-14    1.3278221040E+03    0.0000000000E+00    0.0000000000E+00
    -4.2632564146E-14    0.0000000000E+00    0.0000000000E+00    0.0000000000E+00    1.1056261910E+03    7.1054273576E-15
     1.4210854715E-14    0.0000000000E+00    0.0000000000E+00    0.0000000000E+00    7.1054273576E-15    2.2219591296E+02

 The Mass Center of the Cross Section
 ========================================================

  Xm2 =   -1.6323559477E-17
  Xm3 =   -4.8970678431E-17

 The Mass Properties with respect to Principal Inertial Axes
 ========================================================

 Mass Per Unit Span                     =    8.7057328000E+02
 Mass Moments of Intertia about x1 axis =    1.3278221040E+03
 Mass Moments of Intertia about x2 axis =    1.1056261910E+03
 Mass Moments of Intertia about x3 axis =    2.2219591296E+02
 The user coordinate axes are the principal inertial axes.
 The mass-weighted radius of gyration   =    1.2350009175E+00

 The Geometric Center of the Cross Section
 ========================================================

  Xg2 =   -2.5584131023E-17
  Xg3 =    4.2640218372E-17

 Classical Stiffness Matrix (1-extension; 2-twist; 3,4-bending)
 ========================================================

     1.6915363199E+10    1.0072493057E+03    2.1740534110E-02   -1.4309780329E-02
     1.0072493057E+03    3.5472268106E+08    3.7354868396E-06   -1.8594463193E-05
     2.1740534110E-02    3.7354868396E-06    2.3010901208E+10    7.6816610077E-04
    -1.4309780329E-02   -1.8594463193E-05    7.6816610077E-04    3.5569000259E+09

 Classical Flexibility Matrix (1-extension; 2-twist; 3,4-bending)
 ========================================================

     5.9117855657E-11   -1.6786752651E-16   -5.5854125189E-23    2.3783730741E-22
    -1.6786752651E-16    2.8191036361E-09   -4.5748208240E-25    1.4736797850E-23
    -5.5854125189E-23   -4.5748208240E-25    4.3457663434E-11   -9.3853365646E-24
     2.3783730741E-22    1.4736797850E-23   -9.3853365646E-24    2.8114369050E-10

 The Neutral Axes (or Tension Center) of the Cross Section
 ========================================================

  Xt2 =    8.4596352487E-13
  Xt3 =    1.2852537568E-12

 Classical Stiffness Matrix (correct up to the 2nd order) (1-extension; 2-twist; 3,4-bending)
 ========================================================

     1.6906025913E+10   -1.1644036327E+08    2.1535127454E-02   -1.0639725075E-02
    -1.1644036327E+08    3.5488015507E+08   -1.7262845028E-03    3.7222752561E-02
     2.1535127454E-02   -1.7262845028E-03    2.2996754643E+10    1.5196212835E-04
    -1.0639725075E-02    3.7222752561E-02    1.5196212835E-04    3.5548435082E+09

 Classical Flexibility Matrix (correct up to the 2nd order) (1-extension; 2-twist; 3,4-bending)
 ========================================================

     5.9284482103E-11    1.9451937601E-11   -5.4056292682E-23   -2.6241399696E-23
     1.9451937601E-11    2.8242351013E-09    1.9378966298E-22   -2.9514334692E-20
    -5.4056292682E-23    1.9378966298E-22    4.3484396625E-11   -1.8588670510E-24
    -2.6241399696E-23   -2.9514334692E-20   -1.8588670510E-24    2.8130633534E-10

 The Neutral Axes (or Tension Center) of the Cross Section, Corrected by Initial Curvature/Twist
 ========================================================

  Xt2 =   -9.3284069355E-14
  Xt3 =    1.2431192997E-12

 Timoshenko Stiffness Matrix (1-extension; 2,3-shear, 4-twist; 5,6-bending)
 ========================================================

     1.6906025913E+10   -4.1077711354E+00    9.0971922742E-02   -1.1644036328E+08   -9.8572731208E+03   -9.3419063180E+03
    -4.1077711354E+00    8.1362373620E+08   -3.5972335125E+00   -1.9412826627E+01    2.6010380331E+07   -7.3652521784E-01
     9.0971922742E-02   -3.5972335125E+00    1.4428013390E+08   -3.1230223792E+00   -5.4137456285E-01    1.3779913584E+07
    -1.1644036328E+08   -1.9412826627E+01   -3.1230223792E+00    3.5488015507E+08    1.1937281567E+03    1.1277523356E+03
    -9.8572731208E+03    2.6010380331E+07   -5.4137456285E-01    1.1937281567E+03    2.3007178779E+10    2.2750220399E-01
    -9.3419063180E+03   -7.3652521784E-01    1.3779913584E+07    1.1277523356E+03    2.2750220399E-01    3.5549497094E+09

 Timoshenko Flexibility Matrix (1-extension; 2,3-shear, 4-twist; 5,6-bending)
 ========================================================

     5.9284482103E-11   -1.6309349068E-20   -1.3911437496E-17    1.9451937602E-11    2.4390797144E-17    1.4967435597E-16
    -1.6309349068E-20    1.2291137762E-09    3.0626414131E-17    7.1904339712E-17   -1.3895539778E-12    1.3600159640E-19
    -1.3911437496E-17    3.0626414131E-17    6.9335280207E-09    1.4186019857E-16    1.2877888964E-19   -2.6876165563E-11
     1.9451937602E-11    7.1904339712E-17    1.4186019857E-16    2.8242351013E-09   -1.3828275902E-16   -8.4537746516E-16
     2.4390797144E-17   -1.3895539778E-12    1.2877888964E-19   -1.3828275902E-16    4.3466265570E-11   -3.4607717387E-21
     1.4967435597E-16    1.3600159640E-19   -2.6876165563E-11   -8.4537746516E-16   -3.4607717387E-21    2.8140211058E-10

 The Generalized Shear Center of the Cross Section in the User Coordinate System
 ========================================================

  Xs2 =   -5.0229599691E-08
  Xs3 =    2.5459757114E-08
