
 The 6X6 Mass Matrix
 ========================================================

     7.1224712000E+02    0.0000000000E+00    0.0000000000E+00    0.0000000000E+00   -8.1712414612E-14    1.1990408666E-14
     0.0000000000E+00    7.1224712000E+02    0.0000000000E+00    8.1712414612E-14    0.0000000000E+00    0.0000000000E+00
     0.0000000000E+00    0.0000000000E+00    7.1224712000E+02   -1.1990408666E-14    0.0000000000E+00    0.0000000000E+00
     0.0000000000E+00    8.1712414612E-14   -1.1990408666E-14    3.9569408290E+03    0.0000000000E+00    0.0000000000E+00
    -8.1712414612E-14    0.0000000000E+00    0.0000000000E+00    0.0000000000E+00    3.6961203640E+03   -8.8817841970E-15
     1.1990408666E-14    0.0000000000E+00    0.0000000000E+00    0.0000000000E+00   -8.8817841970E-15    2.6082046495E+02

 The Mass Center of the Cross Section
 ========================================================

  Xm2 =   -1.6834618673E-17
  Xm3 =   -1.1472480873E-16

 The Mass Properties with respect to Principal Inertial Axes
 ========================================================

 Mass Per Unit Span                     =    7.1224712000E+02
 Mass Moments of Intertia about x1 axis =    3.9569408290E+03
 Mass Moments of Intertia about x2 axis =    3.6961203640E+03
 Mass Moments of Intertia about x3 axis =    2.6082046495E+02
 The user coordinate axes are the principal inertial axes.
 The mass-weighted radius of gyration   =    2.3570262925E+00

 The Geometric Center of the Cross Section
 ========================================================

  Xg2 =    8.9894764281E-17
  Xg3 =    2.5523356873E-17

 Classical Stiffness Matrix (1-extension; 2-twist; 3,4-bending)
 ========================================================

     7.6443255182E+09    3.3599749794E+06    2.7709965444E-01    4.1602321079E-02
     3.3599749794E+06    8.8773955810E+08    1.3454491463E-03    7.8996717231E-04
     2.7709965444E-01    1.3454491463E-03    4.5282893203E+10   -5.7682466652E-02
     4.1602321079E-02    7.8996717231E-04   -5.7682466652E-02    2.2625281308E+09

 Classical Flexibility Matrix (1-extension; 2-twist; 3,4-bending)
 ========================================================

     1.3081620625E-10   -4.9512176840E-13   -8.0048903285E-22   -2.4052150383E-21
    -4.9512176840E-13    1.1264583790E-09   -3.0439627329E-23   -3.8420159899E-22
    -8.0048903285E-22   -3.0439627329E-23    2.2083394617E-11    5.6300943014E-22
    -2.4052150383E-21   -3.8420159899E-22    5.6300943014E-22    4.4198345488E-10

 The Neutral Axes (or Tension Center) of the Cross Section
 ========================================================

  Xt2 =   -5.4418666846E-12
  Xt3 =    3.6248459385E-11

 Classical Stiffness Matrix (correct up to the 2nd order) (1-extension; 2-twist; 3,4-bending)
 ========================================================

     7.6443255182E+09    3.3599749794E+06    2.7709965444E-01    4.1602321079E-02
     3.3599749794E+06    8.8773955810E+08    1.3454491463E-03    7.8996717231E-04
     2.7709965444E-01    1.3454491463E-03    4.5282893203E+10   -5.7682466652E-02
     4.1602321079E-02    7.8996717231E-04   -5.7682466652E-02    2.2625281308E+09

 Classical Flexibility Matrix (correct up to the 2nd order) (1-extension; 2-twist; 3,4-bending)
 ========================================================

     1.3081620625E-10   -4.9512176840E-13   -8.0048903285E-22   -2.4052150383E-21
    -4.9512176840E-13    1.1264583790E-09   -3.0439627329E-23   -3.8420159899E-22
    -8.0048903285E-22   -3.0439627329E-23    2.2083394617E-11    5.6300943014E-22
    -2.4052150383E-21   -3.8420159899E-22    5.6300943014E-22    4.4198345488E-10

 The Neutral Axes (or Tension Center) of the Cross Section, Corrected by Initial Curvature/Twist
 ========================================================

  Xt2 =   -5.4418666846E-12
  Xt3 =    3.6248459385E-11

 Timoshenko Stiffness Matrix (1-extension; 2,3-shear, 4-twist; 5,6-bending)
 ========================================================

     7.6443255182E+09   -3.5444961981E-04   -1.5092432335E-03    3.3599749794E+06    2.7710007447E-01    4.1602501550E-02
    -3.5444961981E-04    2.8284702841E+08   -2.8863166160E+01   -4.5930836014E-01   -3.3517886643E+05    3.4162114776E-03
    -1.5092432335E-03   -2.8863166160E+01    3.5606703330E+08   -4.0749872012E-01    3.6079611429E-02   -4.2577508629E+04
     3.3599749794E+06   -4.5930836014E-01   -4.0749872012E-01    8.8773955810E+08    1.8897378940E-03    8.3869473951E-04
     2.7710007447E-01   -3.3517886643E+05    3.6079611429E-02    1.8897378940E-03    4.5282893600E+10   -5.7686739280E-02
     4.1602501550E-02    3.4162114776E-03   -4.2577508629E+04    8.3869473951E-04   -5.7686739280E-02    2.2625281359E+09

 Timoshenko Flexibility Matrix (1-extension; 2,3-shear, 4-twist; 5,6-bending)
 ========================================================

     1.3081620625E-10   -6.4103243835E-22   -1.2442711459E-23   -4.9512176840E-13   -8.0048903285E-22   -2.4052150383E-21
    -6.4103243835E-22    3.5354799885E-09    2.8658970329E-16    1.8292276402E-18    2.6169223754E-14    5.5618254134E-23
    -1.2442711459E-23    2.8658970329E-16    2.8084599492E-09    1.2891663478E-18   -1.1629740451E-22    5.2851156114E-14
    -4.9512176840E-13    1.8292276402E-18    1.2891663478E-18    1.1264583790E-09   -3.0439627329E-23   -3.8420159899E-22
    -8.0048903285E-22    2.6169223754E-14   -1.1629740451E-22   -3.0439627329E-23    2.2083394617E-11    5.6300943014E-22
    -2.4052150383E-21    5.5618254134E-23    5.2851156114E-14   -3.8420159899E-22    5.6300943014E-22    4.4198345488E-10

 The Generalized Shear Center of the Cross Section in the User Coordinate System
 ========================================================

  Xs2 =   -1.1444420600E-09
  Xs3 =    1.6238750355E-09
