
 The 6X6 Mass Matrix
 ========================================================

     3.1511552000E+02    0.0000000000E+00    0.0000000000E+00    0.0000000000E+00    0.0000000000E+00   -2.6645352591E-15
     0.0000000000E+00    3.1511552000E+02    0.0000000000E+00    0.0000000000E+00    0.0000000000E+00    0.0000000000E+00
     0.0000000000E+00    0.0000000000E+00    3.1511552000E+02    2.6645352591E-15    0.0000000000E+00    0.0000000000E+00
     0.0000000000E+00    0.0000000000E+00    2.6645352591E-15    1.2303981156E+02    0.0000000000E+00    0.0000000000E+00
     0.0000000000E+00    0.0000000000E+00    0.0000000000E+00    0.0000000000E+00    4.4316913410E+01    0.0000000000E+00
    -2.6645352591E-15    0.0000000000E+00    0.0000000000E+00    0.0000000000E+00    0.0000000000E+00    7.8722898152E+01

 The Mass Center of the Cross Section
 ========================================================

  Xm2 =    8.4557411171E-18
  Xm3 =    0.0000000000E+00

 The Mass Properties with respect to Principal Inertial Axes
 ========================================================

 Mass Per Unit Span                     =    3.1511552000E+02
 Mass Moments of Intertia about x1 axis =    1.2303981156E+02
 Mass Moments of Intertia about x2 axis =    4.4316913410E+01
 Mass Moments of Intertia about x3 axis =    7.8722898152E+01
 The user coordinate axes are the principal inertial axes.
 The mass-weighted radius of gyration   =    6.2486749248E-01

 The Geometric Center of the Cross Section
 ========================================================

  Xg2 =   -4.2741616914E-17
  Xg3 =    6.1059452735E-18

 Classical Stiffness Matrix (1-extension; 2-twist; 3,4-bending)
 ========================================================

     6.1815088394E+09    3.1117184582E+02   -4.6852979723E-03    2.6640558623E-03
     3.1117184582E+02    7.4023246018E+07   -7.7952733146E-07    5.2132216472E-07
    -4.6852979723E-03   -7.7952733146E-07    9.2567781239E+08    1.6136294759E-04
     2.6640558623E-03    5.2132216472E-07    1.6136294759E-04    1.2873778258E+09

 Classical Flexibility Matrix (1-extension; 2-twist; 3,4-bending)
 ========================================================

     1.6177280110E-10   -6.8004503762E-16    8.1880948890E-22   -3.3476712909E-22
    -6.8004503762E-16    1.3509269774E-08    1.1372919025E-23   -5.4691559411E-24
     8.1880948890E-22    1.1372919025E-23    1.0802894772E-09   -1.3540600964E-22
    -3.3476712909E-22   -5.4691559411E-24   -1.3540600964E-22    7.7677273911E-10

 The Neutral Axes (or Tension Center) of the Cross Section
 ========================================================

  Xt2 =   -4.3097177879E-13
  Xt3 =   -7.5795377645E-13

 Classical Stiffness Matrix (correct up to the 2nd order) (1-extension; 2-twist; 3,4-bending)
 ========================================================

     6.1813728591E+09   -3.4300000798E+06   -4.6841156934E-03    2.6610127811E-03
    -3.4300000798E+06    7.4022529457E+07    6.6611187930E-05   -4.6709637386E-05
    -4.6841156934E-03    6.6611187930E-05    9.2565154947E+08    1.6068880721E-04
     2.6610127811E-03   -4.6709637386E-05    1.6068880721E-04    1.2873308279E+09

 Classical Flexibility Matrix (correct up to the 2nd order) (1-extension; 2-twist; 3,4-bending)
 ========================================================

     1.6178051958E-10    7.4964635653E-12    8.1812570048E-22   -3.3414089365E-22
     7.4964635653E-12    1.3509747913E-08   -9.3424578071E-22    4.7469323938E-22
     8.1812570048E-22   -9.3424578071E-22    1.0803201276E-09   -1.3484906051E-22
    -3.3414089365E-22    4.7469323938E-22   -1.3484906051E-22    7.7680109755E-10

 The Neutral Axes (or Tension Center) of the Cross Section, Corrected by Initial Curvature/Twist
 ========================================================

  Xt2 =   -4.3014987325E-13
  Xt3 =   -7.5729932231E-13

 Timoshenko Stiffness Matrix (1-extension; 2,3-shear, 4-twist; 5,6-bending)
 ========================================================

     6.1813728591E+09   -1.0639222426E+00   -4.9520332764E-03   -3.4300000790E+06   -5.3814525491E+00    1.8260104320E+02
    -1.0639222426E+00    3.2779596252E+08    5.4186315486E+00   -2.7175735825E+00    2.7748328237E+05    2.5340702679E-01
    -4.9520332764E-03    5.4186315486E+00    3.7377279649E+07    3.6026090397E-02   -4.0971008824E-03    2.4781555675E+06
    -3.4300000790E+06   -2.7175735825E+00    3.6026090397E-02    7.4022529471E+07   -8.7471146692E+01    2.9678000489E+03
    -5.3814525491E+00    2.7748328237E+05   -4.0971008824E-03   -8.7471146692E+01    9.2566145590E+08   -3.7519774857E-03
     1.8260104320E+02    2.5340702679E-01    2.4781555675E+06    2.9678000489E+03   -3.7519774857E-03    1.2873368084E+09

 Timoshenko Flexibility Matrix (1-extension; 2,3-shear, 4-twist; 5,6-bending)
 ========================================================

     1.6178051958E-10    5.8584181665E-19    2.6818312484E-18    7.4964635637E-12    1.6487408894E-18   -4.0234958117E-17
     5.8584181665E-19    3.0506789836E-09   -4.4227751119E-16    1.1094543094E-16   -9.1449461615E-13    2.5062297739E-19
     2.6818312484E-18   -4.4227751119E-16    2.6757636109E-08    2.0522669457E-15    2.5099847906E-19   -5.1509119035E-11
     7.4964635637E-12    1.1094543094E-16    2.0522669457E-15    1.3509747912E-08    1.2766251529E-15   -3.1150111571E-14
     1.6487408894E-18   -9.1449461615E-13    2.5099847906E-19    1.2766251529E-15    1.0803088401E-09   -9.7914332099E-23
    -4.0234958117E-17    2.5062297739E-19   -5.1509119035E-11   -3.1150111571E-14   -9.7914332099E-23    7.7689664519E-10

 The Generalized Shear Center of the Cross Section in the User Coordinate System
 ========================================================

  Xs2 =   -1.5191008442E-07
  Xs3 =    8.2122502701E-09
