
 The 6X6 Mass Matrix
 ========================================================

     6.6694000000E+02    0.0000000000E+00    0.0000000000E+00    0.0000000000E+00   -6.0618177145E-14   -7.1609385088E-15
     0.0000000000E+00    6.6694000000E+02    0.0000000000E+00    6.0618177145E-14    0.0000000000E+00    0.0000000000E+00
     0.0000000000E+00    0.0000000000E+00    6.6694000000E+02    7.1609385088E-15    0.0000000000E+00    0.0000000000E+00
     0.0000000000E+00    6.0618177145E-14    7.1609385088E-15    3.6187022186E+03    0.0000000000E+00    0.0000000000E+00
    -6.0618177145E-14    0.0000000000E+00    0.0000000000E+00    0.0000000000E+00    3.3667781109E+03    5.2180482157E-15
    -7.1609385088E-15    0.0000000000E+00    0.0000000000E+00    0.0000000000E+00    5.2180482157E-15    2.5192410765E+02

 The Mass Center of the Cross Section
 ========================================================

  Xm2 =    1.0737005591E-17
  Xm3 =   -9.0890000816E-17

 The Mass Properties with respect to Principal Inertial Axes
 ========================================================

 Mass Per Unit Span                     =    6.6694000000E+02
 Mass Moments of Intertia about x1 axis =    3.6187022186E+03
 Mass Moments of Intertia about x2 axis =    3.3667781109E+03
 Mass Moments of Intertia about x3 axis =    2.5192410765E+02
 The user coordinate axes are the principal inertial axes.
 The mass-weighted radius of gyration   =    2.3293408377E+00

 The Geometric Center of the Cross Section
 ========================================================

  Xg2 =    4.2777227940E-17
  Xg3 =    1.6909134458E-17

 Classical Stiffness Matrix (1-extension; 2-twist; 3,4-bending)
 ========================================================

     7.1118933881E+09    2.5645868576E+06    1.6399359121E-01    1.8739089263E-01
     2.5645868576E+06    8.8448487911E+08    2.5252864160E-03    1.4345401895E-03
     1.6399359121E-01    2.5252864160E-03    4.1395221256E+10   -1.5858943823E-01
     1.8739089263E-01    1.4345401895E-03   -1.5858943823E-01    2.1597492525E+09

 Classical Flexibility Matrix (1-extension; 2-twist; 3,4-bending)
 ========================================================

     1.4060967889E-10   -4.0770141247E-13   -5.5702218610E-22   -1.2199744181E-20
    -4.0770141247E-13    1.1306027601E-09   -6.7356455375E-23   -7.1559027715E-22
    -5.5702218610E-22   -6.7356455375E-23    2.4157377824E-11    1.7738656346E-21
    -1.2199744181E-20   -7.1559027715E-22    1.7738656346E-21    4.6301671310E-10

 The Neutral Axes (or Tension Center) of the Cross Section
 ========================================================

  Xt2 =   -2.6348388375E-11
  Xt3 =    2.3058056636E-11

 Classical Stiffness Matrix (correct up to the 2nd order) (1-extension; 2-twist; 3,4-bending)
 ========================================================

     7.1118933881E+09    2.5645868576E+06    1.6399359121E-01    1.8739089263E-01
     2.5645868576E+06    8.8448487911E+08    2.5252864160E-03    1.4345401895E-03
     1.6399359121E-01    2.5252864160E-03    4.1395221256E+10   -1.5858943823E-01
     1.8739089263E-01    1.4345401895E-03   -1.5858943823E-01    2.1597492525E+09

 Classical Flexibility Matrix (correct up to the 2nd order) (1-extension; 2-twist; 3,4-bending)
 ========================================================

     1.4060967889E-10   -4.0770141247E-13   -5.5702218610E-22   -1.2199744181E-20
    -4.0770141247E-13    1.1306027601E-09   -6.7356455375E-23   -7.1559027715E-22
    -5.5702218610E-22   -6.7356455375E-23    2.4157377824E-11    1.7738656346E-21
    -1.2199744181E-20   -7.1559027715E-22    1.7738656346E-21    4.6301671310E-10

 The Neutral Axes (or Tension Center) of the Cross Section, Corrected by Initial Curvature/Twist
 ========================================================

  Xt2 =   -2.6348388375E-11
  Xt3 =    2.3058056636E-11

 Timoshenko Stiffness Matrix (1-extension; 2,3-shear, 4-twist; 5,6-bending)
 ========================================================

     7.1118933881E+09    1.1550029629E-04   -5.9272719795E-03    2.5645868576E+06    1.6399347233E-01    1.8739146054E-01
     1.1550029629E-04    2.5849159586E+08   -2.2661237998E+01    3.0546562548E-01   -2.6604509766E+05    2.2647102946E-03
    -5.9272719795E-03   -2.2661237998E+01    3.5569320574E+08    6.8142119227E-01    3.0322224361E-02   -3.4080413557E+04
     2.5645868576E+06    3.0546562548E-01    6.8142119227E-01    8.8448487911E+08    2.2108946524E-03    1.3692504521E-03
     1.6399347233E-01   -2.6604509766E+05    3.0322224361E-02    2.2108946524E-03    4.1395221530E+10   -1.5859243970E-01
     1.8739146054E-01    2.2647102946E-03   -3.4080413557E+04    1.3692504521E-03   -1.5859243970E-01    2.1597492557E+09

 Timoshenko Flexibility Matrix (1-extension; 2,3-shear, 4-twist; 5,6-bending)
 ========================================================

     1.4060967889E-10    4.1838956046E-22    3.1230071633E-21   -4.0770141247E-13   -5.5702218610E-22   -1.2199744181E-20
     4.1838956046E-22    3.8685977519E-09    2.4646862015E-16   -1.3360600682E-18    2.4863291672E-14   -1.6555510692E-22
     3.1230071633E-21    2.4646862015E-16    2.8114115912E-09   -2.1659653307E-18   -4.7516231269E-22    4.4363515557E-14
    -4.0770141247E-13   -1.3360600682E-18   -2.1659653307E-18    1.1306027601E-09   -6.7356455375E-23   -7.1559027715E-22
    -5.5702218610E-22    2.4863291672E-14   -4.7516231269E-22   -6.7356455375E-23    2.4157377824E-11    1.7738656346E-21
    -1.2199744181E-20   -1.6555510692E-22    4.4363515557E-14   -7.1559027715E-22    1.7738656346E-21    4.6301671310E-10

 The Generalized Shear Center of the Cross Section in the User Coordinate System
 ========================================================

  Xs2 =    1.9157615806E-09
  Xs3 =   -1.1817236923E-09
