
 The 6X6 Mass Matrix
 ========================================================

     4.1719760000E+02    0.0000000000E+00    0.0000000000E+00    0.0000000000E+00    8.8817841970E-15    5.3290705182E-15
     0.0000000000E+00    4.1719760000E+02    0.0000000000E+00   -8.8817841970E-15    0.0000000000E+00    0.0000000000E+00
     0.0000000000E+00    0.0000000000E+00    4.1719760000E+02   -5.3290705182E-15    0.0000000000E+00    0.0000000000E+00
     0.0000000000E+00   -8.8817841970E-15   -5.3290705182E-15    1.6914151458E+02    0.0000000000E+00    0.0000000000E+00
     8.8817841970E-15    0.0000000000E+00    0.0000000000E+00    0.0000000000E+00    6.9437094727E+01   -8.8817841970E-16
     5.3290705182E-15    0.0000000000E+00    0.0000000000E+00    0.0000000000E+00   -8.8817841970E-16    9.9704419854E+01

 The Mass Center of the Cross Section
 ========================================================

  Xm2 =   -1.2773492748E-17
  Xm3 =    2.1289154580E-17

 The Mass Properties with respect to Principal Inertial Axes
 ========================================================

 Mass Per Unit Span                     =    4.1719760000E+02
 Mass Moments of Intertia about x1 axis =    1.6914151458E+02
 Mass Moments of Intertia about x2 axis =    6.9437094727E+01
 Mass Moments of Intertia about x3 axis =    9.9704419854E+01
 The user coordinate axes are the principal inertial axes.
 The mass-weighted radius of gyration   =    6.3672837910E-01

 The Geometric Center of the Cross Section
 ========================================================

  Xg2 =    0.0000000000E+00
  Xg3 =    2.4887000401E-18

 Classical Stiffness Matrix (1-extension; 2-twist; 3,4-bending)
 ========================================================

     8.3403002046E+09    3.4395552230E+02    2.8379739843E-03    1.8120330732E-03
     3.4395552230E+02    8.8665494345E+07    6.2330749284E-07    4.6963603945E-07
     2.8379739843E-03    6.2330749284E-07    1.4605315119E+09   -2.7615457096E-04
     1.8120330732E-03    4.6963603945E-07   -2.7615457096E-04    1.7044375626E+09

 Classical Flexibility Matrix (1-extension; 2-twist; 3,4-bending)
 ========================================================

     1.1989976086E-10   -4.6512101661E-16   -2.3297847324E-22   -1.2746863639E-22
    -4.6512101661E-16    1.1278344607E-08   -4.8123280067E-24   -3.1071095794E-24
    -2.3297847324E-22   -4.8123280067E-24    6.8468224881E-10    1.1093285950E-22
    -1.2746863639E-22   -3.1071095794E-24    1.1093285950E-22    5.8670380302E-10

 The Neutral Axes (or Tension Center) of the Cross Section
 ========================================================

  Xt2 =   -2.1726233192E-13
  Xt3 =    3.4027240175E-13

 Classical Stiffness Matrix (correct up to the 2nd order) (1-extension; 2-twist; 3,4-bending)
 ========================================================

     8.3400108997E+09   -6.2741000809E+06    2.8359793088E-03    1.8036473941E-03
    -6.2741000809E+06    8.8667612111E+07   -7.8099536957E-05   -6.0253120308E-05
     2.8359793088E-03   -7.8099536957E-05    1.4604695597E+09   -2.7424982548E-04
     1.8036473941E-03   -6.0253120308E-05   -2.7424982548E-04    1.7043452184E+09

 Classical Flexibility Matrix (correct up to the 2nd order) (1-extension; 2-twist; 3,4-bending)
 ========================================================

     1.1991030308E-10    8.4848257929E-12   -2.3239133962E-22   -1.2659681038E-22
     8.4848257929E-12    1.1278675616E-08    5.8665827508E-22    3.8975188695E-22
    -2.3239133962E-22    5.8665827508E-22    6.8471129257E-10    1.1017835499E-22
    -1.2659681038E-22    3.8975188695E-22    1.1017835499E-22    5.8673559160E-10

 The Neutral Axes (or Tension Center) of the Cross Section, Corrected by Initial Curvature/Twist
 ========================================================

  Xt2 =   -2.1576466844E-13
  Xt3 =    3.3940047747E-13

 Timoshenko Stiffness Matrix (1-extension; 2,3-shear, 4-twist; 5,6-bending)
 ========================================================

     8.3400108997E+09   -8.7055960935E+00   -2.2647907990E-02   -6.2741000835E+06    6.8516769624E+00   -2.8614920467E+02
    -8.7055960935E+00    4.4253969904E+08    4.4404232483E+00   -1.0500008018E+01    5.4803190147E+05   -9.5779418575E-01
    -2.2647907990E-02    4.4404232483E+00    4.1825137487E+07    1.0782613411E-01   -1.0652453500E-01    4.0063494736E+06
    -6.2741000835E+06   -1.0500008018E+01    1.0782613411E-01    8.8667612185E+07   -1.8847269016E+02    7.9569674970E+03
     6.8516769624E+00    5.4803190147E+05   -1.0652453500E-01   -1.8847269016E+02    1.4604947776E+09    1.6306032853E-02
    -2.8614920467E+02   -9.5779418575E-01    4.0063494736E+06    7.9569674970E+03    1.6306032853E-02    1.7043542014E+09

 Timoshenko Flexibility Matrix (1-extension; 2,3-shear, 4-twist; 5,6-bending)
 ========================================================

     1.1991030308E-10    2.5595220788E-18    1.9094615115E-18    8.4848257911E-12    5.3144221663E-19   -1.9484738044E-17
     2.5595220788E-18    2.2596853273E-09   -2.4008033924E-16    2.6597027086E-16   -8.4791788756E-13    1.8329860355E-18
     1.9094615115E-18   -2.4008033924E-16    2.3914451346E-08    5.0157141819E-15    1.8356172751E-18   -5.6214635154E-11
     8.4848257911E-12    2.6597027086E-16    5.0157141819E-15    1.1278675611E-08    1.4553413490E-15   -5.2666119492E-14
     5.3144221663E-19   -8.4791788756E-13    1.8356172751E-18    1.4553413490E-15    6.8469978806E-10   -1.8136455485E-20
    -1.9484738044E-17    1.8329860355E-18   -5.6214635154E-11   -5.2666119492E-14   -1.8136455485E-20    5.8686464063E-10

 The Generalized Shear Center of the Cross Section in the User Coordinate System
 ========================================================

  Xs2 =   -4.4470772587E-07
  Xs3 =    2.3581693456E-08
