
 The 6X6 Mass Matrix
 ========================================================

     6.3825936000E+02    0.0000000000E+00    0.0000000000E+00    0.0000000000E+00    9.2370555649E-14    4.7933879088E-14
     0.0000000000E+00    6.3825936000E+02    0.0000000000E+00   -9.2370555649E-14    0.0000000000E+00    0.0000000000E+00
     0.0000000000E+00    0.0000000000E+00    6.3825936000E+02   -4.7933879088E-14    0.0000000000E+00    0.0000000000E+00
     0.0000000000E+00   -9.2370555649E-14   -4.7933879088E-14    2.2244996841E+03    0.0000000000E+00    0.0000000000E+00
     9.2370555649E-14    0.0000000000E+00    0.0000000000E+00    0.0000000000E+00    2.0080250143E+03   -2.2204460493E-16
     4.7933879088E-14    0.0000000000E+00    0.0000000000E+00    0.0000000000E+00   -2.2204460493E-16    2.1647466986E+02

 The Mass Center of the Cross Section
 ========================================================

  Xm2 =   -7.5100941862E-17
  Xm3 =    1.4472260250E-16

 The Mass Properties with respect to Principal Inertial Axes
 ========================================================

 Mass Per Unit Span                     =    6.3825936000E+02
 Mass Moments of Intertia about x1 axis =    2.2244996841E+03
 Mass Moments of Intertia about x2 axis =    2.0080250143E+03
 Mass Moments of Intertia about x3 axis =    2.1647466986E+02
 The user coordinate axes are the principal inertial axes.
 The mass-weighted radius of gyration   =    1.8668850505E+00

 The Geometric Center of the Cross Section
 ========================================================

  Xg2 =   -4.8792921438E-17
  Xg3 =    4.5626073172E-17

 Classical Stiffness Matrix (1-extension; 2-twist; 3,4-bending)
 ========================================================

     1.0276027230E+10    2.4844185821E+04    3.1190222310E-02    1.8519283332E-01
     2.4844185821E+04    6.3872225917E+08    1.2673256776E-03    5.0443910745E-04
     3.1190222310E-02    1.2673256776E-03    3.7877807782E+10   -1.5551273523E-01
     1.8519283332E-01    5.0443910745E-04   -1.5551273523E-01    2.5567041513E+09

 Classical Flexibility Matrix (1-extension; 2-twist; 3,4-bending)
 ========================================================

     9.7313872151E-11   -3.7851881440E-15   -8.0132317257E-23   -7.0488522448E-21
    -3.7851881440E-15    1.5656257250E-09   -5.2380001330E-23   -3.0862462254E-22
    -8.0132317257E-23   -5.2380001330E-23    2.6400683106E-11    1.6058339952E-21
    -7.0488522448E-21   -3.0862462254E-22    1.6058339952E-21    3.9112855491E-10

 The Neutral Axes (or Tension Center) of the Cross Section
 ========================================================

  Xt2 =   -1.8021829796E-11
  Xt3 =    3.0352365091E-12

 Classical Stiffness Matrix (correct up to the 2nd order) (1-extension; 2-twist; 3,4-bending)
 ========================================================

     1.0276027230E+10    2.4844185821E+04    3.1190222310E-02    1.8519283332E-01
     2.4844185821E+04    6.3872225917E+08    1.2673256776E-03    5.0443910745E-04
     3.1190222310E-02    1.2673256776E-03    3.7877807782E+10   -1.5551273523E-01
     1.8519283332E-01    5.0443910745E-04   -1.5551273523E-01    2.5567041513E+09

 Classical Flexibility Matrix (correct up to the 2nd order) (1-extension; 2-twist; 3,4-bending)
 ========================================================

     9.7313872151E-11   -3.7851881440E-15   -8.0132317257E-23   -7.0488522448E-21
    -3.7851881440E-15    1.5656257250E-09   -5.2380001330E-23   -3.0862462254E-22
    -8.0132317257E-23   -5.2380001330E-23    2.6400683106E-11    1.6058339952E-21
    -7.0488522448E-21   -3.0862462254E-22    1.6058339952E-21    3.9112855491E-10

 The Neutral Axes (or Tension Center) of the Cross Section, Corrected by Initial Curvature/Twist
 ========================================================

  Xt2 =   -1.8021829796E-11
  Xt3 =    3.0352365091E-12

 Timoshenko Stiffness Matrix (1-extension; 2,3-shear, 4-twist; 5,6-bending)
 ========================================================

     1.0276027230E+10    3.0017596133E-05   -6.4803778240E-04    2.4844185821E+04    3.1190221643E-02    1.8519283674E-01
     3.0017596133E-05    3.8211778377E+08   -2.0449482390E+00    4.2846614377E-02   -8.4829075690E+03    4.0421159020E-05
    -6.4803778240E-04   -2.0449482390E+00    2.6270251235E+08    4.0118133184E-02    8.7915130608E-04   -1.3831320168E+03
     2.4844185821E+04    4.2846614377E-02    4.0118133184E-02    6.3872225917E+08    1.2663744949E-03    5.0422788498E-04
     3.1190221643E-02   -8.4829075690E+03    8.7915130608E-04    1.2663744949E-03    3.7877807783E+10   -1.5551274052E-01
     1.8519283674E-01    4.0421159020E-05   -1.3831320168E+03    5.0422788498E-04   -1.5551274052E-01    2.5567041513E+09

 Timoshenko Flexibility Matrix (1-extension; 2,3-shear, 4-twist; 5,6-bending)
 ========================================================

     9.7313872151E-11   -7.2219231755E-24    2.4059599017E-22   -3.7851881440E-15   -8.0132317257E-23   -7.0488522448E-21
    -7.2219231755E-24    2.6169941376E-09    2.0371398449E-17   -1.7555257925E-19    5.8608775632E-16   -3.0318118163E-23
     2.4059599017E-22    2.0371398449E-17    3.8065871204E-09   -2.3909167838E-19   -8.3780907267E-23    2.0592967389E-15
    -3.7851881440E-15   -1.7555257925E-19   -2.3909167838E-19    1.5656257250E-09   -5.2380001330E-23   -3.0862462254E-22
    -8.0132317257E-23    5.8608775632E-16   -8.3780907267E-23   -5.2380001330E-23    2.6400683106E-11    1.6058339952E-21
    -7.0488522448E-21   -3.0318118163E-23    2.0592967389E-15   -3.0862462254E-22    1.6058339952E-21    3.9112855491E-10

 The Generalized Shear Center of the Cross Section in the User Coordinate System
 ========================================================

  Xs2 =    1.5271317695E-10
  Xs3 =   -1.1212934001E-10
