
 The 6X6 Mass Matrix
 ========================================================

     5.6719776000E+02    0.0000000000E+00    0.0000000000E+00    0.0000000000E+00   -1.7941204078E-13   -2.2426505097E-14
     0.0000000000E+00    5.6719776000E+02    0.0000000000E+00    1.7941204078E-13    0.0000000000E+00    0.0000000000E+00
     0.0000000000E+00    0.0000000000E+00    5.6719776000E+02    2.2426505097E-14    0.0000000000E+00    0.0000000000E+00
     0.0000000000E+00    1.7941204078E-13    2.2426505097E-14    2.4551407076E+03    0.0000000000E+00    0.0000000000E+00
    -1.7941204078E-13    0.0000000000E+00    0.0000000000E+00    0.0000000000E+00    2.2357031535E+03    4.8849813084E-15
    -2.2426505097E-14    0.0000000000E+00    0.0000000000E+00    0.0000000000E+00    4.8849813084E-15    2.1943755414E+02

 The Mass Center of the Cross Section
 ========================================================

  Xm2 =    3.9539128465E-17
  Xm3 =   -3.1631302772E-16

 The Mass Properties with respect to Principal Inertial Axes
 ========================================================

 Mass Per Unit Span                     =    5.6719776000E+02
 Mass Moments of Intertia about x1 axis =    2.4551407076E+03
 Mass Moments of Intertia about x2 axis =    2.2357031535E+03
 Mass Moments of Intertia about x3 axis =    2.1943755414E+02
 The user coordinate axes are the principal inertial axes.
 The mass-weighted radius of gyration   =    2.0805154253E+00

 The Geometric Center of the Cross Section
 ========================================================

  Xg2 =    2.4116474963E-18
  Xg3 =   -9.2958048947E-17

 Classical Stiffness Matrix (1-extension; 2-twist; 3,4-bending)
 ========================================================

     7.0674670871E+09    5.3996067914E+05   -1.6619017985E-01    3.5771222898E-02
     5.3996067914E+05    7.7470797274E+08    4.4996915279E-05    2.4477432128E-04
    -1.6619017985E-01    4.4996915279E-05    3.3410386626E+10   -5.0976358284E-02
     3.5771222898E-02    2.4477432128E-04   -5.0976358284E-02    2.0609469807E+09

 Classical Flexibility Matrix (1-extension; 2-twist; 3,4-bending)
 ========================================================

     1.4149341496E-10   -9.8618941745E-14    7.0381767143E-22   -2.4558459742E-21
    -9.8618941745E-14    1.2908090383E-09   -2.2290051726E-24   -1.5159496534E-22
     7.0381767143E-22   -2.2290051726E-24    2.9930811971E-11    7.4032171087E-22
    -2.4558459742E-21   -1.5159496534E-22    7.4032171087E-22    4.8521384071E-10

 The Neutral Axes (or Tension Center) of the Cross Section
 ========================================================

  Xt2 =   -5.0613683456E-12
  Xt3 =   -2.3514820517E-11

 Classical Stiffness Matrix (correct up to the 2nd order) (1-extension; 2-twist; 3,4-bending)
 ========================================================

     7.0674670871E+09    5.3996067914E+05   -1.6619017985E-01    3.5771222898E-02
     5.3996067914E+05    7.7470797274E+08    4.4996915279E-05    2.4477432128E-04
    -1.6619017985E-01    4.4996915279E-05    3.3410386626E+10   -5.0976358284E-02
     3.5771222898E-02    2.4477432128E-04   -5.0976358284E-02    2.0609469807E+09

 Classical Flexibility Matrix (correct up to the 2nd order) (1-extension; 2-twist; 3,4-bending)
 ========================================================

     1.4149341496E-10   -9.8618941745E-14    7.0381767143E-22   -2.4558459742E-21
    -9.8618941745E-14    1.2908090383E-09   -2.2290051726E-24   -1.5159496534E-22
     7.0381767143E-22   -2.2290051726E-24    2.9930811971E-11    7.4032171087E-22
    -2.4558459742E-21   -1.5159496534E-22    7.4032171087E-22    4.8521384071E-10

 The Neutral Axes (or Tension Center) of the Cross Section, Corrected by Initial Curvature/Twist
 ========================================================

  Xt2 =   -5.0613683456E-12
  Xt3 =   -2.3514820517E-11

 Timoshenko Stiffness Matrix (1-extension; 2,3-shear, 4-twist; 5,6-bending)
 ========================================================

     7.0674670871E+09    2.0840502929E-04   -4.2139011247E-04    5.3996067914E+05   -1.6619024034E-01    3.5771234376E-02
     2.0840502929E-04    2.7144530711E+08   -1.3598451647E+01    1.9288349322E-01   -7.8782737894E+04    3.8402119805E-04
    -4.2139011247E-04   -1.3598451647E+01    3.1460769161E+08    4.1195250469E-01    4.7439273838E-03   -8.5693648946E+03
     5.3996067914E+05    1.9288349322E-01    4.1195250469E-01    7.7470797274E+08   -1.0984488744E-05    2.3355345344E-04
    -1.6619024034E-01   -7.8782737894E+04    4.7439273838E-03   -1.0984488744E-05    3.3410386649E+10   -5.0976491454E-02
     3.5771234376E-02    3.8402119805E-04   -8.5693648946E+03    2.3355345344E-04   -5.0976491454E-02    2.0609469809E+09

 Timoshenko Flexibility Matrix (1-extension; 2,3-shear, 4-twist; 5,6-bending)
 ========================================================

     1.4149341496E-10   -3.8352183729E-23    3.1858471109E-22   -9.8618941745E-14    7.0381767143E-22   -2.4558459742E-21
    -3.8352183729E-23    3.6839833826E-09    1.5923472691E-16   -9.1722255820E-19    8.6869481723E-15   -2.4136672870E-23
     3.1858471109E-22    1.5923472691E-16    3.1785618305E-09   -1.6902068383E-18   -7.5822080627E-23    1.3216378887E-14
    -9.8618941745E-14   -9.1722255820E-19   -1.6902068383E-18    1.2908090383E-09   -2.2290051726E-24   -1.5159496534E-22
     7.0381767143E-22    8.6869481723E-15   -7.5822080627E-23   -2.2290051726E-24    2.9930811971E-11    7.4032171087E-22
    -2.4558459742E-21   -2.4136672870E-23    1.3216378887E-14   -1.5159496534E-22    7.4032171087E-22    4.8521384071E-10

 The Generalized Shear Center of the Cross Section in the User Coordinate System
 ========================================================

  Xs2 =    1.3094166435E-09
  Xs3 =   -7.1057959077E-10
