
 The 6X6 Mass Matrix
 ========================================================

     7.3780480000E+02    0.0000000000E+00    0.0000000000E+00    0.0000000000E+00    1.4210854715E-14    1.5987211555E-14
     0.0000000000E+00    7.3780480000E+02    0.0000000000E+00   -1.4210854715E-14    0.0000000000E+00    0.0000000000E+00
     0.0000000000E+00    0.0000000000E+00    7.3780480000E+02   -1.5987211555E-14    0.0000000000E+00    0.0000000000E+00
     0.0000000000E+00   -1.4210854715E-14   -1.5987211555E-14    2.1878527947E+03    0.0000000000E+00    0.0000000000E+00
     1.4210854715E-14    0.0000000000E+00    0.0000000000E+00    0.0000000000E+00    1.9626507452E+03   -3.5527136788E-15
     1.5987211555E-14    0.0000000000E+00    0.0000000000E+00    0.0000000000E+00   -3.5527136788E-15    2.2520204952E+02

 The Mass Center of the Cross Section
 ========================================================

  Xm2 =   -2.1668619606E-17
  Xm3 =    1.9260995205E-17

 The Mass Properties with respect to Principal Inertial Axes
 ========================================================

 Mass Per Unit Span                     =    7.3780480000E+02
 Mass Moments of Intertia about x1 axis =    2.1878527947E+03
 Mass Moments of Intertia about x2 axis =    1.9626507452E+03
 Mass Moments of Intertia about x3 axis =    2.2520204952E+02
 The user coordinate axes are the principal inertial axes.
 The mass-weighted radius of gyration   =    1.7220204745E+00

 The Geometric Center of the Cross Section
 ========================================================

  Xg2 =   -3.4127199624E-17
  Xg3 =    3.0335288554E-17

 Classical Stiffness Matrix (1-extension; 2-twist; 3,4-bending)
 ========================================================

     1.3060723282E+10    1.4914716177E+03   -9.8982018745E-04    4.8259041501E-02
     1.4914716177E+03    5.6028096012E+08    3.5542257132E-04    1.0495431558E-04
    -9.8982018745E-04    3.5542257132E-04    3.9340080161E+10   -5.9016366693E-02
     4.8259041501E-02    1.0495431558E-04   -5.9016366693E-02    3.0146227496E+09

 Classical Flexibility Matrix (1-extension; 2-twist; 3,4-bending)
 ========================================================

     7.6565438103E-11   -2.0381770210E-16    1.9264345257E-24   -1.2256839215E-21
    -2.0381770210E-16    1.7848188162E-09   -1.6125160197E-23   -6.2135337255E-23
     1.9264345257E-24   -1.6125160197E-23    2.5419368642E-11    4.9762736683E-22
    -1.2256839215E-21   -6.2135337255E-23    4.9762736683E-22    3.3171646440E-10

 The Neutral Axes (or Tension Center) of the Cross Section
 ========================================================

  Xt2 =   -3.6949746336E-12
  Xt3 =   -7.5786088737E-14

 Classical Stiffness Matrix (correct up to the 2nd order) (1-extension; 2-twist; 3,4-bending)
 ========================================================

     1.3060723282E+10    1.4914716177E+03   -9.8982018745E-04    4.8259041501E-02
     1.4914716177E+03    5.6028096012E+08    3.5542257132E-04    1.0495431558E-04
    -9.8982018745E-04    3.5542257132E-04    3.9340080161E+10   -5.9016366693E-02
     4.8259041501E-02    1.0495431558E-04   -5.9016366693E-02    3.0146227496E+09

 Classical Flexibility Matrix (correct up to the 2nd order) (1-extension; 2-twist; 3,4-bending)
 ========================================================

     7.6565438103E-11   -2.0381770210E-16    1.9264345257E-24   -1.2256839215E-21
    -2.0381770210E-16    1.7848188162E-09   -1.6125160197E-23   -6.2135337255E-23
     1.9264345257E-24   -1.6125160197E-23    2.5419368642E-11    4.9762736683E-22
    -1.2256839215E-21   -6.2135337255E-23    4.9762736683E-22    3.3171646440E-10

 The Neutral Axes (or Tension Center) of the Cross Section, Corrected by Initial Curvature/Twist
 ========================================================

  Xt2 =   -3.6949746336E-12
  Xt3 =   -7.5786088737E-14

 Timoshenko Stiffness Matrix (1-extension; 2,3-shear, 4-twist; 5,6-bending)
 ========================================================

     1.3060723282E+10   -5.2668195794E-06   -1.9615362819E-04    1.4914716177E+03   -9.8982018713E-04    4.8259042135E-02
    -5.2668195794E-06    5.0391773747E+08   -4.7024000323E+00   -1.6172678147E-01   -3.1073560714E+01    2.9604174830E-05
    -1.9615362819E-04   -4.7024000323E+00    2.3069927179E+08   -8.6858515350E-02    2.8589149918E-04   -7.4587237914E+02
     1.4914716177E+03   -1.6172678147E-01   -8.6858515350E-02    5.6028096012E+08    3.5543254393E-04    1.0523513730E-04
    -9.8982018713E-04   -3.1073560714E+01    2.8589149918E-04    3.5543254393E-04    3.9340080161E+10   -5.9016367618E-02
     4.8259042135E-02    2.9604174830E-05   -7.4587237914E+02    1.0523513730E-04   -5.9016367618E-02    3.0146227496E+09

 Timoshenko Flexibility Matrix (1-extension; 2,3-shear, 4-twist; 5,6-bending)
 ========================================================

     7.6565438103E-11    7.3483012335E-25    6.5019585272E-23   -2.0381770210E-16    1.9264345257E-24   -1.2256839215E-21
     7.3483012335E-25    1.9844508848E-09    4.0449550762E-17    5.7281771279E-19    1.5674588054E-18   -9.4797054898E-24
     6.5019585272E-23    4.0449550762E-17    4.3346474059E-09    6.7198614868E-19   -3.1467110275E-23    1.0724704356E-15
    -2.0381770210E-16    5.7281771279E-19    6.7198614868E-19    1.7848188162E-09   -1.6125160197E-23   -6.2135337255E-23
     1.9264345257E-24    1.5674588054E-18   -3.1467110275E-23   -1.6125160197E-23    2.5419368642E-11    4.9762736683E-22
    -1.2256839215E-21   -9.4797054898E-24    1.0724704356E-15   -6.2135337255E-23    4.9762736683E-22    3.3171646440E-10

 The Generalized Shear Center of the Cross Section in the User Coordinate System
 ========================================================

  Xs2 =   -3.7650104457E-10
  Xs3 =    3.2093885810E-10
