
 The 6X6 Mass Matrix
 ========================================================

     7.2857792000E+02    0.0000000000E+00    0.0000000000E+00    0.0000000000E+00    2.1316282073E-14   -3.5527136788E-15
     0.0000000000E+00    7.2857792000E+02    0.0000000000E+00   -2.1316282073E-14    0.0000000000E+00    0.0000000000E+00
     0.0000000000E+00    0.0000000000E+00    7.2857792000E+02    3.5527136788E-15    0.0000000000E+00    0.0000000000E+00
     0.0000000000E+00   -2.1316282073E-14    3.5527136788E-15    5.8700130032E+02    0.0000000000E+00    0.0000000000E+00
     2.1316282073E-14    0.0000000000E+00    0.0000000000E+00    0.0000000000E+00    4.1092662999E+02   -1.7763568394E-15
    -3.5527136788E-15    0.0000000000E+00    0.0000000000E+00    0.0000000000E+00   -1.7763568394E-15    1.7607467032E+02

 The Mass Center of the Cross Section
 ========================================================

  Xm2 =    4.8762302305E-18
  Xm3 =    2.9257381383E-17

 The Mass Properties with respect to Principal Inertial Axes
 ========================================================

 Mass Per Unit Span                     =    7.2857792000E+02
 Mass Moments of Intertia about x1 axis =    5.8700130032E+02
 Mass Moments of Intertia about x2 axis =    4.1092662999E+02
 Mass Moments of Intertia about x3 axis =    1.7607467032E+02
 The user coordinate axes are the principal inertial axes.
 The mass-weighted radius of gyration   =    8.9759728208E-01

 The Geometric Center of the Cross Section
 ========================================================

  Xg2 =    5.5906161808E-18
  Xg3 =   -5.5906161808E-18

 Classical Stiffness Matrix (1-extension; 2-twist; 3,4-bending)
 ========================================================

     1.4497767126E+10    6.6662492327E+02   -4.8141705585E-03   -3.8314156556E-02
     6.6662492327E+02    2.1339752248E+08   -5.4242021651E-05   -3.3130151077E-05
    -4.8141705585E-03   -5.4242021651E-05    8.6286683038E+09    9.9049680278E-03
    -3.8314156556E-02   -3.3130151077E-05    9.9049680278E-03    2.9766732024E+09

 Classical Flexibility Matrix (1-extension; 2-twist; 3,4-bending)
 ========================================================

     6.8976138966E-11   -2.1547210489E-16    3.8483677210E-23    8.8782422528E-22
    -2.1547210489E-16    4.6860900182E-09    2.9457843314E-23    5.2153059498E-23
     3.8483677210E-23    2.9457843314E-23    1.1589273858E-10   -3.8563651170E-22
     8.8782422528E-22    5.2153059498E-23   -3.8563651170E-22    3.3594551098E-10

 The Neutral Axes (or Tension Center) of the Cross Section
 ========================================================

  Xt2 =    2.6427625798E-12
  Xt3 =   -3.3206288576E-13

 Classical Stiffness Matrix (correct up to the 2nd order) (1-extension; 2-twist; 3,4-bending)
 ========================================================

     1.4496204611E+10   -3.0235859106E+07   -3.4636384509E-03   -3.6559666554E-02
    -3.0235859106E+07    2.1342668610E+08    3.4373959304E-02    1.8123471045E-02
    -3.4636384509E-03    3.4373959304E-02    8.6276065012E+09    9.3510191146E-03
    -3.6559666554E-02    1.8123471045E-02    9.3510191146E-03    2.9762858137E+09

 Classical Flexibility Matrix (correct up to the 2nd order) (1-extension; 2-twist; 3,4-bending)
 ========================================================

     6.9003963684E-11    9.7756946979E-12   -1.1245824648E-23    7.8809379548E-22
     9.7756946979E-12    4.6868345979E-09   -1.8669280088E-20   -2.8419419466E-20
    -1.1245824648E-23   -1.8669280088E-20    1.1590700154E-10   -3.6416145975E-22
     7.8809379548E-22   -2.8419419466E-20   -3.6416145975E-22    3.3598923712E-10

 The Neutral Axes (or Tension Center) of the Cross Section, Corrected by Initial Curvature/Twist
 ========================================================

  Xt2 =    2.3455923834E-12
  Xt3 =    9.7024549837E-14

 Timoshenko Stiffness Matrix (1-extension; 2,3-shear, 4-twist; 5,6-bending)
 ========================================================

     1.4496204611E+10   -2.5351786423E+01   -1.4292330083E-01   -3.0235859116E+07    3.3945646798E+02   -2.9895264886E+03
    -2.5351786423E+01    7.4565751382E+08    2.3715757058E+00    3.8534409175E+02    4.5829141777E+06    8.3510418070E-02
    -1.4292330083E-01    2.3715757058E+00    8.9159159890E+07    7.7533258276E+01   -7.2758160865E-03    7.8671676289E+06
    -3.0235859116E+07    3.8534409175E+02    7.7533258276E+01    2.1342668611E+08   -5.5322161435E+02    4.9241513499E+03
     3.3945646798E+02    4.5829141777E+06   -7.2758160865E-03   -5.5322161435E+02    8.6283005814E+09    5.5316753536E-05
    -2.9895264886E+03    8.3510418070E-02    7.8671676289E+06    4.9241513499E+03    5.5316753536E-05    2.9763115493E+09

 Timoshenko Flexibility Matrix (1-extension; 2,3-shear, 4-twist; 5,6-bending)
 ========================================================

     6.9003963684E-11   -2.6930191212E-18   -1.3082095811E-17    9.7756946992E-12   -2.0865492736E-18    5.3171549221E-17
    -2.6930191212E-18    1.3411026457E-09   -3.5675763394E-17   -2.4236026313E-15   -7.1232547730E-13    6.0678238828E-20
    -1.3082095811E-17   -3.5675763394E-17    1.1218514059E-08   -3.3931340957E-15    2.8192310946E-20   -2.9653458373E-11
     9.7756946992E-12   -2.4236026313E-15   -3.3931340957E-15    4.6868345978E-09    3.0140894118E-16   -7.7353339785E-15
    -2.0865492736E-18   -7.1232547730E-13    2.8192310946E-20    3.0140894118E-16    1.1589805606E-10   -5.5744808743E-22
     5.3171549221E-17    6.0678238828E-20   -2.9653458373E-11   -7.7353339785E-15   -5.5744808743E-22    3.3606471372E-10

 The Generalized Shear Center of the Cross Section in the User Coordinate System
 ========================================================

  Xs2 =    7.2397137661E-07
  Xs3 =   -5.1710863287E-07
