
 The 6X6 Mass Matrix
 ========================================================

     3.1511552000E+02    0.0000000000E+00    0.0000000000E+00    0.0000000000E+00    1.8873791419E-15   -4.4195203053E-13
     0.0000000000E+00    3.1511552000E+02    0.0000000000E+00   -1.8873791419E-15    0.0000000000E+00    0.0000000000E+00
     0.0000000000E+00    0.0000000000E+00    3.1511552000E+02    4.4195203053E-13    0.0000000000E+00    0.0000000000E+00
     0.0000000000E+00   -1.8873791419E-15    4.4195203053E-13    1.2303981156E+02    0.0000000000E+00    0.0000000000E+00
     1.8873791419E-15    0.0000000000E+00    0.0000000000E+00    0.0000000000E+00    4.4316913410E+01    4.7184478547E-16
    -4.4195203053E-13    0.0000000000E+00    0.0000000000E+00    0.0000000000E+00    4.7184478547E-16    7.8722898152E+01

 The Mass Center of the Cross Section
 ========================================================

  Xm2 =    1.4025079772E-15
  Xm3 =    5.9894832913E-18

 The 6X6 Mass Matrix at the Mass Center
 ========================================================

   3.151155200000E+02  0.000000000000E+00  0.000000000000E+00  0.000000000000E+00  0.000000000000E+00  0.000000000000E+00
   0.000000000000E+00  3.151155200000E+02  0.000000000000E+00  0.000000000000E+00  0.000000000000E+00  0.000000000000E+00
   0.000000000000E+00  0.000000000000E+00  3.151155200000E+02  0.000000000000E+00  0.000000000000E+00  0.000000000000E+00
   0.000000000000E+00  0.000000000000E+00  0.000000000000E+00  1.230398115618E+02  0.000000000000E+00  0.000000000000E+00
   0.000000000000E+00  0.000000000000E+00  0.000000000000E+00  0.000000000000E+00  4.431691340971E+01  4.718447854657E-16
   0.000000000000E+00  0.000000000000E+00  0.000000000000E+00  0.000000000000E+00  4.718447854657E-16  7.872289815211E+01

 The Mass Properties with respect to Principal Inertial Axes
 ========================================================

 Mass Per Unit Span                     =    3.1511552000E+02
 Mass Moments of Intertia about x1 axis =    1.2303981156E+02
 Mass Moments of Intertia about x2 axis =    4.4316913410E+01
 Mass Moments of Intertia about x3 axis =    7.8722898152E+01
 The user coordinate axes are the principal inertial axes.
 The mass-weighted radius of gyration   =    6.2486749248E-01

 The Geometric Center of the Cross Section
 ========================================================

  Xg2 =    5.3801964345E-15
  Xg3 =   -7.3557559466E-17

 Classical Stiffness Matrix (1-extension; 2-twist; 3,4-bending)
 ========================================================

     6.1817083486E+09    2.8853222683E+03   -2.3578788416E-01    3.5540934928E-01
     2.8853222683E+03    8.2104065135E+07   -1.0658837737E-04    4.9198559331E-04
    -2.3578788416E-01   -1.0658837737E-04    9.2567563330E+08    2.4929054066E-02
     3.5540934928E-01    4.9198559331E-04    2.4929054066E-02    1.2865768513E+09

 Classical Flexibility Matrix (1-extension; 2-twist; 3,4-bending)
 ========================================================

     1.6176758003E-10   -5.6848780896E-15    4.1205400082E-20   -4.4687348059E-20
    -5.6848780896E-15    1.2179664897E-08    1.4009986289E-21   -4.6559202397E-21
     4.1205400082E-20    1.4009986289E-21    1.0802920203E-09   -2.0932024518E-20
    -4.4687348059E-20   -4.6559202397E-21   -2.0932024518E-20    7.7725632869E-10

 The Neutral Axes (or Tension Center) of the Cross Section
 ========================================================

  Xt2 =   -5.7493707557E-11
  Xt3 =   -3.8142834815E-11

 Timoshenko Stiffness Matrix (1-extension; 2,3-shear, 4-twist; 5,6-bending)
 ========================================================

     6.1817083486E+09    1.1914175860E-04   -2.2155116751E-04    2.8853222683E+03   -2.3578788420E-01    3.5540935824E-01
     1.1914175860E-04    3.2371883645E+08   -1.1607187751E-03    4.0814805208E-04   -1.0499003164E+02    6.0380562680E-04
    -2.2155116751E-04   -1.1607187751E-03    4.2576667261E+07    5.2276597313E-02   -1.7646051015E-05   -1.7224715057E+03
     2.8853222683E+03    4.0814805208E-04    5.2276597313E-02    8.2104065135E+07   -1.0658850977E-04    4.8987070374E-04
    -2.3578788420E-01   -1.0499003164E+02   -1.7646051015E-05   -1.0658850977E-04    9.2567563330E+08    2.4929054584E-02
     3.5540935824E-01    6.0380562680E-04   -1.7224715057E+03    4.8987070374E-04    2.4929054584E-02    1.2865768513E+09

 Timoshenko Flexibility Matrix (1-extension; 2,3-shear, 4-twist; 5,6-bending)
 ========================================================

     1.6176758003E-10   -5.9516547524E-23    8.4694298404E-22   -5.6848780896E-15    4.1205400082E-20   -4.4687348059E-20
    -5.9516547524E-23    3.0891004396E-09    8.4214538595E-20   -1.5356244789E-20    3.5036544254E-16   -1.4496451591E-21
     8.4694298404E-22    8.4214538595E-20    2.3487042655E-08   -1.4954468902E-17    4.4689359501E-22    3.1444496831E-14
    -5.6848780896E-15   -1.5356244789E-20   -1.4954468902E-17    1.2179664897E-08    1.4009986289E-21   -4.6559202397E-21
     4.1205400082E-20    3.5036544254E-16    4.4689359501E-22    1.4009986289E-21    1.0802920203E-09   -2.0932024518E-20
    -4.4687348059E-20   -1.4496451591E-21    3.1444496831E-14   -4.6559202397E-21   -2.0932024518E-20    7.7725632869E-10

 The Generalized Shear Center of the Cross Section in the User Coordinate System
 ========================================================

  Xs2 =    1.2278226887E-09
  Xs3 =   -1.2608101224E-12
