
 The 6X6 Mass Matrix
 ========================================================

     9.4818904000E+02    0.0000000000E+00    0.0000000000E+00    0.0000000000E+00   -4.2610359685E-13   -3.6452507679E-12
     0.0000000000E+00    9.4818904000E+02    0.0000000000E+00    4.2610359685E-13    0.0000000000E+00    0.0000000000E+00
     0.0000000000E+00    0.0000000000E+00    9.4818904000E+02    3.6452507679E-12    0.0000000000E+00    0.0000000000E+00
     0.0000000000E+00    4.2610359685E-13    3.6452507679E-12    2.0907376039E+03    0.0000000000E+00    0.0000000000E+00
    -4.2610359685E-13    0.0000000000E+00    0.0000000000E+00    0.0000000000E+00    1.8400386226E+03   -3.5527136788E-15
    -3.6452507679E-12    0.0000000000E+00    0.0000000000E+00    0.0000000000E+00   -3.5527136788E-15    2.5069898124E+02

 The Mass Center of the Cross Section
 ========================================================

  Xm2 =    3.8444346160E-15
  Xm3 =   -4.4938675610E-16

 The 6X6 Mass Matrix at the Mass Center
 ========================================================

   9.481890400000E+02  0.000000000000E+00  0.000000000000E+00  0.000000000000E+00  0.000000000000E+00  0.000000000000E+00
   0.000000000000E+00  9.481890400000E+02  0.000000000000E+00  0.000000000000E+00  0.000000000000E+00  0.000000000000E+00
   0.000000000000E+00  0.000000000000E+00  9.481890400000E+02  0.000000000000E+00  0.000000000000E+00  0.000000000000E+00
   0.000000000000E+00  0.000000000000E+00  0.000000000000E+00  2.090737603862E+03  0.000000000000E+00  0.000000000000E+00
   0.000000000000E+00  0.000000000000E+00  0.000000000000E+00  0.000000000000E+00  1.840038622622E+03 -3.552713678802E-15
   0.000000000000E+00  0.000000000000E+00  0.000000000000E+00  0.000000000000E+00 -3.552713678802E-15  2.506989812402E+02

 The Mass Properties with respect to Principal Inertial Axes
 ========================================================

 Mass Per Unit Span                     =    9.4818904000E+02
 Mass Moments of Intertia about x1 axis =    2.0907376039E+03
 Mass Moments of Intertia about x2 axis =    1.8400386226E+03
 Mass Moments of Intertia about x3 axis =    2.5069898124E+02
 The user coordinate axes are the principal inertial axes.
 The mass-weighted radius of gyration   =    1.4849174118E+00

 The Geometric Center of the Cross Section
 ========================================================

  Xg2 =    3.2756293135E-14
  Xg3 =   -3.6520669192E-16

 Classical Stiffness Matrix (1-extension; 2-twist; 3,4-bending)
 ========================================================

     1.8123900745E+10    1.7746998029E+04   -2.1726187159E+01    3.3647522200E+00
     1.7746998029E+04    5.0029741592E+08    2.0116609457E+00    3.2927225360E-02
    -2.1726187159E+01    2.0116609457E+00    3.8057290086E+10   -1.0979948852E-01
     3.3647522200E+00    3.2927225360E-02   -1.0979948852E-01    3.8718758184E+09

 Classical Flexibility Matrix (1-extension; 2-twist; 3,4-bending)
 ========================================================

     5.5175760125E-11   -1.9572439813E-15    3.1498901412E-20   -4.7949031846E-20
    -1.9572439813E-15    1.9988110436E-09   -1.0565577919E-19   -1.6996597810E-20
     3.1498901412E-20   -1.0565577919E-19    2.6276174624E-11    7.4514539377E-22
    -4.7949031846E-20   -1.6996597810E-20    7.4514539377E-22    2.5827274605E-10

 The Neutral Axes (or Tension Center) of the Cross Section
 ========================================================

  Xt2 =   -1.8565269693E-10
  Xt3 =   -1.1987628284E-09

 Timoshenko Stiffness Matrix (1-extension; 2,3-shear, 4-twist; 5,6-bending)
 ========================================================

     1.8123900745E+10   -1.4962624076E+00   -7.3428452110E-03    1.7746998029E+04   -2.1726176028E+01    3.3647525474E+00
    -1.4962624076E+00    8.3842533792E+08   -5.5131625559E-01   -2.4060281768E-03   -6.2370043257E+03   -2.6646830275E-03
    -7.3428452110E-03   -5.5131625559E-01    2.0409518084E+08    1.7909784656E-01   -3.0382321731E-03   -9.0985251114E+03
     1.7746998029E+04   -2.4060281768E-03    1.7909784656E-01    5.0029741592E+08    2.0116609635E+00    3.2919241211E-02
    -2.1726176028E+01   -6.2370043257E+03   -3.0382321731E-03    2.0116609635E+00    3.8057290086E+10   -1.0979933307E-01
     3.3647525474E+00   -2.6646830275E-03   -9.0985251114E+03    3.2919241211E-02   -1.0979933307E-01    3.8718758188E+09

 Timoshenko Flexibility Matrix (1-extension; 2,3-shear, 4-twist; 5,6-bending)
 ========================================================

     5.5175760125E-11    9.8467452860E-20    1.9846690717E-21   -1.9572439813E-15    3.1498901412E-20   -4.7949031846E-20
     9.8467452860E-20    1.1927120458E-09    3.2218376959E-18    5.7317055922E-21    1.9546715417E-16    8.2841878122E-22
     1.9846690717E-21    3.2218376959E-18    4.8996747302E-09   -1.7539998796E-18    3.9171763830E-22    1.1513750868E-14
    -1.9572439813E-15    5.7317055922E-21   -1.7539998796E-18    1.9988110436E-09   -1.0565577919E-19   -1.6996597810E-20
     3.1498901412E-20    1.9546715417E-16    3.9171763830E-22   -1.0565577919E-19    2.6276174624E-11    7.4514539377E-22
    -4.7949031846E-20    8.2841878122E-22    1.1513750868E-14   -1.6996597810E-20    7.4514539377E-22    2.5827274605E-10

 The Generalized Shear Center of the Cross Section in the User Coordinate System
 ========================================================

  Xs2 =    8.7752160723E-10
  Xs3 =    2.8675574965E-12
