
 The 6X6 Mass Matrix
 ========================================================

     9.2721856000E+02    0.0000000000E+00    0.0000000000E+00    0.0000000000E+00   -4.2232883857E-13   -2.8255175977E-13
     0.0000000000E+00    9.2721856000E+02    0.0000000000E+00    4.2232883857E-13    0.0000000000E+00    0.0000000000E+00
     0.0000000000E+00    0.0000000000E+00    9.2721856000E+02    2.8255175977E-13    0.0000000000E+00    0.0000000000E+00
     0.0000000000E+00    4.2232883857E-13    2.8255175977E-13    1.6092903095E+03    0.0000000000E+00    0.0000000000E+00
    -4.2232883857E-13    0.0000000000E+00    0.0000000000E+00    0.0000000000E+00    1.3717997645E+03    2.3869795029E-15
    -2.8255175977E-13    0.0000000000E+00    0.0000000000E+00    0.0000000000E+00    2.3869795029E-15    2.3749054497E+02

 The Mass Center of the Cross Section
 ========================================================

  Xm2 =    3.0473048314E-16
  Xm3 =   -4.5547927618E-16

 The Mass Properties with respect to Principal Inertial Axes
 ========================================================

 Mass Per Unit Span                     =    9.2721856000E+02
 Mass Moments of Intertia about x1 axis =    1.6092903095E+03
 Mass Moments of Intertia about x2 axis =    1.3717997645E+03
 Mass Moments of Intertia about x3 axis =    2.3749054497E+02
 The user coordinate axes are the principal inertial axes.
 The mass-weighted radius of gyration   =    1.3174257262E+00

 The Geometric Center of the Cross Section
 ========================================================

  Xg2 =    2.0811245975E-14
  Xg3 =   -3.0509479382E-16

 Classical Stiffness Matrix (1-extension; 2-twist; 3,4-bending)
 ========================================================

     1.7987938008E+10    1.5117337130E+04    4.9746366046E+00   -1.5250721371E+00
     1.5117337130E+04    4.3166511293E+08    2.4214167666E-03    1.3087336113E-03
     4.9746366046E+00    2.4214167666E-03    2.8534482871E+10   -3.9978972583E+00
    -1.5250721371E+00    1.3087336113E-03   -3.9978972583E+00    3.7861611935E+09

 Classical Flexibility Matrix (1-extension; 2-twist; 3,4-bending)
 ========================================================

     5.5592808892E-11   -1.9469148857E-15   -9.6919232254E-21    2.2392878179E-20
    -1.9469148857E-15    2.3166106551E-09   -1.9624658054E-22   -8.0154944804E-22
    -9.6919232254E-21   -1.9624658054E-22    3.5045317082E-11    3.7005180156E-20
     2.2392878179E-20   -8.0154944804E-22    3.7005180156E-20    2.6411976376E-10

 The Neutral Axes (or Tension Center) of the Cross Section
 ========================================================

  Xt2 =    8.4783046413E-11
  Xt3 =    2.7655401735E-10

 Timoshenko Stiffness Matrix (1-extension; 2,3-shear, 4-twist; 5,6-bending)
 ========================================================

     1.7987938008E+10   -8.9182448219E-04   -8.6961014658E-03    1.5117337130E+04    4.9746366085E+00   -1.5250717546E+00
    -8.9182448219E-04    8.6812017162E+08    1.8195528057E-01    5.6488564124E-01   -3.8037981221E+03    6.4743601871E-03
    -8.6961014658E-03    1.8195528057E-01    1.7686553962E+08    8.4260624713E-02   -5.4500555788E-02   -7.7785205030E+03
     1.5117337130E+04    5.6488564124E-01    8.4260624713E-02    4.3166511293E+08    2.4189416099E-03    1.3050278456E-03
     4.9746366085E+00   -3.8037981221E+03   -5.4500555788E-02    2.4189416099E-03    2.8534482871E+10   -3.9978948898E+00
    -1.5250717546E+00    6.4743601871E-03   -7.7785205030E+03    1.3050278456E-03   -3.9978948898E+00    3.7861611939E+09

 Timoshenko Flexibility Matrix (1-extension; 2,3-shear, 4-twist; 5,6-bending)
 ========================================================

     5.5592808892E-11    5.8335178886E-23    2.7352922403E-21   -1.9469148857E-15   -9.6919232254E-21    2.2392878179E-20
     5.8335178886E-23    1.1519142542E-09   -1.1850634590E-18   -1.5074181438E-18    1.5355628825E-16   -1.9720533649E-21
     2.7352922403E-21   -1.1850634590E-18    5.6540126599E-09   -1.1036580915E-18    1.0800572955E-20    1.1615948489E-14
    -1.9469148857E-15   -1.5074181438E-18   -1.1036580915E-18    2.3166106551E-09   -1.9624658054E-22   -8.0154944804E-22
    -9.6919232254E-21    1.5355628825E-16    1.0800572955E-20   -1.9624658054E-22    3.5045317082E-11    3.7005180156E-20
     2.2392878179E-20   -1.9720533649E-21    1.1615948489E-14   -8.0154944804E-22    3.7005180156E-20    2.6411976376E-10

 The Generalized Shear Center of the Cross Section in the User Coordinate System
 ========================================================

  Xs2 =    4.7641069468E-10
  Xs3 =   -6.5069982325E-10
