
 The 6X6 Mass Matrix
 ========================================================

     6.4090776000E+02    0.0000000000E+00    0.0000000000E+00    0.0000000000E+00   -2.5213208257E-13   -6.1441032383E-13
     0.0000000000E+00    6.4090776000E+02    0.0000000000E+00    2.5213208257E-13    0.0000000000E+00    0.0000000000E+00
     0.0000000000E+00    0.0000000000E+00    6.4090776000E+02    6.1441032383E-13    0.0000000000E+00    0.0000000000E+00
     0.0000000000E+00    2.5213208257E-13    6.1441032383E-13    2.2372747505E+03    0.0000000000E+00    0.0000000000E+00
    -2.5213208257E-13    0.0000000000E+00    0.0000000000E+00    0.0000000000E+00    2.0191332145E+03    2.7884595674E-15
    -6.1441032383E-13    0.0000000000E+00    0.0000000000E+00    0.0000000000E+00    2.7884595674E-15    2.1814153602E+02

 The Mass Center of the Cross Section
 ========================================================

  Xm2 =    9.5865639672E-16
  Xm3 =   -3.9339839258E-16

 The Mass Properties with respect to Principal Inertial Axes
 ========================================================

 Mass Per Unit Span                     =    6.4090776000E+02
 Mass Moments of Intertia about x1 axis =    2.2372747505E+03
 Mass Moments of Intertia about x2 axis =    2.0191332145E+03
 Mass Moments of Intertia about x3 axis =    2.1814153602E+02
 The user coordinate axes are the principal inertial axes.
 The mass-weighted radius of gyration   =    1.8683657425E+00

 The Geometric Center of the Cross Section
 ========================================================

  Xg2 =   -2.5517714915E-14
  Xg3 =    1.2496199076E-16

 Classical Stiffness Matrix (1-extension; 2-twist; 3,4-bending)
 ========================================================

     1.0311522943E+10    3.0596050348E+05   -8.5999668272E+00   -8.1895395321E-01
     3.0596050348E+05    6.6861366721E+08   -2.2271070467E+00   -4.9533163537E-02
    -8.5999668272E+00   -2.2271070467E+00    3.8027234590E+10   -9.2155298022E-01
    -8.1895395321E-01   -4.9533163537E-02   -9.2155298022E-01    2.5771536334E+09

 Classical Flexibility Matrix (1-extension; 2-twist; 3,4-bending)
 ========================================================

     9.6978886540E-11   -4.4377957567E-14    2.1929450872E-20    3.0816573494E-20
    -4.4377957567E-14    1.4956320258E-09    8.7583307358E-20    2.8732102480E-20
     2.1929450872E-20    8.7583307358E-20    2.6296942462E-11    9.4034074663E-21
     3.0816573494E-20    2.8732102480E-20    9.4034074663E-21    3.8802498502E-10

 The Neutral Axes (or Tension Center) of the Cross Section
 ========================================================

  Xt2 =    7.9419044329E-11
  Xt3 =   -8.3391637272E-10

 Timoshenko Stiffness Matrix (1-extension; 2,3-shear, 4-twist; 5,6-bending)
 ========================================================

     1.0311522943E+10    1.2167651762E+00   -3.7916384856E-01    3.0596050348E+05   -8.6031226261E+00   -8.1888191289E-01
     1.2167651762E+00    4.0263003416E+08   -3.7046806895E-01   -2.7287573493E+00   -1.0442604384E+06    6.2190872018E-02
    -3.7916384856E-01   -3.7046806895E-01    2.7439555096E+08   -8.4750409411E-01   -5.6397612257E-01   -5.2134431153E+04
     3.0596050348E+05   -2.7287573493E+00   -8.4750409411E-01    6.6861366721E+08   -2.2200297455E+00   -4.9372140415E-02
    -8.6031226261E+00   -1.0442604384E+06   -5.6397612257E-01   -2.2200297455E+00    3.8027237299E+10   -9.2160694180E-01
    -8.1888191289E-01    6.2190872018E-02   -5.2134431153E+04   -4.9372140415E-02   -9.2160694180E-01    2.5771536433E+09

 Timoshenko Flexibility Matrix (1-extension; 2,3-shear, 4-twist; 5,6-bending)
 ========================================================

     9.6978886540E-11   -2.9331822896E-19    1.3387565406E-19   -4.4377957567E-14    2.1929450872E-20    3.0816573494E-20
    -2.9331822896E-19    2.4836698368E-09    3.3533915510E-18    1.0136755818E-17    6.8203696529E-14   -5.9842729568E-20
     1.3387565406E-19    3.3533915510E-18    3.6443739716E-09    4.6193859045E-18    5.4143025310E-20    7.3723724004E-14
    -4.4377957567E-14    1.0136755818E-17    4.6193859045E-18    1.4956320258E-09    8.7583307358E-20    2.8732102480E-20
     2.1929450872E-20    6.8203696529E-14    5.4143025310E-20    8.7583307358E-20    2.6296942462E-11    9.4034074663E-21
     3.0816573494E-20   -5.9842729568E-20    7.3723724004E-14    2.8732102480E-20    9.4034074663E-21    3.8802498502E-10

 The Generalized Shear Center of the Cross Section in the User Coordinate System
 ========================================================

  Xs2 =   -3.0885845080E-09
  Xs3 =    6.7775733893E-09
