
 The 6X6 Mass Matrix
 ========================================================

     7.9626872000E+02    0.0000000000E+00    0.0000000000E+00    0.0000000000E+00    4.9060755458E-13   -1.5473733406E-12
     0.0000000000E+00    7.9626872000E+02    0.0000000000E+00   -4.9060755458E-13    0.0000000000E+00    0.0000000000E+00
     0.0000000000E+00    0.0000000000E+00    7.9626872000E+02    1.5473733406E-12    0.0000000000E+00    0.0000000000E+00
     0.0000000000E+00   -4.9060755458E-13    1.5473733406E-12    8.9593136209E+02    0.0000000000E+00    0.0000000000E+00
     4.9060755458E-13    0.0000000000E+00    0.0000000000E+00    0.0000000000E+00    6.9760494446E+02   -2.3314683517E-15
    -1.5473733406E-12    0.0000000000E+00    0.0000000000E+00    0.0000000000E+00   -2.3314683517E-15    1.9832641762E+02

 The Mass Center of the Cross Section
 ========================================================

  Xm2 =    1.9432803295E-15
  Xm3 =    6.1613314985E-16

 The 6X6 Mass Matrix at the Mass Center
 ========================================================

   7.962687200000E+02  0.000000000000E+00  0.000000000000E+00  0.000000000000E+00  0.000000000000E+00  0.000000000000E+00
   0.000000000000E+00  7.962687200000E+02  0.000000000000E+00  0.000000000000E+00  0.000000000000E+00  0.000000000000E+00
   0.000000000000E+00  0.000000000000E+00  7.962687200000E+02  0.000000000000E+00  0.000000000000E+00  0.000000000000E+00
   0.000000000000E+00  0.000000000000E+00  0.000000000000E+00  8.959313620859E+02  0.000000000000E+00  0.000000000000E+00
   0.000000000000E+00  0.000000000000E+00  0.000000000000E+00  0.000000000000E+00  6.976049444634E+02 -2.331468351712E-15
   0.000000000000E+00  0.000000000000E+00  0.000000000000E+00  0.000000000000E+00 -2.331468351712E-15  1.983264176225E+02

 The Mass Properties with respect to Principal Inertial Axes
 ========================================================

 Mass Per Unit Span                     =    7.9626872000E+02
 Mass Moments of Intertia about x1 axis =    8.9593136209E+02
 Mass Moments of Intertia about x2 axis =    6.9760494446E+02
 Mass Moments of Intertia about x3 axis =    1.9832641762E+02
 The user coordinate axes are the principal inertial axes.
 The mass-weighted radius of gyration   =    1.0607365700E+00

 The Geometric Center of the Cross Section
 ========================================================

  Xg2 =   -1.0369264621E-15
  Xg3 =   -1.0952165751E-16

 Classical Stiffness Matrix (1-extension; 2-twist; 3,4-bending)
 ========================================================

     1.5641826794E+10    1.0659575098E+04    6.4102027312E+00   -1.9565179714E+00
     1.0659575098E+04    3.1885742881E+08   -2.2491841215E+00    2.8844730508E-03
     6.4102027312E+00   -2.2491841215E+00    1.4578984312E+10    4.1530260218E+00
    -1.9565179714E+00    2.8844730508E-03    4.1530260218E+00    3.2513518460E+09

 Classical Flexibility Matrix (1-extension; 2-twist; 3,4-bending)
 ========================================================

     6.3931151596E-11   -2.1372527342E-15   -2.8110082363E-20    3.8470906636E-20
    -2.1372527342E-15    3.1361979043E-09    4.8384030584E-19   -2.7835996682E-21
    -2.8110082363E-20    4.8384030584E-19    6.8591883945E-11   -8.7613981033E-20
     3.8470906636E-20   -2.7835996682E-21   -8.7613981033E-20    3.0756437549E-10

 The Neutral Axes (or Tension Center) of the Cross Section
 ========================================================

  Xt2 =    1.2508245319E-10
  Xt3 =    4.0981644964E-10

 Timoshenko Stiffness Matrix (1-extension; 2,3-shear, 4-twist; 5,6-bending)
 ========================================================

     1.5641826794E+10    1.2286753505E+00   -1.8730573777E-03    1.0659575098E+04    6.4101999431E+00   -1.9565178933E+00
     1.2286753505E+00    7.8713098320E+08   -3.1415881479E-01   -5.4223803748E-01   -1.7861453055E+03    1.5436698981E-03
    -1.8730573777E-03   -3.1415881479E-01    1.3336914112E+08    4.5555176379E-02    2.1045881422E-03   -5.5602455140E+03
     1.0659575098E+04   -5.4223803748E-01    4.5555176379E-02    3.1885742881E+08   -2.2491828911E+00    2.8825738250E-03
     6.4101999431E+00   -1.7861453055E+03    2.1045881422E-03   -2.2491828911E+00    1.4578984312E+10    4.1530259306E+00
    -1.9565178933E+00    1.5436698981E-03   -5.5602455140E+03    2.8825738250E-03    4.1530259306E+00    3.2513518462E+09

 Timoshenko Flexibility Matrix (1-extension; 2,3-shear, 4-twist; 5,6-bending)
 ========================================================

     6.3931151596E-11   -9.9795130517E-20    9.0019290424E-22   -2.1372527342E-15   -2.8110082363E-20    3.8470906636E-20
    -9.9795130517E-20    1.2704365872E-09    2.9925876811E-18    2.1604654409E-18    1.5564762933E-16   -5.9825632444E-22
     9.0019290424E-22    2.9925876811E-18    7.4979863533E-09   -1.0712378163E-18   -1.0856780186E-21    1.2822557187E-14
    -2.1372527342E-15    2.1604654409E-18   -1.0712378163E-18    3.1361979043E-09    4.8384030584E-19   -2.7835996682E-21
    -2.8110082363E-20    1.5564762933E-16   -1.0856780186E-21    4.8384030584E-19    6.8591883945E-11   -8.7613981033E-20
     3.8470906636E-20   -5.9825632444E-22    1.2822557187E-14   -2.7835996682E-21   -8.7613981033E-20    3.0756437549E-10

 The Generalized Shear Center of the Cross Section in the User Coordinate System
 ========================================================

  Xs2 =    3.4157213574E-10
  Xs3 =    6.8888045550E-10
