
 The 6X6 Mass Matrix
 ========================================================

     8.7057328000E+02    0.0000000000E+00    0.0000000000E+00    0.0000000000E+00   -3.8613556796E-13   -2.8037017152E-12
     0.0000000000E+00    8.7057328000E+02    0.0000000000E+00    3.8613556796E-13    0.0000000000E+00    0.0000000000E+00
     0.0000000000E+00    0.0000000000E+00    8.7057328000E+02    2.8037017152E-12    0.0000000000E+00    0.0000000000E+00
     0.0000000000E+00    3.8613556796E-13    2.8037017152E-12    1.3278221040E+03    0.0000000000E+00    0.0000000000E+00
    -3.8613556796E-13    0.0000000000E+00    0.0000000000E+00    0.0000000000E+00    1.1056261910E+03   -2.5535129566E-15
    -2.8037017152E-12    0.0000000000E+00    0.0000000000E+00    0.0000000000E+00   -2.5535129566E-15    2.2219591296E+02

 The Mass Center of the Cross Section
 ========================================================

  Xm2 =    3.2205235098E-15
  Xm3 =   -4.4354171767E-16

 The 6X6 Mass Matrix at the Mass Center
 ========================================================

   8.705732799999E+02  0.000000000000E+00  0.000000000000E+00  0.000000000000E+00  0.000000000000E+00  0.000000000000E+00
   0.000000000000E+00  8.705732799999E+02  0.000000000000E+00  0.000000000000E+00  0.000000000000E+00  0.000000000000E+00
   0.000000000000E+00  0.000000000000E+00  8.705732799999E+02  0.000000000000E+00  0.000000000000E+00  0.000000000000E+00
   0.000000000000E+00  0.000000000000E+00  0.000000000000E+00  1.327822103953E+03  0.000000000000E+00  0.000000000000E+00
   0.000000000000E+00  0.000000000000E+00  0.000000000000E+00  0.000000000000E+00  1.105626190991E+03 -2.553512956639E-15
   0.000000000000E+00  0.000000000000E+00  0.000000000000E+00  0.000000000000E+00 -2.553512956639E-15  2.221959129615E+02

 The Mass Properties with respect to Principal Inertial Axes
 ========================================================

 Mass Per Unit Span                     =    8.7057328000E+02
 Mass Moments of Intertia about x1 axis =    1.3278221040E+03
 Mass Moments of Intertia about x2 axis =    1.1056261910E+03
 Mass Moments of Intertia about x3 axis =    2.2219591296E+02
 The user coordinate axes are the principal inertial axes.
 The mass-weighted radius of gyration   =    1.2350009175E+00

 The Geometric Center of the Cross Section
 ========================================================

  Xg2 =    2.3657026341E-14
  Xg3 =   -9.2009596205E-17

 Classical Stiffness Matrix (1-extension; 2-twist; 3,4-bending)
 ========================================================

     1.6916160651E+10    1.4036221183E+04    3.7715602515E-01    4.5263149812E-01
     1.4036221183E+04    3.9480788931E+08   -1.3771409753E-03    7.3320665595E-04
     3.7715602515E-01   -1.3771409753E-03    2.3011831722E+10    4.3166592204E-02
     4.5263149812E-01    7.3320665595E-04    4.3166592204E-02    3.5548333137E+09

 Classical Flexibility Matrix (1-extension; 2-twist; 3,4-bending)
 ========================================================

     5.9115068761E-11   -2.1016605870E-15   -9.6887581676E-22   -7.5270310117E-21
    -2.1016605870E-15    2.5328774503E-09    1.5161426602E-22   -5.2215425132E-22
    -9.6887581676E-22    1.5161426602E-22    4.3455906166E-11   -5.2768814016E-22
    -7.5270310117E-21   -5.2215425132E-22   -5.2768814016E-22    2.8130714207E-10

 The Neutral Axes (or Tension Center) of the Cross Section
 ========================================================

  Xt2 =   -2.6757340594E-11
  Xt3 =    2.2295607255E-11

 Timoshenko Stiffness Matrix (1-extension; 2,3-shear, 4-twist; 5,6-bending)
 ========================================================

     1.6916160651E+10    3.4474859181E-03    1.2839385372E-03    1.4036221183E+04    3.7715601223E-01    4.5263144096E-01
     3.4474859181E-03    8.2713358602E+08   -1.5332892694E-02   -9.8275578022E-02   -3.0993258652E+03    3.1712917759E-03
     1.2839385372E-03   -1.5332892694E-02    1.6286972665E+08    7.2221309682E-03   -4.3743298413E-03   -7.2510086616E+03
     1.4036221183E+04   -9.8275578022E-02    7.2221309682E-03    3.9480788931E+08   -1.3767727302E-03    7.3288512416E-04
     3.7715601223E-01   -3.0993258652E+03   -4.3743298413E-03   -1.3767727302E-03    2.3011831722E+10    4.3166775070E-02
     4.5263144096E-01    3.1712917759E-03   -7.2510086616E+03    7.3288512416E-04    4.3166775070E-02    3.5548333140E+09

 Timoshenko Flexibility Matrix (1-extension; 2,3-shear, 4-twist; 5,6-bending)
 ========================================================

     5.9115068761E-11   -2.4664445418E-22   -4.6625924030E-22   -2.1016605870E-15   -9.6887581676E-22   -7.5270310117E-21
    -2.4664445418E-22    1.2089945529E-09    1.1381720237E-19    3.0094292797E-19    1.6283223926E-16   -1.0783223526E-21
    -4.6625924030E-22    1.1381720237E-19    6.1398764562E-09   -1.1231537089E-19    1.1671238200E-21    1.2523877615E-14
    -2.1016605870E-15    3.0094292797E-19   -1.1231537089E-19    2.5328774503E-09    1.5161426602E-22   -5.2215425132E-22
    -9.6887581676E-22    1.6283223926E-16    1.1671238200E-21    1.5161426602E-22    4.3455906166E-11   -5.2768814016E-22
    -7.5270310117E-21   -1.0783223526E-21    1.2523877615E-14   -5.2215425132E-22   -5.2768814016E-22    2.8130714207E-10

 The Generalized Shear Center of the Cross Section in the User Coordinate System
 ========================================================

  Xs2 =    4.4342994517E-11
  Xs3 =    1.1881464219E-10
