
 The 6X6 Mass Matrix
 ========================================================

     8.6072760000E+02    0.0000000000E+00    0.0000000000E+00    0.0000000000E+00   -6.4170890823E-14    1.5826229216E-12
     0.0000000000E+00    8.6072760000E+02    0.0000000000E+00    6.4170890823E-14    0.0000000000E+00    0.0000000000E+00
     0.0000000000E+00    0.0000000000E+00    8.6072760000E+02   -1.5826229216E-12    0.0000000000E+00    0.0000000000E+00
     0.0000000000E+00    6.4170890823E-14   -1.5826229216E-12    2.1150024882E+03    0.0000000000E+00    0.0000000000E+00
    -6.4170890823E-14    0.0000000000E+00    0.0000000000E+00    0.0000000000E+00    1.8760760934E+03    8.7707618945E-15
     1.5826229216E-12    0.0000000000E+00    0.0000000000E+00    0.0000000000E+00    8.7707618945E-15    2.3892639475E+02

 The Mass Center of the Cross Section
 ========================================================

  Xm2 =   -1.8387035824E-15
  Xm3 =   -7.4554238557E-17

 The 6X6 Mass Matrix at the Mass Center
 ========================================================

   8.607276000000E+02  0.000000000000E+00  0.000000000000E+00  0.000000000000E+00  0.000000000000E+00  0.000000000000E+00
   0.000000000000E+00  8.607276000000E+02  0.000000000000E+00  0.000000000000E+00  0.000000000000E+00  0.000000000000E+00
   0.000000000000E+00  0.000000000000E+00  8.607276000000E+02  0.000000000000E+00  0.000000000000E+00  0.000000000000E+00
   0.000000000000E+00  0.000000000000E+00  0.000000000000E+00  2.115002488170E+03  0.000000000000E+00  0.000000000000E+00
   0.000000000000E+00  0.000000000000E+00  0.000000000000E+00  0.000000000000E+00  1.876076093423E+03  8.770761894539E-15
   0.000000000000E+00  0.000000000000E+00  0.000000000000E+00  0.000000000000E+00  8.770761894539E-15  2.389263947472E+02

 The Mass Properties with respect to Principal Inertial Axes
 ========================================================

 Mass Per Unit Span                     =    8.6072760000E+02
 Mass Moments of Intertia about x1 axis =    2.1150024882E+03
 Mass Moments of Intertia about x2 axis =    1.8760760934E+03
 Mass Moments of Intertia about x3 axis =    2.3892639475E+02
 The user coordinate axes are the principal inertial axes.
 The mass-weighted radius of gyration   =    1.5675542386E+00

 The Geometric Center of the Cross Section
 ========================================================

  Xg2 =    5.5868125872E-15
  Xg3 =   -5.3415201064E-16

 Classical Stiffness Matrix (1-extension; 2-twist; 3,4-bending)
 ========================================================

     1.6059767463E+10    1.8781043872E+04    1.3528058744E+01    4.1725522471E+00
     1.8781043872E+04    5.2942040334E+08   -2.1670566036E-02   -6.8504386763E-04
     1.3528058744E+01   -2.1670566036E-02    3.8435629634E+10   -9.6280450714E+00
     4.1725522471E+00   -6.8504386763E-04   -9.6280450714E+00    3.5148318074E+09

 Classical Flexibility Matrix (1-extension; 2-twist; 3,4-bending)
 ========================================================

     6.2267402210E-11   -2.2089190468E-15   -2.1916048510E-20   -7.3919323874E-20
    -2.2089190468E-15    1.8888580677E-09    1.0657430688E-21    3.7076239999E-22
    -2.1916048510E-20    1.0657430688E-21    2.6017526174E-11    7.1268819808E-20
    -7.3919323874E-20    3.7076239999E-22    7.1268819808E-20    2.8450863506E-10

 The Neutral Axes (or Tension Center) of the Cross Section
 ========================================================

  Xt2 =   -2.5981399053E-10
  Xt3 =    8.4235712283E-10

 Timoshenko Stiffness Matrix (1-extension; 2,3-shear, 4-twist; 5,6-bending)
 ========================================================

     1.6059767463E+10    7.6344321404E-03    9.0907791993E-03    1.8781043872E+04    1.3528058673E+01    4.1725518428E+00
     7.6344321404E-03    7.1070385924E+08    3.3711786680E-01   -1.0258882087E+00   -6.6832504604E+03   -7.3121941478E-03
     9.0907791993E-03    3.3711786680E-01    2.1709392826E+08    1.3223348565E+00   -2.4572357157E-02   -9.6532021153E+03
     1.8781043872E+04   -1.0258882087E+00    1.3223348565E+00    5.2942040334E+08   -2.1660919034E-02   -7.4384221105E-04
     1.3528058673E+01   -6.6832504604E+03   -2.4572357157E-02   -2.1660919034E-02    3.8435629634E+10   -9.6280439102E+00
     4.1725518428E+00   -7.3121941478E-03   -9.6532021153E+03   -7.4384221105E-04   -9.6280439102E+00    3.5148318079E+09

 Timoshenko Flexibility Matrix (1-extension; 2,3-shear, 4-twist; 5,6-bending)
 ========================================================

     6.2267402210E-11   -6.7227555421E-22   -2.5972713155E-21   -2.2089190468E-15   -2.1916048510E-20   -7.3919323874E-20
    -6.7227555421E-22    1.4070558180E-09   -2.1849695614E-18    2.7265326087E-18    2.4466117852E-16    2.9218834755E-21
    -2.5972713155E-21   -2.1849695614E-18    4.6063010981E-09   -1.1505171329E-17    2.9476523921E-21    1.2650834502E-14
    -2.2089190468E-15    2.7265326087E-18   -1.1505171329E-17    1.8888580677E-09    1.0657430688E-21    3.7076239999E-22
    -2.1916048510E-20    2.4466117852E-16    2.9476523921E-21    1.0657430688E-21    2.6017526174E-11    7.1268819808E-20
    -7.3919323874E-20    2.9218834755E-21    1.2650834502E-14    3.7076239999E-22    7.1268819808E-20    2.8450863506E-10

 The Generalized Shear Center of the Cross Section in the User Coordinate System
 ========================================================

  Xs2 =    6.0910724453E-09
  Xs3 =    1.4434819934E-09
