
 The 6X6 Mass Matrix
 ========================================================

     2.3831456000E+02    0.0000000000E+00    0.0000000000E+00    0.0000000000E+00   -2.5257573810E-15   -4.0650816047E-13
     0.0000000000E+00    2.3831456000E+02    0.0000000000E+00    2.5257573810E-15    0.0000000000E+00    0.0000000000E+00
     0.0000000000E+00    0.0000000000E+00    2.3831456000E+02    4.0650816047E-13    0.0000000000E+00    0.0000000000E+00
     0.0000000000E+00    2.5257573810E-15    4.0650816047E-13    9.4162874620E+01    0.0000000000E+00    0.0000000000E+00
    -2.5257573810E-15    0.0000000000E+00    0.0000000000E+00    0.0000000000E+00    3.0689909561E+01    3.0531133177E-16
    -4.0650816047E-13    0.0000000000E+00    0.0000000000E+00    0.0000000000E+00    3.0531133177E-16    6.3472965059E+01

 The Mass Center of the Cross Section
 ========================================================

  Xm2 =    1.7057630070E-15
  Xm3 =   -1.0598418246E-17

 The 6X6 Mass Matrix at the Mass Center
 ========================================================

   2.383145600000E+02  0.000000000000E+00  0.000000000000E+00  0.000000000000E+00  0.000000000000E+00  0.000000000000E+00
   0.000000000000E+00  2.383145600000E+02  0.000000000000E+00  0.000000000000E+00  0.000000000000E+00  0.000000000000E+00
   0.000000000000E+00  0.000000000000E+00  2.383145600000E+02  0.000000000000E+00  0.000000000000E+00  0.000000000000E+00
   0.000000000000E+00  0.000000000000E+00  0.000000000000E+00  9.416287461973E+01  0.000000000000E+00  0.000000000000E+00
   0.000000000000E+00  0.000000000000E+00  0.000000000000E+00  0.000000000000E+00  3.068990956075E+01  3.053113317719E-16
   0.000000000000E+00  0.000000000000E+00  0.000000000000E+00  0.000000000000E+00  3.053113317719E-16  6.347296505899E+01

 The Mass Properties with respect to Principal Inertial Axes
 ========================================================

 Mass Per Unit Span                     =    2.3831456000E+02
 Mass Moments of Intertia about x1 axis =    9.4162874620E+01
 Mass Moments of Intertia about x2 axis =    3.0689909561E+01
 Mass Moments of Intertia about x3 axis =    6.3472965059E+01
 The user coordinate axes are the principal inertial axes.
 The mass-weighted radius of gyration   =    6.2858579981E-01

 The Geometric Center of the Cross Section
 ========================================================

  Xg2 =    2.0212615843E-15
  Xg3 =   -2.5583435522E-17

 Classical Stiffness Matrix (1-extension; 2-twist; 3,4-bending)
 ========================================================

     4.5389769263E+09    2.2502800101E+03    1.7728049449E-01    1.9782664130E-01
     2.2502800101E+03    6.8611203048E+07    4.5600040543E-04    2.8984137608E-04
     1.7728049449E-01    4.5600040543E-04    6.3385783860E+08    6.0944962419E-02
     1.9782664130E-01    2.8984137608E-04    6.0944962419E-02    9.7301946881E+08

 Classical Flexibility Matrix (1-extension; 2-twist; 3,4-bending)
 ========================================================

     2.2031396419E-10   -7.2257603357E-15   -6.1618493674E-20   -4.4792494771E-20
    -7.2257603357E-15    1.4574879256E-08   -1.0483217937E-20   -4.3400710331E-21
    -6.1618493674E-20   -1.0483217937E-20    1.5776408196E-09   -9.8815351111E-20
    -4.4792494771E-20   -4.3400710331E-21   -9.8815351111E-20    1.0277286653E-09

 The Neutral Axes (or Tension Center) of the Cross Section
 ========================================================

  Xt2 =   -4.3583969473E-11
  Xt3 =    3.9057365221E-11

 Timoshenko Stiffness Matrix (1-extension; 2,3-shear, 4-twist; 5,6-bending)
 ========================================================

     4.5389769263E+09    1.1618295104E-03    4.6688667159E-04    2.2502800101E+03    1.7728049396E-01    1.9782662424E-01
     1.1618295104E-03    2.3696694672E+08   -1.0222828861E-02    1.5910153509E-03   -1.0984431119E+02   -1.9582540308E-04
     4.6688667159E-04   -1.0222828861E-02    3.8208481816E+07   -2.8855834967E-04    3.8945031106E-04   -1.3960459822E+03
     2.2502800101E+03    1.5910153509E-03   -2.8855834967E-04    6.8611203048E+07    4.5599966792E-04    2.8985191931E-04
     1.7728049396E-01   -1.0984431119E+02    3.8945031106E-04    4.5599966792E-04    6.3385783860E+08    6.0944948280E-02
     1.9782662424E-01   -1.9582540308E-04   -1.3960459822E+03    2.8985191931E-04    6.0944948280E-02    9.7301946886E+08

 Timoshenko Flexibility Matrix (1-extension; 2,3-shear, 4-twist; 5,6-bending)
 ========================================================

     2.2031396419E-10   -1.0801613511E-21   -2.6938068716E-21   -7.2257603357E-15   -6.1618493674E-20   -4.4792494771E-20
    -1.0801613511E-21    4.2199978260E-09    1.1290769594E-18   -9.7856894006E-20    7.3130397100E-16    8.5087141224E-22
    -2.6938068716E-21    1.1290769594E-18    2.6172199274E-08    1.1007242943E-19   -1.6083946639E-20    3.7550732345E-14
    -7.2257603357E-15   -9.7856894006E-20    1.1007242943E-19    1.4574879256E-08   -1.0483217937E-20   -4.3400710331E-21
    -6.1618493674E-20    7.3130397100E-16   -1.6083946639E-20   -1.0483217937E-20    1.5776408196E-09   -9.8815351111E-20
    -4.4792494771E-20    8.5087141224E-22    3.7550732345E-14   -4.3400710331E-21   -9.8815351111E-20    1.0277286653E-09

 The Generalized Shear Center of the Cross Section in the User Coordinate System
 ========================================================

  Xs2 =   -7.5522018055E-12
  Xs3 =   -6.7140792242E-12
