
 The 6X6 Mass Matrix
 ========================================================

     6.2993624000E+02    0.0000000000E+00    0.0000000000E+00    0.0000000000E+00    1.2551244766E-13    5.0763490633E-12
     0.0000000000E+00    6.2993624000E+02    0.0000000000E+00   -1.2551244766E-13    0.0000000000E+00    0.0000000000E+00
     0.0000000000E+00    0.0000000000E+00    6.2993624000E+02   -5.0763490633E-12    0.0000000000E+00    0.0000000000E+00
     0.0000000000E+00   -1.2551244766E-13   -5.0763490633E-12    3.1003718694E+03    0.0000000000E+00    0.0000000000E+00
     1.2551244766E-13    0.0000000000E+00    0.0000000000E+00    0.0000000000E+00    2.8527744537E+03   -9.4143443041E-15
     5.0763490633E-12    0.0000000000E+00    0.0000000000E+00    0.0000000000E+00   -9.4143443041E-15    2.4759741573E+02

 The Mass Center of the Cross Section
 ========================================================

  Xm2 =   -8.0585124985E-15
  Xm3 =    1.9924627238E-16

 The 6X6 Mass Matrix at the Mass Center
 ========================================================

   6.299362400001E+02  0.000000000000E+00  0.000000000000E+00  0.000000000000E+00  0.000000000000E+00  0.000000000000E+00
   0.000000000000E+00  6.299362400001E+02  0.000000000000E+00  0.000000000000E+00  0.000000000000E+00  0.000000000000E+00
   0.000000000000E+00  0.000000000000E+00  6.299362400001E+02  0.000000000000E+00  0.000000000000E+00  0.000000000000E+00
   0.000000000000E+00  0.000000000000E+00  0.000000000000E+00  3.100371869404E+03  0.000000000000E+00  0.000000000000E+00
   0.000000000000E+00  0.000000000000E+00  0.000000000000E+00  0.000000000000E+00  2.852774453672E+03 -9.414344304127E-15
   0.000000000000E+00  0.000000000000E+00  0.000000000000E+00  0.000000000000E+00 -9.414344304127E-15  2.475974157319E+02

 The Mass Properties with respect to Principal Inertial Axes
 ========================================================

 Mass Per Unit Span                     =    6.2993624000E+02
 Mass Moments of Intertia about x1 axis =    3.1003718694E+03
 Mass Moments of Intertia about x2 axis =    2.8527744537E+03
 Mass Moments of Intertia about x3 axis =    2.4759741573E+02
 The user coordinate axes are the principal inertial axes.
 The mass-weighted radius of gyration   =    2.2184957289E+00

 The Geometric Center of the Cross Section
 ========================================================

  Xg2 =    4.7839830246E-15
  Xg3 =    1.3058961035E-17

 Classical Stiffness Matrix (1-extension; 2-twist; 3,4-bending)
 ========================================================

     7.1749067872E+09    1.0416067800E+06    1.3624387101E+02    1.5972162732E+01
     1.0416067800E+06    8.6473709550E+08    2.3659736112E+01    2.3195617928E+00
     1.3624387101E+02    2.3659736112E+01    3.7959184583E+10   -5.5522696060E+01
     1.5972162732E+01    2.3195617928E+00   -5.5522696060E+01    2.2460718714E+09

 Classical Flexibility Matrix (1-extension; 2-twist; 3,4-bending)
 ========================================================

     1.3937465733E-10   -1.6788176290E-13   -5.0014169328E-19   -9.9094127465E-19
    -1.6788176290E-13    1.1564210441E-09   -7.2018786082E-19   -1.1930645273E-18
    -5.0014169328E-19   -7.2018786082E-19    2.6344085390E-11    6.5122344229E-19
    -9.9094127465E-19   -1.1930645273E-18    6.5122344229E-19    4.4522172808E-10

 The Neutral Axes (or Tension Center) of the Cross Section
 ========================================================

  Xt2 =   -2.2257252955E-09
  Xt3 =    1.8984970798E-08

 Timoshenko Stiffness Matrix (1-extension; 2,3-shear, 4-twist; 5,6-bending)
 ========================================================

     7.1749067872E+09   -5.4008333915E+00    1.2760782053E+00    1.0416067800E+06    1.3622195386E+02    1.5972545919E+01
    -5.4008333915E+00    3.2030902149E+08    1.9651991065E-01    4.2845364225E+00    1.2998477703E+06    2.3744387534E+00
     1.2760782053E+00    1.9651991065E-01    3.4689569692E+08   -3.3166703814E+00   -1.0409819705E+00    1.0417862881E+05
     1.0416067800E+06    4.2845364225E+00   -3.3166703814E+00    8.6473709550E+08    2.3677123222E+01    2.3185657725E+00
     1.3622195386E+02    1.2998477703E+06   -1.0409819705E+00    2.3677123222E+01    3.7959189858E+10   -5.5513373201E+01
     1.5972545919E+01    2.3744387534E+00    1.0417862881E+05    2.3185657725E+00   -5.5513373201E+01    2.2460719027E+09

 Timoshenko Flexibility Matrix (1-extension; 2,3-shear, 4-twist; 5,6-bending)
 ========================================================

     1.3937465733E-10    2.3543161719E-18   -5.1400619474E-19   -1.6788176290E-13   -5.0014169328E-19   -9.9094127465E-19
     2.3543161719E-18    3.1219855573E-09   -1.7679653328E-18   -1.5468495475E-17   -1.0690707522E-13   -3.3029726590E-18
    -5.1400619474E-19   -1.7679653328E-18    2.8827109210E-09    1.1057519548E-17    7.8919635546E-20   -1.3370759442E-13
    -1.6788176290E-13   -1.5468495475E-17    1.1057519548E-17    1.1564210441E-09   -7.2018786082E-19   -1.1930645273E-18
    -5.0014169328E-19   -1.0690707522E-13    7.8919635546E-20   -7.2018786082E-19    2.6344085390E-11    6.5122344229E-19
    -9.9094127465E-19   -3.3029726590E-18   -1.3370759442E-13   -1.1930645273E-18    6.5122344229E-19    4.4522172808E-10

 The Generalized Shear Center of the Cross Section in the User Coordinate System
 ========================================================

  Xs2 =   -9.5618456656E-09
  Xs3 =   -1.3376179509E-08
