
 The 6X6 Mass Matrix
 ========================================================

     1.3564552000E+02    0.0000000000E+00    0.0000000000E+00    0.0000000000E+00   -3.5943470422E-15   -1.3528067555E-13
     0.0000000000E+00    1.3564552000E+02    0.0000000000E+00    3.5943470422E-15    0.0000000000E+00    0.0000000000E+00
     0.0000000000E+00    0.0000000000E+00    1.3564552000E+02    1.3528067555E-13    0.0000000000E+00    0.0000000000E+00
     0.0000000000E+00    3.5943470422E-15    1.3528067555E-13    5.5350449773E+01    0.0000000000E+00    0.0000000000E+00
    -3.5943470422E-15    0.0000000000E+00    0.0000000000E+00    0.0000000000E+00    1.3228708194E+01    1.8735013541E-16
    -1.3528067555E-13    0.0000000000E+00    0.0000000000E+00    0.0000000000E+00    1.8735013541E-16    4.2121741579E+01

 The Mass Center of the Cross Section
 ========================================================

  Xm2 =    9.9731030963E-16
  Xm3 =   -2.6498088859E-17

 The Mass Properties with respect to Principal Inertial Axes
 ========================================================

 Mass Per Unit Span                     =    1.3564552000E+02
 Mass Moments of Intertia about x1 axis =    5.5350449773E+01
 Mass Moments of Intertia about x2 axis =    1.3228708194E+01
 Mass Moments of Intertia about x3 axis =    4.2121741579E+01
 The user coordinate axes are the principal inertial axes.
 The mass-weighted radius of gyration   =    6.3878961894E-01

 The Geometric Center of the Cross Section
 ========================================================

  Xg2 =    3.0715470662E-15
  Xg3 =   -1.2955476007E-18

 Classical Stiffness Matrix (1-extension; 2-twist; 3,4-bending)
 ========================================================

     2.3762891275E+09    1.4289618846E+03    1.5870533411E+00   -3.9549311971E-03
     1.4289618846E+03    4.0795246595E+07    1.8384780310E-02    6.2155300894E-05
     1.5870533411E+00    1.8384780310E-02    2.6396478103E+08    1.2145457574E-02
    -3.9549311971E-03    6.2155300894E-05    1.2145457574E-02    5.5384105682E+08

 Classical Flexibility Matrix (1-extension; 2-twist; 3,4-bending)
 ========================================================

     4.2082421219E-10   -1.4740485953E-14   -2.5301489023E-18    3.0050710971E-21
    -1.4740485953E-14    2.4512659770E-08   -1.7071840758E-18   -2.7510600774E-21
    -2.5301489023E-18   -1.7071840758E-18    3.7883841780E-09   -8.3077371662E-20
     3.0050710971E-21   -2.7510600774E-21   -8.3077371662E-20    1.8055721722E-09

 The Neutral Axes (or Tension Center) of the Cross Section
 ========================================================

  Xt2 =    1.6643317215E-12
  Xt3 =    6.6787020098E-10

 Timoshenko Stiffness Matrix (1-extension; 2,3-shear, 4-twist; 5,6-bending)
 ========================================================

     2.3762891275E+09   -1.9738103177E-02   -1.0161892586E-04    1.4289618846E+03    1.5870533515E+00   -3.9549276357E-03
    -1.9738103177E-02    1.2247912731E+08    8.5920255673E-03    4.1920676900E-02   -6.4848525501E+01    1.5012191807E-05
    -1.0161892586E-04    8.5920255673E-03    2.7799786331E+07    1.2131058275E-03    1.6374079852E-04   -9.7430899751E+02
     1.4289618846E+03    4.1920676900E-02    1.2131058275E-03    4.0795246595E+07    1.8384758114E-02    6.2112784748E-05
     1.5870533515E+00   -6.4848525501E+01    1.6374079852E-04    1.8384758114E-02    2.6396478103E+08    1.2145451827E-02
    -3.9549276357E-03    1.5012191807E-05   -9.7430899751E+02    6.2112784748E-05    1.2145451827E-02    5.5384105685E+08

 Timoshenko Flexibility Matrix (1-extension; 2,3-shear, 4-twist; 5,6-bending)
 ========================================================

     4.2082421219E-10    6.7821560757E-20    1.5390231197E-21   -1.4740485953E-14   -2.5301489023E-18    3.0050710971E-21
     6.7821560757E-20    8.1646564764E-09   -2.5234344213E-18   -8.3899005034E-18    2.0058203661E-15   -2.2579105175E-22
     1.5390231197E-21   -2.5234344213E-18    3.5971499498E-08   -1.0696648588E-18   -2.2317122092E-20    6.3280530003E-14
    -1.4740485953E-14   -8.3899005034E-18   -1.0696648588E-18    2.4512659770E-08   -1.7071840758E-18   -2.7510600774E-21
    -2.5301489023E-18    2.0058203661E-15   -2.2317122092E-20   -1.7071840758E-18    3.7883841780E-09   -8.3077371662E-20
     3.0050710971E-21   -2.2579105175E-22    6.3280530003E-14   -2.7510600774E-21   -8.3077371662E-20    1.8055721722E-09

 The Generalized Shear Center of the Cross Section in the User Coordinate System
 ========================================================

  Xs2 =    4.3637241687E-11
  Xs3 =   -3.4226805993E-10
