
 The 6X6 Mass Matrix
 ========================================================

     6.2267400000E+02    0.0000000000E+00    0.0000000000E+00    0.0000000000E+00   -9.2889237968E-14    7.0773898894E-14
     0.0000000000E+00    6.2267400000E+02    0.0000000000E+00    9.2889237968E-14    0.0000000000E+00    0.0000000000E+00
     0.0000000000E+00    0.0000000000E+00    6.2267400000E+02   -7.0773898894E-14    0.0000000000E+00    0.0000000000E+00
     0.0000000000E+00    9.2889237968E-14   -7.0773898894E-14    2.4731435538E+03    0.0000000000E+00    0.0000000000E+00
    -9.2889237968E-14    0.0000000000E+00    0.0000000000E+00    0.0000000000E+00    2.2477243601E+03   -2.9403562918E-16
     7.0773898894E-14    0.0000000000E+00    0.0000000000E+00    0.0000000000E+00   -2.9403562918E-16    2.2541919377E+02

 The Mass Center of the Cross Section
 ========================================================

  Xm2 =   -1.1366123990E-16
  Xm3 =   -1.4917796145E-16

 The Mass Properties with respect to Principal Inertial Axes
 ========================================================

 Mass Per Unit Span                     =    6.2267400000E+02
 Mass Moments of Intertia about x1 axis =    2.4731435538E+03
 Mass Moments of Intertia about x2 axis =    2.2477243601E+03
 Mass Moments of Intertia about x3 axis =    2.2541919377E+02
 The user coordinate axes are the principal inertial axes.
 The mass-weighted radius of gyration   =    1.9929403349E+00

 The Geometric Center of the Cross Section
 ========================================================

  Xg2 =   -4.9395428491E-15
  Xg3 =    2.4193223733E-17

 Classical Stiffness Matrix (1-extension; 2-twist; 3,4-bending)
 ========================================================

     9.0283429636E+09    1.7772058431E+05    1.4126566564E+02   -2.9202272608E+01
     1.7772058431E+05    7.4063727797E+08    1.7531856501E+01   -1.8430682655E+00
     1.4126566564E+02    1.7531856501E+01    3.8523854269E+10    4.6823232698E+01
    -2.9202272608E+01   -1.8430682655E+00    4.6823232698E+01    2.4209861361E+09

 Classical Flexibility Matrix (1-extension; 2-twist; 3,4-bending)
 ========================================================

     1.1076229700E-10   -2.6578111481E-14   -4.0614948864E-19    1.3360100568E-18
    -2.6578111481E-14    1.3501885936E-09   -6.1436111715E-19    1.0275621160E-18
    -4.0614948864E-19   -6.1436111715E-19    2.5957942656E-11   -5.0204120717E-19
     1.3360100568E-18    1.0275621160E-18   -5.0204120717E-19    4.1305482302E-10

 The Neutral Axes (or Tension Center) of the Cross Section
 ========================================================

  Xt2 =    3.2344618063E-09
  Xt3 =    1.5646443649E-08

 Timoshenko Stiffness Matrix (1-extension; 2,3-shear, 4-twist; 5,6-bending)
 ========================================================

     9.0283429636E+09   -8.3756142574E+00    3.0041705412E+00    1.7772058431E+05    1.4126366983E+02   -2.9202202349E+01
    -8.3756142574E+00    3.7880920860E+08   -7.9083371613E-01    1.1729906887E+01    9.0263359527E+04   -1.0443418367E+00
     3.0041705412E+00   -7.9083371613E-01    3.0024474290E+08   -8.0628998480E-01   -4.8487695481E+00    7.0195605060E+03
     1.7772058431E+05    1.1729906887E+01   -8.0628998480E-01    7.4063727797E+08    1.7534651538E+01   -1.8430871485E+00
     1.4126366983E+02    9.0263359527E+04   -4.8487695481E+00    1.7534651538E+01    3.8523854290E+10    4.6822870493E+01
    -2.9202202349E+01   -1.0443418367E+00    7.0195605060E+03   -1.8430871485E+00    4.6822870493E+01    2.4209861363E+09

 Timoshenko Flexibility Matrix (1-extension; 2,3-shear, 4-twist; 5,6-bending)
 ========================================================

     1.1076229700E-10    2.4499158747E-18   -1.1083612469E-18   -2.6578111481E-14   -4.0614948864E-19    1.3360100568E-18
     2.4499158747E-18    2.6398513496E-09    6.9531456446E-18   -4.1809315278E-17   -6.1853066329E-15    1.1388532822E-18
    -1.1083612469E-18    6.9531456446E-18    3.3306161847E-09    3.6260955853E-18    4.1920039616E-19   -9.6569994682E-15
    -2.6578111481E-14   -4.1809315278E-17    3.6260955853E-18    1.3501885936E-09   -6.1436111715E-19    1.0275621160E-18
    -4.0614948864E-19   -6.1853066329E-15    4.1920039616E-19   -6.1436111715E-19    2.5957942656E-11   -5.0204120717E-19
     1.3360100568E-18    1.1388532822E-18   -9.6569994682E-15    1.0275621160E-18   -5.0204120717E-19    4.1305482302E-10

 The Generalized Shear Center of the Cross Section in the User Coordinate System
 ========================================================

  Xs2 =   -2.6856215513E-09
  Xs3 =   -3.0965537315E-08
