
 The 6X6 Mass Matrix
 ========================================================

     4.4258544000E+02    0.0000000000E+00    0.0000000000E+00    0.0000000000E+00    6.9999561703E-14    1.5987211555E-14
     0.0000000000E+00    4.4258544000E+02    0.0000000000E+00   -6.9999561703E-14    0.0000000000E+00    0.0000000000E+00
     0.0000000000E+00    0.0000000000E+00    4.4258544000E+02   -1.5987211555E-14    0.0000000000E+00    0.0000000000E+00
     0.0000000000E+00   -6.9999561703E-14   -1.5987211555E-14    1.8638178393E+02    0.0000000000E+00    0.0000000000E+00
     6.9999561703E-14    0.0000000000E+00    0.0000000000E+00    0.0000000000E+00    8.0878556966E+01   -1.6653345369E-16
     1.5987211555E-14    0.0000000000E+00    0.0000000000E+00    0.0000000000E+00   -1.6653345369E-16    1.0550322697E+02

 The Mass Center of the Cross Section
 ========================================================

  Xm2 =   -3.6122316980E-17
  Xm3 =    1.5816056150E-16

 The Mass Properties with respect to Principal Inertial Axes
 ========================================================

 Mass Per Unit Span                     =    4.4258544000E+02
 Mass Moments of Intertia about x1 axis =    1.8638178393E+02
 Mass Moments of Intertia about x2 axis =    8.0878556966E+01
 Mass Moments of Intertia about x3 axis =    1.0550322697E+02
 The user coordinate axes are the principal inertial axes.
 The mass-weighted radius of gyration   =    6.4893794747E-01

 The Geometric Center of the Cross Section
 ========================================================

  Xg2 =    2.1578712470E-15
  Xg3 =    3.4977779222E-18

 Classical Stiffness Matrix (1-extension; 2-twist; 3,4-bending)
 ========================================================

     8.8574872358E+09    3.2749416650E+03   -1.7312559874E-01   -3.4046309586E-01
     3.2749416650E+03    1.1054704121E+08   -6.8741292549E-05    5.7820844588E-05
    -1.7312559874E-01   -6.8741292549E-05    1.7018151740E+09   -1.1240327433E-01
    -3.4046309586E-01    5.7820844588E-05   -1.1240327433E-01    1.8070448367E+09

 Classical Flexibility Matrix (1-extension; 2-twist; 3,4-bending)
 ========================================================

     1.1289883614E-10   -3.3446132828E-15    1.1485194558E-20    2.1271131011E-20
    -3.3446132828E-15    9.0459227955E-09    3.6505103288E-22   -2.9007670581E-22
     1.1485194558E-20    3.6505103288E-22    5.8760787615E-10    3.6550863579E-20
     2.1271131011E-20   -2.9007670581E-22    3.6550863579E-20    5.5338969997E-10

 The Neutral Axes (or Tension Center) of the Cross Section
 ========================================================

  Xt2 =    3.8437887463E-11
  Xt3 =   -1.9545678373E-11

 Timoshenko Stiffness Matrix (1-extension; 2,3-shear, 4-twist; 5,6-bending)
 ========================================================

     8.8574872358E+09    8.5860666939E-04   -3.0984460540E-04    3.2749416650E+03   -1.7312559904E-01   -3.4046308504E-01
     8.5860666939E-04    4.6388220883E+08    1.0984370437E-02    2.8193936677E-03   -1.6020317624E+02   -9.1960660798E-04
    -3.0984460540E-04    1.0984370437E-02    5.2908374815E+07    8.8578481396E-04    1.6046281861E-04   -1.8460344459E+03
     3.2749416650E+03    2.8193936677E-03    8.8578481396E-04    1.1054704121E+08   -6.8742266232E-05    5.7789938524E-05
    -1.7312559904E-01   -1.6020317624E+02    1.6046281861E-04   -6.8742266232E-05    1.7018151740E+09   -1.1240327961E-01
    -3.4046308504E-01   -9.1960660798E-04   -1.8460344459E+03    5.7789938524E-05   -1.1240327961E-01    1.8070448367E+09

 Timoshenko Flexibility Matrix (1-extension; 2,3-shear, 4-twist; 5,6-bending)
 ========================================================

     1.1289883614E-10   -2.0894188669E-22    6.6196184071E-22   -3.3446132828E-15    1.1485194558E-20    2.1271131011E-20
    -2.0894188669E-22    2.1557196654E-09   -4.4755147845E-19   -5.4979505639E-20    2.0293222364E-16    1.0966029308E-21
     6.6196184071E-22   -4.4755147845E-19    1.8900599452E-08   -1.5144563861E-19   -1.7808895340E-21    1.9308407255E-14
    -3.3446132828E-15   -5.4979505639E-20   -1.5144563861E-19    9.0459227955E-09    3.6505103288E-22   -2.9007670581E-22
     1.1485194558E-20    2.0293222364E-16   -1.7808895340E-21    3.6505103288E-22    5.8760787615E-10    3.6550863579E-20
     2.1271131011E-20    1.0966029308E-21    1.9308407255E-14   -2.9007670581E-22    3.6550863579E-20    5.5338969997E-10

 The Generalized Shear Center of the Cross Section in the User Coordinate System
 ========================================================

  Xs2 =    1.6741867252E-11
  Xs3 =   -6.0778216753E-12
