
 The 6X6 Mass Matrix
 ========================================================

     3.9813436000E+02    0.0000000000E+00    0.0000000000E+00    0.0000000000E+00    5.9002573375E-01   -3.6082248300E-14
     0.0000000000E+00    3.9813436000E+02    0.0000000000E+00   -5.9002573375E-01    0.0000000000E+00    0.0000000000E+00
     0.0000000000E+00    0.0000000000E+00    3.9813436000E+02    3.6082248300E-14    0.0000000000E+00    0.0000000000E+00
     0.0000000000E+00   -5.9002573375E-01    3.6082248300E-14    4.6602337547E+02    0.0000000000E+00    0.0000000000E+00
     5.9002573375E-01    0.0000000000E+00    0.0000000000E+00    0.0000000000E+00    3.6876608359E+02    1.1102230246E-16
    -3.6082248300E-14    0.0000000000E+00    0.0000000000E+00    0.0000000000E+00    1.1102230246E-16    9.7257291883E+01

 The Mass Center of the Cross Section
 ========================================================

  Xm2 =    9.0628320300E-17
  Xm3 =    1.4819764206E-03

 The 6X6 Mass Matrix at the Mass Center
 ========================================================

   3.981343600000E+02  0.000000000000E+00  0.000000000000E+00  0.000000000000E+00  0.000000000000E+00  0.000000000000E+00
   0.000000000000E+00  3.981343600000E+02  0.000000000000E+00  0.000000000000E+00  0.000000000000E+00  0.000000000000E+00
   0.000000000000E+00  0.000000000000E+00  3.981343600000E+02  0.000000000000E+00  0.000000000000E+00  0.000000000000E+00
   0.000000000000E+00  0.000000000000E+00  0.000000000000E+00  4.660225010703E+02  0.000000000000E+00  0.000000000000E+00
   0.000000000000E+00  0.000000000000E+00  0.000000000000E+00  0.000000000000E+00  3.687652091875E+02  1.644953436455E-16
   0.000000000000E+00  0.000000000000E+00  0.000000000000E+00  0.000000000000E+00  1.644953436455E-16  9.725729188281E+01

 The Mass Properties with respect to Principal Inertial Axes
 ========================================================

 Mass Per Unit Span                     =    3.9813436000E+02
 Mass Moments of Intertia about x1 axis =    4.6602250107E+02
 Mass Moments of Intertia about x2 axis =    3.6876520919E+02
 Mass Moments of Intertia about x3 axis =    9.7257291883E+01
 The user coordinate axes are the principal inertial axes.
 The mass-weighted radius of gyration   =    1.0819037179E+00

 The Geometric Center of the Cross Section
 ========================================================

  Xg2 =   -3.6526952801E-15
  Xg3 =    1.4481449932E-16

 Classical Stiffness Matrix (1-extension; 2-twist; 3,4-bending)
 ========================================================

     7.8207864002E+09    1.6954820519E+02   -1.0660479611E+07    1.1075904215E+00
     1.6954820519E+02    1.5474219180E+08    9.2518572935E-01   -7.6206536231E+03
    -1.0660479611E+07    9.2518572935E-01    7.7240071507E+09   -2.8034218358E+00
     1.1075904215E+00   -7.6206536231E+03   -2.8034218358E+00    1.6130904730E+09

 Classical Flexibility Matrix (1-extension; 2-twist; 3,4-bending)
 ========================================================

     1.2786462002E-10   -1.4009999809E-16    1.7647551953E-13   -8.8150385237E-20
    -1.4009999809E-16    6.4623616132E-09   -9.6741654711E-19    3.0529855743E-14
     1.7647551953E-13   -9.6741654711E-19    1.2946672133E-10    2.2487703244E-19
    -8.8150385237E-20    3.0529855743E-14    2.2487703244E-19    6.1992803067E-10

 The Neutral Axes (or Tension Center) of the Cross Section
 ========================================================

  Xt2 =   -1.4268900543E-10
  Xt3 =   -1.3630956103E-03

 Classical Stiffness Matrix (correct up to the 2nd order) (1-extension; 2-twist; 3,4-bending)
 ========================================================

     7.8190528769E+09    1.6820324015E+02   -1.4178503398E+07   -9.8651144506E+01
     1.6820324015E+02    1.5474126906E+08    4.0433015517E+02   -7.5888820311E+03
    -1.4178503398E+07    4.0433015517E+02    7.7149761374E+09    3.0420485106E+02
    -9.8651144506E+01   -7.5888820311E+03    3.0420485106E+02    1.6064863621E+09

 Classical Flexibility Matrix (correct up to the 2nd order) (1-extension; 2-twist; 3,4-bending)
 ========================================================

     1.2789315385E-10   -1.3963319413E-16    2.3504071615E-13    7.8084981680E-18
    -1.3963319413E-16    6.4624001491E-09   -3.3894237453E-16    3.0527736565E-14
     2.3504071615E-13   -3.3894237453E-16    1.2961846086E-10   -2.4531767382E-17
     7.8084981680E-18    3.0527736565E-14   -2.4531767382E-17    6.2247649516E-10

 The Neutral Axes (or Tension Center) of the Cross Section, Corrected by Initial Curvature/Twist
 ========================================================

  Xt2 =    1.2615708957E-08
  Xt3 =   -1.8133274735E-03

 Timoshenko Stiffness Matrix (1-extension; 2,3-shear, 4-twist; 5,6-bending)
 ========================================================

     7.5659136387E+09   -4.0301993510E+02    7.1344774893E+03    8.6197296704E+01   -1.5033310697E+07   -8.6691903528E+01
    -4.0301993510E+02    3.8615885626E+08   -7.6287850851E+01   -3.5820267316E+06    2.0818798294E+02    6.4896064333E+02
     7.1344774893E+03   -7.6287850851E+01    6.8292380113E+07   -3.8426089084E+00   -6.3531365203E+02   -8.2735058450E+01
     8.6197296704E+01   -3.5820267316E+06   -3.8426089084E+00    1.5477535415E+08    4.0241548332E+02   -7.5917813452E+03
    -1.5033310697E+07    2.0818798294E+02   -6.3531365203E+02    4.0241548332E+02    7.7149805134E+09    3.0413563239E+02
    -8.6691903528E+01    6.4896064333E+02   -8.2735058450E+01   -7.5917813452E+03    3.0413563239E+02    1.6061610850E+09

 Timoshenko Flexibility Matrix (1-extension; 2,3-shear, 4-twist; 5,6-bending)
 ========================================================

     1.3217225568E-10    1.3714220712E-16   -1.3805586305E-14   -7.1104893779E-17    2.5754913741E-13    7.0840737309E-18
     1.3714220712E-16    2.5901638899E-09    2.8967696580E-15    5.9945178856E-11   -7.2754570020E-17   -7.6320082180E-16
    -1.3805586305E-14    2.8967696580E-15    1.4642922072E-08    4.3062263612E-16    1.1789146593E-15    7.5427231969E-16
    -7.1104893779E-17    5.9945178856E-11    4.3062263612E-16    6.4623643148E-09   -3.3883601798E-16    3.0521194529E-14
     2.5754913741E-13   -7.2754570020E-17    1.1789146593E-15   -3.3883601798E-16    1.2961845724E-10   -2.4531594012E-17
     7.0840737309E-18   -7.6320082180E-16    7.5427231969E-16    3.0521194529E-14   -2.4531594012E-17    6.2260255808E-10

 The Generalized Shear Center of the Cross Section in the User Coordinate System
 ========================================================

  Xs2 =   -6.6635462679E-08
  Xs3 =    9.2760444840E-03
