
 The 6X6 Mass Matrix
 ========================================================

     3.3004480000E+02    0.0000000000E+00    0.0000000000E+00    0.0000000000E+00    1.1379786002E-14    1.4743761767E-13
     0.0000000000E+00    3.3004480000E+02    0.0000000000E+00   -1.1379786002E-14    0.0000000000E+00    0.0000000000E+00
     0.0000000000E+00    0.0000000000E+00    3.3004480000E+02   -1.4743761767E-13    0.0000000000E+00    0.0000000000E+00
     0.0000000000E+00   -1.1379786002E-14   -1.4743761767E-13    2.0818072963E+02    0.0000000000E+00    0.0000000000E+00
     1.1379786002E-14    0.0000000000E+00    0.0000000000E+00    0.0000000000E+00    1.3149441429E+02   -3.3306690739E-16
     1.4743761767E-13    0.0000000000E+00    0.0000000000E+00    0.0000000000E+00   -3.3306690739E-16    7.6686315340E+01

 The Mass Center of the Cross Section
 ========================================================

  Xm2 =   -4.4672001398E-16
  Xm3 =    3.4479519151E-17

 The Mass Properties with respect to Principal Inertial Axes
 ========================================================

 Mass Per Unit Span                     =    3.3004480000E+02
 Mass Moments of Intertia about x1 axis =    2.0818072963E+02
 Mass Moments of Intertia about x2 axis =    1.3149441429E+02
 Mass Moments of Intertia about x3 axis =    7.6686315340E+01
 The user coordinate axes are the principal inertial axes.
 The mass-weighted radius of gyration   =    7.9420719256E-01

 The Geometric Center of the Cross Section
 ========================================================

  Xg2 =   -8.8662725074E-15
  Xg3 =    2.8916341835E-17

 Classical Stiffness Matrix (1-extension; 2-twist; 3,4-bending)
 ========================================================

     6.6307996452E+09    1.1347444458E+02    6.0428583413E-01    2.6524747878E+00
     1.1347444458E+02    9.4057407634E+07    9.0668046046E-03   -4.6594814211E+03
     6.0428583413E-01    9.0668046046E-03    2.7773056189E+09   -3.9531873766E-02
     2.6524747878E+00   -4.6594814211E+03   -3.9531873766E-02    1.3393372244E+09

 Classical Flexibility Matrix (1-extension; 2-twist; 3,4-bending)
 ========================================================

     1.5081137321E-10   -1.8194460848E-16   -3.2813520486E-20   -2.9930560084E-19
    -1.8194460848E-16    1.0631804824E-08   -3.4708072508E-20    3.6987471224E-14
    -3.2813520486E-20   -3.4708072508E-20    3.6006120219E-10    1.0627444753E-20
    -2.9930560084E-19    3.6987471224E-14    1.0627444753E-20    7.4663795042E-10

 The Neutral Axes (or Tension Center) of the Cross Section
 ========================================================

  Xt2 =   -4.0087113261E-10
  Xt3 =    9.1133174810E-11

 Timoshenko Stiffness Matrix (1-extension; 2,3-shear, 4-twist; 5,6-bending)
 ========================================================

     6.6307996457E+09   -7.6127990267E-03    4.5440941719E+03    1.1347399440E+02    6.0428576057E-01    2.6474802178E+00
    -7.6127990267E-03    3.4208933078E+08    1.1110423738E-02   -4.6335911203E-02    5.8780274589E+00    2.0438359804E-04
     4.5440941719E+03    1.1110423738E-02    4.3271700857E+07   -4.2869037838E+00   -6.9926278019E-04   -4.7561412427E+01
     1.1347399440E+02   -4.6335911203E-02   -4.2869037838E+00    9.4057407634E+07    9.0668038777E-03   -4.6594814163E+03
     6.0428576057E-01    5.8780274589E+00   -6.9926278019E-04    9.0668038777E-03    2.7773056189E+09   -3.9531872994E-02
     2.6474802178E+00    2.0438359804E-04   -4.7561412427E+01   -4.6594814163E+03   -3.9531872994E-02    1.3393372244E+09

 Timoshenko Flexibility Matrix (1-extension; 2,3-shear, 4-twist; 5,6-bending)
 ========================================================

     1.5081137321E-10    3.3566214783E-21   -1.5837165383E-14   -1.8194460848E-16   -3.2813520486E-20   -2.9930560084E-19
     3.3566214783E-21    2.9232130617E-09   -7.5056316838E-19    1.4400751484E-18   -6.1868332126E-18   -4.4110082249E-22
    -1.5837165383E-14   -7.5056316838E-19    2.3109791856E-08    1.0533468612E-15    5.8219789245E-21    8.2065910775E-16
    -1.8194460848E-16    1.4400751484E-18    1.0533468612E-15    1.0631804824E-08   -3.4708072508E-20    3.6987471224E-14
    -3.2813520486E-20   -6.1868332126E-18    5.8219789245E-21   -3.4708072508E-20    3.6006120219E-10    1.0627444753E-20
    -2.9930560084E-19   -4.4110082249E-22    8.2065910775E-16    3.6987471224E-14    1.0627444753E-20    7.4663795042E-10

 The Generalized Shear Center of the Cross Section in the User Coordinate System
 ========================================================

  Xs2 =   -9.9075075088E-08
  Xs3 =    1.3544973523E-10
