
 The 6X6 Mass Matrix
 ========================================================

     3.9813436000E+02    0.0000000000E+00    0.0000000000E+00    0.0000000000E+00    7.0065555882E-01    4.2521541843E-14
     0.0000000000E+00    3.9813436000E+02    0.0000000000E+00   -7.0065555882E-01    0.0000000000E+00    0.0000000000E+00
     0.0000000000E+00    0.0000000000E+00    3.9813436000E+02   -4.2521541843E-14    0.0000000000E+00    0.0000000000E+00
     0.0000000000E+00   -7.0065555882E-01   -4.2521541843E-14    4.6602337547E+02    0.0000000000E+00    0.0000000000E+00
     7.0065555882E-01    0.0000000000E+00    0.0000000000E+00    0.0000000000E+00    3.6876608359E+02   -3.9968028887E-15
     4.2521541843E-14    0.0000000000E+00    0.0000000000E+00    0.0000000000E+00   -3.9968028887E-15    9.7257291883E+01

 The Mass Center of the Cross Section
 ========================================================

  Xm2 =   -1.0680198977E-16
  Xm3 =    1.7598469995E-03

 The 6X6 Mass Matrix at the Mass Center
 ========================================================

   3.981343600000E+02  0.000000000000E+00  0.000000000000E+00  0.000000000000E+00  0.000000000000E+00  0.000000000000E+00
   0.000000000000E+00  3.981343600000E+02  0.000000000000E+00  0.000000000000E+00  0.000000000000E+00  0.000000000000E+00
   0.000000000000E+00  0.000000000000E+00  3.981343600000E+02  0.000000000000E+00  0.000000000000E+00  0.000000000000E+00
   0.000000000000E+00  0.000000000000E+00  0.000000000000E+00  4.660221424279E+02  0.000000000000E+00  0.000000000000E+00
   0.000000000000E+00  0.000000000000E+00  0.000000000000E+00  0.000000000000E+00  3.687648505451E+02 -4.071634296475E-15
   0.000000000000E+00  0.000000000000E+00  0.000000000000E+00  0.000000000000E+00 -4.071634296475E-15  9.725729188281E+01

 The Mass Properties with respect to Principal Inertial Axes
 ========================================================

 Mass Per Unit Span                     =    3.9813436000E+02
 Mass Moments of Intertia about x1 axis =    4.6602214243E+02
 Mass Moments of Intertia about x2 axis =    3.6876485055E+02
 Mass Moments of Intertia about x3 axis =    9.7257291883E+01
 The user coordinate axes are the principal inertial axes.
 The mass-weighted radius of gyration   =    1.0819033016E+00

 The Geometric Center of the Cross Section
 ========================================================

  Xg2 =   -3.6526952801E-15
  Xg3 =    1.4481449932E-16

 Classical Stiffness Matrix (1-extension; 2-twist; 3,4-bending)
 ========================================================

     7.8207933961E+09    1.6954760682E+02   -1.2659334839E+07    1.1075824401E+00
     1.6954760682E+02    1.5474285328E+08    1.0961474974E+00   -7.6206308587E+03
    -1.2659334839E+07    1.0961474974E+00    7.7240148773E+09   -2.8034217231E+00
     1.1075824401E+00   -7.6206308587E+03   -2.8034217231E+00    1.6130911293E+09

 Classical Flexibility Matrix (1-extension; 2-twist; 3,4-bending)
 ========================================================

     1.2786460431E-10   -1.4009931692E-16    2.0956469733E-13   -8.8092194425E-20
    -1.4009931692E-16    6.4623339886E-09   -1.1467028411E-18    3.0529621618E-14
     2.0956469733E-13   -1.1467028411E-18    1.2946669172E-10    2.2485331461E-19
    -8.8092194425E-20    3.0529621618E-14    2.2485331461E-19    6.1992777845E-10

 The Neutral Axes (or Tension Center) of the Cross Section
 ========================================================

  Xt2 =   -1.4268784573E-10
  Xt3 =   -1.6186765456E-03

 Classical Stiffness Matrix (correct up to the 2nd order) (1-extension; 2-twist; 3,4-bending)
 ========================================================

     7.8183488570E+09    1.6765714673E+02   -1.6836969257E+07   -1.4011731813E+02
     1.6765714673E+02    1.5474155207E+08    4.8013908254E+02   -7.5758295776E+03
    -1.6836969257E+07    4.8013908254E+02    7.7112797073E+09    4.5802436933E+02
    -1.4011731813E+02   -7.5758295776E+03    4.5802436933E+02    1.6037783090E+09

 Classical Flexibility Matrix (correct up to the 2nd order) (1-extension; 2-twist; 3,4-bending)
 ========================================================

     1.2790484543E-10   -1.3944648736E-16    2.7927011237E-13    1.1094248424E-17
    -1.3944648736E-16    6.4623883299E-09   -4.0268375157E-16    3.0526633602E-14
     2.7927011237E-13   -4.0268375157E-16    1.2968077155E-10   -3.7013141626E-17
     1.1094248424E-17    3.0526633602E-14   -3.7013141626E-17    6.2352757525E-10

 The Neutral Axes (or Tension Center) of the Cross Section, Corrected by Initial Curvature/Twist
 ========================================================

  Xt2 =    1.7920549791E-08
  Xt3 =   -2.1535198244E-03

 Timoshenko Stiffness Matrix (1-extension; 2,3-shear, 4-twist; 5,6-bending)
 ========================================================

     7.4609323529E+09   -4.7726323300E+02    7.1310028883E+03    5.1859708239E+01   -1.7626610551E+07   -1.2328983653E+02
    -4.7726323300E+02    3.8487587659E+08   -1.1435131854E+02   -4.2367922255E+06    2.8253256786E+02    7.6908528765E+02
     7.1310028883E+03   -1.1435131854E+02    6.8226761275E+07   -3.2933369686E+00   -7.5407633052E+02   -8.5319789125E+01
     5.1859708239E+01   -4.2367922255E+06   -3.2933369686E+00    1.5478939013E+08    4.7707843399E+02   -7.5799079608E+03
    -1.7626610551E+07    2.8253256786E+02   -7.5407633052E+02    4.7707843399E+02    7.7112853919E+09    4.5788174540E+02
    -1.2328983653E+02    7.6908528765E+02   -8.5319789125E+01   -7.5799079608E+03    4.5788174540E+02    1.6033211656E+09

 Timoshenko Flexibility Matrix (1-extension; 2,3-shear, 4-twist; 5,6-bending)
 ========================================================

     1.3403222990E-10    1.6552200295E-16   -1.4005547853E-14   -4.1318871304E-17    3.0637355346E-13    1.0218098386E-17
     1.6552200295E-16    2.5990233758E-09    4.3595019810E-15    7.1138739007E-11   -9.9247553615E-17   -9.1038847365E-16
    -1.4005547853E-14    4.3595019810E-15    1.4657005278E-08    4.3120998940E-16    1.4012746352E-15    7.7996235171E-16
    -4.1318871304E-17    7.1138739007E-11    4.3120998940E-16    6.4623382741E-09   -4.0251177806E-16    3.0517415249E-14
     3.0637355346E-13   -9.9247553615E-17    1.4012746352E-15   -4.0251177806E-16    1.2968076650E-10   -3.7012882606E-17
     1.0218098386E-17   -9.1038847365E-16    7.7996235171E-16    3.0517415249E-14   -3.7012882606E-17    6.2370535717E-10

 The Generalized Shear Center of the Cross Section in the User Coordinate System
 ========================================================

  Xs2 =   -6.6726619857E-08
  Xs3 =    1.1008204150E-02
